212 213 214 215 216
0 2 3 6 17 18 20 25 26 41 44 48 52 53 56 58 59 62 63 64 65 66 67 68 69 70 72 73 74 75 79 80 81 82 84 85 86 88 90 91 93 95 96 114 115 116 117 119 120 121 122 125 126 128 130 131 149 151 152 154 155 156 161 162 164 166 167 169
22 24 25 26 35 36 37 38 39 40 44 48 52 53 56 60 61 62 63 64 65 66 67 68 69 70 72 73 74 75 76 97 98 99 100 102 103 105 110 112 113 132 133 134 135 137 138 140 144 147 148 199 203 204 206 207 209 211
7 8 9 10 11 12 14 22 23 25 26 41 44 52 53 56 58 59 62 63 64 65 66 67 68 69 70 72 73 74 75 97 98 99 100 102 103 104 105 106 107 111 112 113 132 133 134 135 137 138 139 140 141 145 146 147 148 170 171 172 173 181
217 218 219 220 221 222 223 224 225 226
0 2 5 6 17 18 20 25 26 41 43 44 47 48 50 51 52 53 56 58 59 62 63 64 65 66 67 68 69 70 71 72 73 74 75 79 80 81 82 83 84 85 86 88 90 91 93 94 95 96 114 115 116 117 118 119 120 121 122 125 126 128 129 130 131 149 151 152 154 155 156 159 164 165 167 169
22 24 25 26 35 36 37 39 40 44 47 48 49 52 53 56 60 61 62 63 64 65 66 67 68 69 70 72 73 74 75 76 97 98 99 100 102 103 104 105 109 110 112 113 132 133 134 135 137 138 139 140 143 144 147 148 199 200 201 203 204 206 207 209 211
17 18 21 25 26 29 30 31 32 33 34 44 48 52 53 56 60 61 62 63 64 65 66 67 68 69 70 72 73 74 75 76 79 80 81 82 84 85 88 91 95 96 114 115 116 117 119 120 122 126 130 131 186 190 191 193 194 196 198
0 4 17 18 20 25 26 41 44 52 53 56 58 59 62 63 64 65 66 67 68 69 70 72 73 74 75 79 80 81 82 84 85 88 92 93 95 96 114 115 116 117 119 120 122 127 128 130 131 149 151 152 154 155 156 164 169
22 24 25 26 35 36 37 38 39 44 48 49 52 53 56 60 61 62 63 64 65 66 67 68 69 70 72 73 74 75 76 97 98 99 100 102 103 105 110 112 113 132 133 134 135 137 138 140 144 147 148 199 203 204 206 209 211
22 24 25 26 27 28 35 38 44 46 47 48 52 53 56 60 61 62 63 64 65 66 67 68 69 70 72 73 74 75 76 78 97 98 99 100 102 103 104 105 109 110 111 112 113 132 133 134 135 137 138 139 140 143 144 145 147 148 199 203 204 207 209 211
0 16 17 18 20 25 26 27 28 41 44 46 52 53 56 58 59 62 63 64 65 66 67 68 69 70 72 73 74 75 114 115 116 117 119 120 122 126 128 130 131 149 151 152 154 155 156 158 164 165 167 169
7 8 9 11 12 22 23 25 26 41 44 47 49 52 53 56 58 59 62 63 64 65 66 67 68 69 70 72 73 74 75 97 98 99 100 102 103 104 106 107 112 113 132 133 134 135 137 138 139 141 146 147 148 170 171 172 173 174 181 182
7 22 23 25 26 41 44 54 56 58 59 62 63 65 66 67 69 73 74 75 97 98 99 100 112 113 132 133 134 147 148 170 175 176
22 24 25 26 35 36 37 39 44 48 52 53 56 60 61 62 63 64 65 66 67 68 69 70 72 73 74 75 76 78 97 98 99 100 102 103 104 105 109 111 112 113 132 133 134 135 137 138 139 140 143 145 147 148 199 200 203 204 206 209 211
7 8 10 11 12 13 22 23 25 26 41 44 49 52 53 56 58 59 62 63 64 65 66 67 68 69 70 72 73 74 75 97 98 99 100 102 103 105 106 107 110 112 113 132 133 134 135 137 138 140 141 144 146 147 148 170 171 172 173 174 181 182 184
22 24 25 26 35 36 37 40 44 47 48 50 51 52 53 56 60 61 62 63 64 65 66 67 68 69 70 71 72 73 74 75 76 77 97 98 99 100 101 102 103 104 105 109 110 112 113 132 133 134 135 136 137 138 139 140 143 144 147 148 199 203 204 207 208 209 210 211
0 2 3 4 6 17 18 20 25 26 41 44 48 52 53 56 58 59 62 63 64 65 66 67 68 69 70 72 73 74 75 79 80 81 82 84 85 86 88 90 91 92 93 95 96 114 115 116 117 119 120 121 122 125 126 127 128 130 131 149 151 152 154 155 156 159 164 165 167 169
22 24 25 26 35 36 37 44 52 53 56 60 61 62 63 64 65 66 67 68 69 70 72 73 74 75 76 78 97 98 99 100 102 103 105 111 112 113 132 133 134 135 137 138 140 145 147 148 199 200 203 204
0 2 3 17 18 20 25 26 41 44 47 49 52 53 56 58 59 62 63 64 65 66 67 68 69 70 72 73 74 75 79 80 81 82 84 85 86 88 93 94 95 96 114 115 116 117 119 120 121 122 128 129 130 131 149 151 152 154 155 156 157 164 165 169
7 8 9 10 11 12 14 22 23 25 26 41 44 52 53 56 58 59 62 63 64 65 66 67 68 69 70 72 73 74 75 97 98 99 100 102 103 104 105 106 107 109 110 111 112 113 132 133 134 135 137 138 139 140 141 143 144 145 146 147 148 170 171 172 173 176 181 182 184
17 18 21 25 26 29 30 31 33 34 44 47 48 49 52 53 56 60 61 62 63 64 65 66 67 68 69 70 72 73 74 75 76 79 80 81 82 84 85 86 88 90 91 95 96 114 115 116 117 119 120 121 122 125 126 130 131 186 187 188 190 191 193 194 196 198
22 24 25 26 35 40 44 54 56 60 61 62 63 65 66 67 69 73 74 75 76 97 98 99 100 112 113 132 133 134 147 148 199 207 208
0 1 5 17 18 19 20 25 26 41 42 43 44 45 50 51 56 58 59 62 63 64 65 66 67 69 71 72 73 74 75 79 80 81 82 83 95 96 149 150
0 2 3 4 5 6 17 18 20 25 26 41 43 44 48 50 51 52 53 56 58 59 62 63 64 65 66 67 68 69 70 71 72 73 74 75 79 80 81 82 83 84 85 86 88 90 91 92 93 94 95 96 114 115 116 117 118 119 120 121 122 125 126 127 128 129 130 131 149 151 152 154 155 156 158 160 163 164 165 167 168 169
0 2 6 17 18 20 25 26 41 44 48 49 52 53 56 58 59 62 63 64 65 66 67 68 69 70 72 73 74 75 79 80 81 82 84 85 88 91 93 95 96 114 115 116 117 119 120 122 126 128 130 131 149 151 152 153 154 155 156 157 164 165 167 169
17 18 21 25 26 29 30 31 44 52 53 56 60 61 62 63 64 65 66 67 68 69 70 72 73 74 75 76 78 79 80 81 82 84 85 88 92 95 96 114 115 116 117 119 120 122 127 130 131 186 187 190 191
7 8 9 10 11 12 22 23 25 26 41 44 52 53 56 58 59 62 63 64 65 66 67 68 69 70 72 73 74 75 97 98 99 100 102 103 104 105 106 107 109 110 112 113 132 133 134 135 137 138 139 140 141 143 144 146 147 148 170 171 172 173 178 179 181 183 184
17 18 21 25 26 29 30 31 34 44 47 48 50 51 52 53 56 60 61 62 63 64 65 66 67 68 69 70 71 72 73 74 75 76 77 79 80 81 82 83 84 85 86 88 90 91 95 96 114 115 116 117 118 119 120 121 122 125 126 130 131 186 190 191 194 195 196 197 198
17 18 21 25 26 27 28 29 32 44 46 47 48 52 53 56 60 61 62 63 64 65 66 67 68 69 70 72 73 74 75 76 78 79 80 81 82 84 85 86 88 90 91 92 95 96 114 115 116 117 119 120 121 122 125 126 127 130 131 186 190 191 194 196 198
0 2 3 6 17 18 20 25 26 41 44 47 48 49 52 53 56 58 59 62 63 64 65 66 67 68 69 70 72 73 74 75 79 80 81 82 84 85 86 88 90 91 93 94 95 96 114 115 116 117 119 120 121 122 125 126 128 129 130 131 149 151 152 154 155 156 157 158 164 165 167 169
7 8 10 13 14 15 22 23 25 26 27 28 41 43 44 46 47 50 51 52 53 56 58 59 62 63 64 65 66 67 68 69 70 71 72 73 74 75 97 98 99 100 101 102 103 104 105 106 107 109 110 111 112 113 132 133 134 135 136 137 138 139 140 141 143 144 145 146 147 148 170 171 172 173 176 181 182 184
0 2 5 6 16 17 18 20 25 26 27 28 41 43 44 46 47 48 51 52 53 56 58 59 62 63 64 65 66 67 68 69 70 71 72 73 74 75 114 115 116 117 118 119 122 130 131 149 151 152 154 155 169
218 219 222 223 224 225 226 227 228
0 5 16 17 18 20 25 26 41 43 44 50 51 56 58 59 62 63 64 65 66 67 69 71 72 73 74 75 114 115 116 118 119 121 130 131 149 153 154 169
22 24 25 26 35 36 37 44 48 52 53 56 60 61 62 63 64 65 66 67 68 69 70 72 73 74 75 76 78 97 98 99 100 102 103 104 105 111 112 113 132 133 134 135 137 138 139 140 145 147 148 199 200 203 204 211
17 18 21 25 26 29 30 31 32 33 44 48 49 52 53 56 60 61 62 63 64 65 66 67 68 69 70 72 73 74 75 76 79 80 81 82 84 85 88 91 95 96 114 115 116 117 119 120 122 126 130 131 186 190 191 193 196 198
17 18 21 25 26 29 44 47 48 49 50 51 52 53 56 60 61 62 63 64 65 66 67 68 69 70 71 72 73 74 75 76 77 79 80 81 82 83 84 85 87 89 95 96 114 115 116 117 118 119 120 123 124 130 131 186 187 188 189 192 197 198
0 2 5 6 16 17 18 20 25 26 27 28 41 43 44 47 48 50 51 52 53 55 56 57 58 59 62 63 64 65 66 67 68 69 70 71 72 73 74 75 114 115 116 117 118 119 122 130 131 149 151 152 154 155 156 169
17 18 21 25 26 29 30 31 44 48 52 53 56 60 61 62 63 64 65 66 67 68 69 70 72 73 74 75 76 78 79 80 81 82 84 85 86 88 92 95 96 114 115 116 117 119 120 121 122 127 130 131 186 187 190 191 198
22 24 25 26 35 44 47 48 49 50 51 52 53 56 60 61 62 63 64 65 66 67 68 69 70 71 72 73 74 75 76 77 97 98 99 100 101 102 103 106 108 112 113 132 133 134 135 136 137 138 141 142 147 148 199 200 201 202 205 210 211
7 11 12 14 22 23 25 26 41 44 52 53 56 58 59 62 63 64 65 66 67 68 69 70 72 73 74 75 97 98 99 100 102 103 105 106 107 111 112 113 132 133 134 135 137 138 140 141 145 146 147 148 170 171 172 173 181
17 18 21 25 26 29 34 44 54 56 60 61 62 63 65 66 67 69 73 74 75 76 79 80 81 82 95 96 114 115 116 130 131 186 194 195
7 11 12 13 22 23 25 26 41 44 52 53 56 58 59 62 63 64 65 66 67 68 69 70 72 73 74 75 97 98 99 100 102 103 105 106 107 110 112 113 132 133 134 135 137 138 140 141 144 146 147 148 170 171 172 173 174 181 182 184
7 8 9 10 11 12 14 15 22 23 25 26 41 43 44 50 51 52 53 56 58 59 62 63 64 65 66 67 68 69 70 71 72 73 74 75 97 98 99 100 101 102 103 104 105 106 107 109 110 111 112 113 132 133 134 135 136 137 138 139 140 141 143 144 145 146 147 148 170 171 172 173 175 177 180 181 182 184 185
0 2 3 4 6 17 18 20 25 26 41 44 48 52 53 56 58 59 62 63 64 65 66 67 68 69 70 72 73 74 75 79 80 81 82 84 85 86 88 92 93 95 96 114 115 116 117 119 120 121 122 127 128 130 131 149 151 152 154 155 156 164 169
7 8 9 10 11 12 22 23 25 26 41 44 47 49 52 53 56 58 59 62 63 64 65 66 67 68 69 70 72 73 74 75 97 98 99 100 102 103 104 105 106 107 109 110 112 113 132 133 134 135 137 138 139 140 141 143 144 146 147 148 170 171 172 173 174 175 181 182 184
17 18 21 25 26 29 30 31 33 44 48 52 53 56 60 61 62 63 64 65 66 67 68 69 70 72 73 74 75 76 78 79 80 81 82 84 85 86 88 90 92 95 96 114 115 116 117 119 120 121 122 125 127 130 131 186 187 190 191 193 196 198
0 17 18 20 25 26 41 44 52 53 56 58 59 62 63 64 65 66 67 68 69 70 72 73 74 75 79 80 81 82 84 85 88 91 93 95 96 114 115 116 117 119 120 122 126 128 130 131 149 151 152 153 154 155 156 157 164 165 167 169
0 2 4 6 17 18 20 25 26 27 28 41 44 46 47 48 52 53 56 58 59 62 63 64 65 66 67 68 69 70 72 73 74 75 79 80 81 82 84 85 86 88 90 91 92 93 95 96 114 115 116 117 119 120 121 122 125 126 127 128 130 131 149 153 154 155 156 159 164 165 167 169
0 17 18 20 25 26 41 44 54 56 58 59 62 63 65 66 67 69 73 74 75 79 80 81 82 95 96 114 115 116 130 131 149 158 159
