170.040772915
269.161252975
340.379633904
395.424010992
433.274597883
467.811888933
492.945923805
511.481814861
528.637609005
543.231447935
554.237951994
564.211233854
573.390879869
580.991704941
587.013025999
591.826004982
596.662580013
600.697752953
604.211345911
607.333765984
610.055228949
612.927121878
615.600289822
618.154233932
620.643283844
622.193018913
623.575747967
624.931389809
626.256428957
627.577811956
628.88674283
630.339598894
631.549975872
632.642125845
633.712565899
634.934070826
636.10334897
637.160303831
638.16358304
638.976528883
639.802860022
640.615001917
641.390543938
642.355628014
643.312251806
644.15508604
644.952261925
645.632660866
646.309448004
646.976972818
647.698119879
648.657583952
649.396306992
649.993945837
650.510627031
651.025540829
651.539984941
652.05138588
652.638182878
653.23463583
653.759976864
654.352881908
655.061858892
655.631431818
656.111173868
656.588157892
656.65931797
