24 28 37 42 55 61 62
1 9 44 59
49
24 30 38 41 51 57 62
24 28 37 42 55 60 62
1
24 26 39 53
1 5 37 42 55 60 62
24 31 43 58
14 18 24 33
1 10 64
37 43
24 26 38 53
1 4 38 39 53 54
1 3 39 53
24 27 38 39 53 54
23 24 34 36 46 62 63
37 50
37 48
16 19 20 24 35
24 28 37 42 55 61 62
37 45
1 7 38 41 51 57 62
1 5 37 42 55 61 62
24 28 37 42 55 60 62
24 25
24 29 38 40 56
13 17 24 32
15 21 22 24 26 39 53 66 67 68 69 70
1 5 37 42 55 61 62
1 11 65
24 28 37 42 55 61 62
1 3 38 53
1 5 37 42 55 60 62
37 47
1 6 38 40 56
37 52
1 8 43 58
0 1 5 12 37 42 55 61 62 63
1 2
