3034 3037 3038 3041 3045 3049 3053 3056 3057 3132 3135 3136 3156 3182 3183 3200
2946 2947 2950 2951 2953 2956 2957 2958 2961 2979 2980 2981 3034 3037 3038 3041 3045 3049 3053 3056 3060 3071 3132 3135 3136 3156 3182 3183 3184 3185 3186 3187 3194 3195 3200
467 471 472 473 474 475 476 477 478 479 481 487 492 493 494 495 496 497 498 499 500 501 504 508 512 514 524 528 529 530 531 538 539 540 541 544 545 546 549 550 553 555 556 559 560 563 569 570 572 573 578 579 580 583 584 585 586 587 593 594 596 638 642 644 645 646 649 652 672 675 676 677 679 680 683 687 690 691 692 696 697 698 699 700 701 702 705 708 711 774 777 779 780 782 1006 1008 1011 1014 1017 1019 1022 1026 2497 2499 2503 2506 2507 2508 2509 2510 2513 2515 2521 2522 2523 2524 2525 2555 2558 2559 2560 2562 2563 2564 2567 2568 2569 2571 2578 2582 2584 2586 2587 2588 2589 2594 2595 2597 2598 2599 2601 2602 2607 2610 2613 2614 2615 2625 2626 2793 2800 2803 2825 2860 2861 2872 2876 2877 2891 2894 2897 2900 2903 3034 3037 3038 3041 3045 3049 3053 3056 3060 3071 3074 3079 3080 3081 3082 3083 3086 3132 3135 3136 3137 3138 3140 3141 3143 3144 3146 3156 3182 3183 3200
2497 2499 2503 2506 2507 2508 2509 2510 2513 2515 2521 2522 2523 2524 2525 2555 2558 2559 2560 2562 2563 2564 2567 2568 2571 2578 2582 2584 2586 2587 2588 2589 2594 2595 2597 2598 2599 2601 2605 2607 2610 2613 2614 2615 2625 2626 2793 2800 2803 2825 2828 2837 2839 2872 2876 2877 2891 2894 2897 2900 2903 3132 3135 3136 3137 3138 3140 3141 3143 3144 3146 3156 3182 3183 3200 3265 3267 3270 3273 3276 3278 3281 3285
1729 1732 1733 1734 1735 1736 1756 1759 1763 1777 1781 1782 1783 1785 1788 1789 1790 1791 1792 1793 1796 1800 1804 1807 1810 1814 1816 1817 1821 2872 2876 2877 2879 2880 2883 2884 2886 2887 2889 2891 2894 2897 2900 2903 3132 3135 3136 3156 3182 3183 3184 3185 3186 3187 3194 3195 3200
467 471 472 473 474 475 476 477 478 479 481 487 492 493 494 495 496 497 498 499 500 501 504 508 524 528 529 530 531 532 538 539 540 541 544 545 546 549 550 553 555 559 560 567 569 570 572 573 578 579 583 584 585 586 587 588 589 590 593 594 596 638 642 644 645 646 649 652 672 675 676 677 679 680 681 683 687 690 691 692 696 697 705 706 711 3034 3037 3038 3041 3045 3049 3053 3056 3060 3071 3074 3079 3080 3081 3082 3083 3086 3132 3135 3136 3137 3138 3140 3141 3143 3144 3146 3156 3182 3183 3200
2497 2499 2503 2506 2507 2508 2509 2510 2513 2515 2521 2522 2523 2524 2525 2555 2558 2559 2560 2562 2563 2564 2567 2568 2571 2578 2582 2584 2586 2587 2588 2589 2594 2595 2597 2598 2599 2601 2605 2607 2610 2613 2614 2615 2625 2626 2793 2800 2803 2825 2828 2837 2842 2846 2847 2872 2876 2877 2891 2894 2897 2900 2903 3132 3135 3136 3137 3138 3140 3141 3143 3144 3146 3156 3182 3183 3200 3265 3267 3270 3273 3276 3278 3281 3285
131 132 133 134 135 136 137 161 165 166 168 171 184 226 230 231 232 233 234 236 239 240 291 292 293 296 303 306 307 308 309 312 314 317 321 1729 1732 1733 1734 1735 1736 1742 1743 1756 1759 1763 1777 1781 1782 1783 1785 1788 1800 1804 1807 1810 1814 1816 1817 1821 2669 2675 2678 2713 2738 2872 2876 2877 2879 2880 2883 2884 2886 2887 2889 2891 2894 2897 2900 2903 2946 2947 2950 2951 2953 2956 2957 2958 2961 2962 3034 3037 3038 3039 3041 3045 3049 3053 3056 3060 3071 3132 3135 3136 3156 3182 3183 3184 3185 3186 3187 3194 3195 3200
3034 3037 3038 3041 3045 3049 3050 3132 3135 3136 3156 3182 3183 3200
1243 1246 1247 1248 1249 1270 1274 1275 1276 1277 1279 1282 1285 1307 1312 1313 1358 1360 1365 1368 1369 1370 1373 1375 1376 1378 1380 1381 1385 1389 1391 2075 2078 2081 2084 2088 2090 2669 2675 2678 2679 2683 2694 2696 2705 2713 2738 2752 2759 2762 2776 2790 2872 2876 2877 2891 2894 2897 2900 2903 3034 3037 3038 3041 3045 3049 3053 3056 3060 3071 3132 3135 3136 3156 3182 3183 3200
828 830 833 834 835 849 853 854 856 870 879 883 884 885 921 924 925 929 931 933 934 938 940 1061 1063 1066 1068 1069 1090 1092 1095 1097 1100 1102 1105 1107 1110 1113 1114 1116 1121 1123 1126 1128 1131 1133 1134 1136 1141 1143 1146 1148 1151 1153 1154 1156 1161 1163 1164 1166 1171 1173 1174 1176 1181 1183 1184 2287 2288 2291 2294 2295 2296 2302 2306 2307 2308 2311 2312 2331 2336 2337 2338 2341 2342 2343 2344 2346 2347 2348 2349 2350 2351 2352 2353 2354 2355 2356 2357 2358 2359 2360 2361 2362 2363 2364 2365 2374 2375 2376 2380 2381 2382 2384 2385 2386 2388 2389 2390 2392 2398 2400 2401 2402 2403 2409 2411 2412 2417 2420 2422 2669 2675 2678 2713 2738 2752 2759 2762 2776 2790 2872 2876 2877 2891 2892 2894 2897 2900 2903 3034 3037 3038 3041 3042 3045 3049 3053 3056 3060 3071 3132 3135 3136 3156 3182 3183 3184 3185 3186 3187 3194 3197 3200
1243 1246 1247 1248 1249 1270 1274 1275 1276 1277 1279 1282 1285 1307 1312 1313 1358 1360 1365 1368 1369 1370 1373 1375 1376 1378 1380 1381 1385 1389 1391 2048 2049 2052 2054 2057 2060 2669 2675 2678 2679 2683 2685 2692 2872 2876 2877 2891 2894 2897 2900 2903 3132 3135 3136 3156 3182 3183 3200
1729 1732 1733 1734 1735 1736 1756 1759 1763 1777 1781 1782 1783 1785 1788 1800 1804 1807 1810 1814 1816 1817 1821 2872 2876 2877 2879 2880 2883 2884 2886 2887 2889 2891 2894 2897 2900 2903 3132 3135 3136 3156 3182 3183 3184 3185 3186 3187 3194 3195 3200
2946 2947 2950 2951 2953 2956 2957 2958 2961 2979 2980 2981 3034 3037 3038 3041 3045 3049 3053 3056 3060 3071 3132 3135 3136 3156 3182 3183 3184 3185 3186 3187 3194 3195 3200
1729 1732 1733 1734 1735 1736 1756 1759 1763 1777 1781 1782 1783 1785 1788 1789 1790 1791 1792 1793 1800 1804 1805 1807 1810 1814 1816 1817 1819 1821 2872 2876 2877 2879 2880 2883 2884 2886 2887 2889 2891 2894 2897 2900 2903 3034 3037 3038 3041 3045 3049 3053 3056 3060 3071 3132 3135 3136 3156 3182 3183 3184 3185 3186 3187 3194 3195 3200
1729 1732 1733 1734 1735 1736 1756 1759 1763 1777 1781 1782 1783 1785 1788 1800 1804 1807 1810 1814 1816 1817 1821 2872 2876 2877 2879 2880 2883 2884 2886 2887 2889 2891 2894 2897 2900 2903 3132 3135 3136 3156 3182 3183 3184 3185 3186 3187 3194 3195 3200
131 132 133 134 135 136 137 161 165 166 168 171 184 226 230 231 232 233 234 236 291 292 293 296 303 306 307 308 309 312 314 317 321 1729 1732 1733 1734 1735 1736 1756 1759 1763 1777 1781 1782 1783 1785 1788 1789 1790 1791 1792 1793 1800 1804 1807 1810 1814 1816 1817 1821 2872 2876 2877 2879 2880 2883 2884 2886 2887 2889 2891 2894 2897 2900 2903 3034 3037 3038 3039 3041 3045 3049 3053 3056 3060 3071 3132 3135 3136 3156 3182 3183 3184 3185 3186 3187 3194 3195 3200
131 132 133 134 135 136 137 140 144 145 146 147 148 149 152 155 158 161 165 166 168 171 174 245 250 251 252 253 256 291 292 293 296 324 328 1729 1732 1733 1734 1735 1736 1756 1759 1763 1777 1781 1782 1783 1785 1788 1789 1790 1791 1792 1793 1800 1804 1805 1807 1810 1814 1816 1819 1821 1826 1830 1831 1839 1840 2872 2876 2877 2879 2880 2883 2884 2886 2889 2891 2894 2897 2900 2903 2946 2947 2950 2951 2953 2956 2957 2958 2961 2979 2980 2981 3034 3037 3038 3039 3041 3045 3049 3053 3056 3060 3071 3132 3135 3136 3156 3182 3183 3184 3185 3186 3187 3194 3195 3200
1729 1732 1733 1734 1735 1736 1756 1759 1763 1777 1781 1782 1783 1785 1788 1789 1790 1791 1792 1793 1800 1804 1807 1810 1814 1816 1817 1821 2872 2876 2877 2879 2880 2883 2884 2886 2887 2889 2891 2894 2897 2900 2903 3132 3135 3136 3156 3182 3183 3184 3185 3186 3187 3194 3195 3200
2497 2499 2503 2506 2507 2508 2509 2510 2513 2515 2521 2522 2523 2524 2525 2555 2558 2559 2560 2562 2563 2564 2567 2568 2571 2578 2582 2584 2586 2587 2588 2589 2594 2595 2597 2598 2599 2601 2605 2607 2610 2613 2614 2615 2625 2626 2793 2800 2803 2825 2828 2837 2842 2843 2872 2876 2877 2891 2894 2897 2900 2903 3132 3135 3136 3137 3138 3140 3141 3143 3144 3146 3156 3182 3183 3200 3222 3224 3227 3230 3233 3235 3238 3242
1916 1918 1924 1925 1926 1927 1928 1931 1933 1936 1939 2872 2876 2877 2891 2894 2895 3132 3135 3136 3156 3182 3183 3200
3028 3030 3034 3037 3038 3041 3045 3049 3053 3056 3060 3062 3063 3067 3069 3071 3132 3135 3136 3156 3157 3158 3159 3160 3161 3162 3175 3180 3182 3183 3200
1243 1246 1247 1248 1249 1270 1274 1275 1276 1277 1279 1282 1285 1307 1312 1313 1648 1649 1654 1657 1658 1659 1660 1662 1663 1665 1667 1668 1672 1674 1882 1885 1888 1891 1895 1897 2669 2675 2678 2713 2714 2724 2727 2730 2735 2872 2876 2877 2891 2894 2897 2900 2903 3132 3135 3136 3156 3182 3183 3200
1243 1246 1247 1248 1249 1270 1274 1275 1276 1277 1279 1282 1285 1307 1312 1313 1648 1649 1654 1657 1658 1659 1660 1662 1663 1665 1667 1668 1672 1674 2438 2439 2442 2445 2447 2450 2453 2669 2675 2678 2713 2714 2715 2720 2872 2876 2877 2891 2894 2897 2900 2903 3132 3135 3136 3156 3182 3183 3200

3028 3030 3034 3037 3038 3041 3045 3049 3053 3056 3060 3062 3063 3067 3069 3071 3132 3135 3136 3156 3157 3158 3159 3160 3161 3162 3175 3180 3182 3183 3200
828 830 833 834 835 849 853 854 856 870 889 895 896 897 921 924 925 929 931 933 934 938 940 1090 1092 1110 1113 1114 1116 1181 1183 1184 2287 2288 2291 2294 2295 2296 2302 2306 2307 2308 2309 2311 2312 2331 2336 2337 2341 2342 2343 2344 2346 2347 2348 2349 2350 2351 2352 2353 2354 2355 2356 2357 2358 2359 2360 2361 2362 2363 2364 2365 2374 2375 2376 2380 2381 2382 2398 2400 2401 2402 2403 2409 2411 2412 2417 2420 2422 2669 2675 2678 2713 2738 2752 2759 2762 2776 2790 2872 2876 2877 2891 2892 2894 2897 2900 2903 3034 3037 3038 3041 3042 3045 3049 3053 3056 3060 3071 3132 3135 3136 3156 3182 3183 3184 3185 3186 3187 3194 3197 3200
17 22 23 24 25 28 42 43 71 74 75 76 77 2946 2947 2950 2951 2953 2956 2957 2958 2961 2962 2979 2980 2981 3034 3037 3038 3041 3045 3049 3053 3056 3060 3071 3132 3135 3136 3156 3182 3183 3184 3185 3186 3187 3194 3195 3200
3034 3037 3038 3041 3045 3049 3053 3056 3060 3071 3132 3135 3136 3156 3182 3183 3200
131 132 133 134 135 136 137 161 165 166 168 171 184 226 230 231 232 233 234 236 291 292 293 296 303 306 307 308 309 312 314 317 321 3034 3037 3038 3039 3041 3045 3049 3053 3056 3060 3071 3132 3135 3136 3156 3182 3183 3184 3185 3186 3187 3194 3195 3200
1433 1435 1440 1444 1445 1446 1448 1449 1451 1452 1454 1456 1457 1458 1459 1461 1462 1466 1470 1472 1481 1489 1490 1535 1538 1539 1540 1541 1562 1566 1567 1568 1570 1573 1574 1576 1577 1579 1582 1606 1611 1612 1613 1615 1618 2017 2020 2023 2026 2030 2032 2752 2759 2762 2763 2767 2772 2872 2876 2877 2891 2894 2897 2900 2903 3132 3135 3136 3156 3182 3183 3200
2946 2947 2950 2951 2953 2956 2957 2958 2961 2979 2980 2981 3034 3037 3038 3041 3045 3049 3053 3056 3060 3071 3132 3135 3136 3156 3182 3183 3184 3185 3186 3187 3194 3195 3200
1243 1246 1247 1248 1249 1270 1274 1275 1276 1277 1279 1282 1285 1307 1312 1313 1358 1360 1365 1368 1369 1370 1373 1375 1376 1378 1380 1381 1385 1389 1391 2141 2142 2145 2148 2150 2153 2156 2669 2675 2678 2679 2683 2685 2687 2688 2741 2742 2743 2872 2876 2877 2891 2894 2897 2900 2903 3132 3135 3136 3156 3182 3183 3200
1243 1246 1247 1248 1249 1270 1274 1275 1276 1277 1279 1282 1285 1307 1312 1313 1648 1649 1654 1657 1658 1659 1660 1662 1663 1665 1667 1668 1672 1674 1882 1885 1888 1891 1895 1897 2669 2675 2678 2713 2714 2724 2727 2728 2872 2876 2877 2891 2894 2897 2900 2903 3132 3135 3136 3156 3182 3183 3200
1729 1732 1733 1734 1735 1736 1756 1759 1763 1777 1781 1782 1783 1785 1788 1789 1790 1791 1792 1793 1800 1804 1807 1810 1814 1816 1817 1821 2872 2876 2877 2879 2880 2883 2884 2886 2887 2889 2891 2894 2897 2900 2903 3132 3135 3136 3156 3182 3183 3184 3185 3186 3187 3194 3195 3200
467 471 472 473 474 475 476 477 478 479 481 487 492 493 494 495 496 497 498 499 500 501 504 508 524 528 529 530 531 532 538 539 540 541 544 555 559 560 567 569 570 572 573 578 579 583 584 585 596 638 642 644 645 646 649 652 672 675 676 677 679 680 683 687 690 691 692 696 697 705 706 711 2669 2675 2678 2713 2738 2752 2759 2762 2776 2790 2872 2876 2877 2891 2894 2897 2900 2903 3034 3037 3038 3041 3045 3049 3053 3056 3060 3071 3074 3079 3080 3081 3082 3083 3086 3132 3135 3136 3137 3138 3140 3141 3143 3144 3146 3156 3182 3183 3200
2946 2947 2951
131 132 133 134 135 136 137 140 144 145 146 147 148 149 152 155 158 161 165 166 168 171 174 210 212 226 230 239 240 291 292 293 296 324 328 2946 2947 2950 2951 2953 2956 2957 2958 2961 2979 2980 2981 3034 3037 3038 3039 3041 3045 3049 3053 3056 3060 3071 3132 3135 3136 3156 3182 3183 3184 3185 3186 3187 3194 3195 3200
467 471 472 473 474 475 476 477 478 479 481 487 492 493 494 495 496 497 498 499 500 501 504 508 524 528 529 530 531 532 538 539 540 541 544 545 546 549 550 553 555 559 560 567 569 570 572 573 578 579 583 584 585 586 587 593 594 596 627 629 3034 3037 3038 3041 3045 3049 3053 3056 3060 3071 3074 3079 3080 3081 3082 3083 3086 3132 3135 3136 3137 3138 3140 3141 3143 3144 3146 3156 3182 3183 3200
3028 3030 3034 3037 3038 3041 3045 3049 3053 3056 3060 3062 3063 3067 3069 3071 3132 3135 3136 3156 3157 3158 3159 3160 3161 3162 3175 3180 3182 3183 3200
467 471 472 473 474 475 476 477 478 479 481 487 492 493 494 495 496 497 498 499 500 501 504 508 524 528 529 530 531 538 539 540 541 544 555 556 559 560 563 569 570 572 573 578 579 583 584 585 596 638 642 644 645 646 649 652 672 675 676 677 679 680 683 687 690 691 692 693 694 711 3074 3079 3080 3081 3082 3083 3086 3132 3135 3136 3137 3138 3140 3141 3143 3144 3146 3156 3182 3183 3200
1243 1246 1247 1248 1249 1270 1274 1275 1276 1277 1279 1282 1285 1307 1312 1313 1648 1649 1654 1657 1658 1659 1660 1662 1663 1665 1667 1668 1672 1674 2231 2232 2235 2237 2240 2243 2669 2675 2678 2713 2714 2724 2725 2872 2876 2877 2891 2894 2897 2900 2903 3132 3135 3136 3156 3182 3183 3200
131 132 133 134 135 136 137 161 165 166 168 171 184 270 273 274 277 278 282 291 292 293 296 324 328 2946 2947 2950 2951 2953 2956 2957 2958 2961 2979 2980 2981 3034 3037 3038 3039 3041 3045 3049 3053 3056 3060 3071 3132 3135 3136 3156 3182 3183 3184 3185 3186 3187 3194 3195 3200
828 830 833 834 835 849 853 854 856 857 858 879 883 884 885 921 924 925 926 927 931 933 934 935 936 940 1090 1092 1095 1097 1100 1102 1105 1107 1110 1113 1114 1116 1121 1123 1126 1128 1131 1133 1134 1136 1141 1143 1146 1148 1151 1153 1154 1156 1171 1173 1174 1176 1181 1183 1184 2287 2288 2291 2294 2295 2296 2302 2306 2307 2308 2311 2312 2331 2336 2337 2338 2341 2342 2343 2344 2346 2347 2348 2349 2350 2351 2352 2353 2354 2355 2356 2357 2358 2359 2360 2361 2362 2363 2364 2365 2374 2375 2376 2380 2381 2382 2384 2385 2386 2388 2389 2390 2398 2400 2401 2402 2403 2409 2411 2412 2417 2420 2422 2872 2876 2877 2891 2892 2894 2897 2900 2903 3034 3037 3038 3041 3042 3045 3049 3053 3056 3060 3071 3132 3135 3136 3156 3182 3183 3184 3185 3186 3187 3194 3197 3200
1243 1246 1247 1248 1249 1270 1274 1275 1276 1277 1279 1282 1285 1307 1312 1313 1358 1360 1365 1368 1369 1370 1373 1375 1376 1378 1380 1381 1385 1389 1391 1981 1983 1986 1989 1999 2001 2002 2669 2675 2678 2679 2680 2872 2876 2877 2891 2894 2897 2900 2903 3132 3135 3136 3156 3182 3183 3200


1861 1863 1866 2872 2876 2877 2891 2894 2897 2900 2901 3132 3135 3136 3156 3182 3183 3200
3132 3135 3136 3156 3182 3183 3184 3185 3186 3187 3194 3195
131 132 133 134 135 136 137 140 144 145 146 147 148 149 152 155 158 161 165 166 168 171 184 187 189 190 193 195 215 217 226 230 231 232 233 234 236 291 292 293 296 303 306 307 308 309 310 312 314 317 321 2946 2947 2950 2951 2953 2956 2957 2958 2961 2979 2980 2981 3034 3037 3038 3039 3041 3045 3049 3053 3056 3060 3071 3132 3135 3136 3156 3182 3183 3184 3185 3186 3187 3194 3195 3200
828 830 833 834 835 849 853 854 856 870 879 883 884 885 921 924 925 929 931 933 934 938 940 1090 1092 1110 1113 1114 1116 1181 1183 1184 2287 2288 2291 2294 2295 2296 2302 2306 2307 2308 2311 2312 2331 2336 2337 2338 2341 2342 2343 2344 2346 2347 2348 2349 2350 2351 2352 2353 2354 2355 2356 2357 2358 2359 2360 2361 2362 2363 2364 2365 2374 2375 2376 2380 2381 2382 2398 2400 2401 2402 2403 2409 2411 2412 2417 2420 2422 2669 2675 2678 2713 2738 2752 2759 2762 2776 2790 2872 2876 2877 2891 2892 2894 2897 2900 2903 3034 3037 3038 3041 3042 3045 3049 3053 3056 3060 3071 3132 3135 3136 3156 3182 3183 3184 3185 3186 3187 3194 3197 3200
131 132 133 134 135 136 137 140 144 145 146 147 148 149 152 155 158 161 165 166 168 171 174 226 230 239 240 291 292 293 296 324 328 2946 2947 2950 2951 2953 2956 2957 2958 2961 2979 2980 2981 3034 3037 3038 3039 3041 3045 3049 3053 3056 3060 3071 3132 3135 3136 3156 3182 3183 3184 3185 3186 3187 3194 3195 3200
1433 1435 1440 1444 1445 1446 1448 1449 1451 1452 1454 1456 1457 1461 1462 1466 1470 1472 1535 1538 1539 1540 1541 1562 1566 1567 1568 1570 1573 1574 1576 1577 1579 1582 1606 1611 1612 1613 1615 1618 2104 2106 2109 2117 2119 2120 2123 2126 2752 2759 2762 2763 2764 2872 2876 2877 2891 2894 2897 2900 2903 3132 3135 3136 3156 3182 3183 3200
1243 1246 1247 1248 1249 1270 1274 1275 1276 1277 1279 1282 1285 1307 1312 1313 1358 1360 1365 1368 1369 1370 1373 1375 1376 1378 1380 1381 1385 1389 1391 2075 2078 2081 2084 2088 2090 2669 2675 2678 2679 2683 2694 2696 2705 2872 2876 2877 2891 2894 2897 2900 2903 3132 3135 3136 3156 3182 3183 3200
1729 1732 1733 1734 1735 1736 1756 1759 1763 1777 1781 1782 1783 1785 1788 1789 1790 1791 1792 1793 1800 1804 1805 1807 1810 1814 1816 1817 1819 1821 2872 2876 2877 2879 2880 2883 2884 2886 2887 2889 2891 2894 2897 2900 2903 3034 3037 3038 3041 3045 3049 3053 3056 3060 3071 3132 3135 3136 3156 3182 3183 3184 3185 3186 3187 3194 3195 3200
1243 1246 1247 1248 1249 1270 1274 1275 1276 1277 1279 1282 1285 1307 1312 1313 1358 1360 1365 1368 1369 1370 1373 1375 1376 1378 1380 1381 1385 1389 1391 2171 2174 2177 2180 2184 2191 2193 2194 2669 2675 2678 2679 2683 2694 2696 2700 2701 2741 2742 2743 2872 2876 2877 2891 2894 2897 2900 2903 3132 3135 3136 3156 3182 3183 3200
1105 1107 1110 1113 1114 1116 1181 1183 1184
467 471 472 473 474 475 476 477 478 479 481 487 492 493 494 495 496 497 498 499 500 501 504 508 524 528 529 530 531 532 538 539 540 541 544 555 556 559 560 563 567 569 570 572 573 578 579 583 584 585 596 638 642 644 645 646 649 652 672 675 676 677 679 680 683 687 690 691 692 696 697 698 699 700 701 702 705 706 711 774 777 779 780 782 1006 1008 1011 1014 1017 1019 1022 1026 2497 2499 2503 2506 2507 2508 2509 2510 2513 2515 2517 2521 2522 2523 2524 2525 2555 2558 2559 2560 2562 2563 2564 2567 2568 2571 2578 2582 2584 2586 2587 2588 2589 2594 2595 2597 2598 2599 2601 2605 2607 2610 2611 2613 2614 2615 2625 2626 2793 2800 2803 2825 2828 2829 2832 2837 2842 2843 2846 2850 2855 2860 2861 2872 2876 2877 2891 2894 2897 2900 2903 3034 3037 3038 3041 3045 3049 3053 3056 3060 3071 3074 3079 3080 3081 3082 3083 3086 3132 3135 3136 3137 3138 3140 3141 3143 3144 3146 3156 3182 3183 3200 3222 3224 3227 3230 3233 3235 3238 3242
1729 1732 1733 1734 1735 1736 1756 1759 1763 1777 1781 1782 1783 1785 1788 1789 1790 1791 1792 1793 1800 1804 1807 1810 1814 1816 1817 1821 2872 2876 2877 2879 2880 2883 2884 2886 2887 2889 2891 2894 2897 2900 2903 3132 3135 3136 3156 3182 3183 3184 3185 3186 3187 3194 3195 3200

131 132 133 134 135 136 137 140 144 145 146 147 148 149 152 155 158 161 165 166 168 171 174 184 226 230 231 232 233 234 236 291 292 293 296 303 306 307 308 309 312 314 317 321 324 328 3034 3037 3038 3039 3041 3045 3049 3053 3056 3060 3071 3132 3135 3136 3156 3182 3183 3184 3185 3186 3187 3194 3195 3200
1433 1435 1440 1444 1445 1446 1448 1449 1451 1452 1454 1456 1457 1461 1462 1466 1470 1472 1535 1538 1539 1540 1541 1562 1566 1567 1568 1570 1573 1574 1576 1577 1579 1582 1606 1611 1612 1613 1615 1618 1952 1954 1957 1959 1962 1965 2752 2759 2762 2763 2767 2768 2872 2876 2877 2891 2894 2897 2900 2903 3132 3135 3136 3156 3182 3183 3200
131 132 133 134 135 136 137 161 165 166 168 171 184 226 230 239 240 291 292 293 296 3034 3037 3038 3039 3132 3135 3136 3156 3182 3183 3184 3185 3186 3194 3195 3200
467 471 472 473 474 475 476 477 478 479 481 487 492 493 494 495 496 497 498 499 500 501 504 508 524 528 529 530 531 532 538 539 540 541 544 555 556 559 560 563 567 569 570 572 573 578 579 583 584 585 596 638 642 644 645 646 649 652 672 675 676 677 679 680 683 687 690 691 692 696 697 698 699 700 701 702 705 706 711 774 777 779 780 782 2497 2499 2503 2506 2507 2508 2509 2510 2513 2515 2521 2522 2523 2524 2525 2555 2558 2559 2560 2562 2563 2564 2567 2568 2571 2578 2582 2584 2586 2587 2588 2589 2594 2595 2597 2598 2599 2601 2605 2607 2610 2613 2614 2615 2625 2626 2793 2800 2803 2825 2828 2829 2832 2837 2842 2846 2850 2855 2872 2876 2877 2891 2894 2897 2900 2903 3034 3037 3038 3041 3045 3049 3053 3056 3060 3071 3074 3079 3080 3081 3082 3083 3086 3132 3135 3136 3137 3138 3140 3141 3143 3144 3146 3156 3182 3183 3200 3222 3224 3227 3230 3233 3235 3238 3242
1243 1246 1247 1248 1249 1270 1274 1275 1276 1277 1279 1282 1285 1307 1312 1316 1317 1358 1360 1394 1398 1399 1400 1402 1404 1406 1407 1411 1413 2075 2078 2081 2084 2088 2090 2669 2675 2678 2679 2683 2694 2696 2705 2872 2876 2877 2891 2894 2897 2900 2903 2946 2947 2950 2951 2953 2956 2957 2958 2961 2979 2980 2981 3132 3135 3136 3156 3182 3183 3200
1006 1008 1011 1014 1017 1019 1022 1026 2497 2499 2503 2506 2507 2508 2509 2510 2513 2515 2517 2555 2558 2559 2560 2562 2563 2564 2567 2568 2571 2578 2582 2584 2586 2587 2588 2589 2594 2595 2597 2598 2599 2601 2605 2607 2610 2611 2625 2626 2793 2800 2803 2804 2807 2811 2812 2872 2876 2877 2891 2894 2897 2900 2903 3132 3135 3136 3137 3138 3140 3141 3143 3144 3146 3156 3182 3183 3200
1243 1246 1247 1248 1249 1270 1274 1275 1276 1277 1279 1282 1285 1307 1312 1313 1648 1649 1654 1657 1658 1659 1660 1662 1663 1665 1667 1668 1672 1674 2438 2439 2442 2445 2447 2450 2453 2669 2675 2678 2713 2714 2715 2716 2872 2876 2877 2891 2894 2897 2900 2903 3132 3135 3136 3156 3182 3183 3200
1433 1435 1440 1444 1445 1446 1448 1449 1451 1452 1454 1456 1457 1461 1462 1466 1470 1472 1535 1538 1539 1540 1541 1562 1566 1567 1568 1570 1573 1574 1576 1577 1579 1582 1606 1611 1612 1615 1618 1952 1954 1957 1959 1962 1965 2669 2675 2678 2713 2738 2752 2759 2762 2763 2767 2768 2776 2790 2872 2876 2877 2891 2894 2897 2900 2903 3034 3037 3038 3041 3045 3049 3053 3056 3060 3071 3132 3135 3136 3156 3182 3183 3200

131 132 133 134 135 136 137 161 165 166 168 171 184 226 230 231 232 233 234 236 291 292 293 296 303 306 307 308 309 312 314 317 321 1729 1732 1733 1734 1735 1736 1756 1759 1763 1777 1781 1782 1783 1785 1788 1789 1790 1791 1792 1793 1800 1804 1805 1807 1810 1814 1816 1819 1821 2872 2876 2877 2879 2880 2883 2884 2886 2887 2889 2891 2894 2897 2900 2903 3034 3037 3038 3039 3041 3045 3049 3053 3056 3060 3071 3132 3135 3136 3156 3182 3183 3184 3185 3186 3187 3194 3195 3200

3028 3030 3034 3037 3038 3041 3045 3049 3053 3056 3060 3062 3063 3067 3069 3071 3132 3135 3136 3156 3182 3183 3200
2497 2499 2503 2506 2507 2508 2509 2510 2513 2515 2521 2522 2523 2524 2525 2555 2558 2559 2560 2562 2563 2564 2567 2568 2571 2578 2582 2584 2586 2587 2588 2589 2594 2595 2597 2598 2599 2601 2605 2607 2610 2613 2614 2615 2625 2626 2793 2800 2803 2825 2828 2837 2839 2872 2876 2877 2891 2894 2897 2900 2903 3132 3135 3136 3137 3138 3140 3141 3143 3144 3146 3156 3182 3183 3200 3265 3267 3270 3273 3276 3278 3281 3285
963 965 968 971 974 976 979 983 2497 2499 2503 2506 2507 2508 2509 2510 2513 2515 2521 2522 2523 2524 2525 2555 2558 2559 2560 2562 2563 2564 2567 2568 2571 2578 2582 2584 2586 2587 2588 2589 2594 2595 2597 2598 2599 2601 2605 2607 2610 2613 2614 2615 2625 2626 2793 2800 2803 2804 2807 2808 2872 2876 2877 2891 2894 2897 2900 2903 3132 3135 3136 3137 3138 3140 3141 3143 3144 3146 3156 3182 3183 3200
1729 1732 1733 1734 1735 1736 1756 1759 1763 1777 1781 1782 1783 1785 1788 1789 1790 1791 1792 1793 1800 1804 1805 1807 1810 1814 1816 1817 1819 1821 2872 2876 2877 2879 2880 2883 2884 2886 2887 2889 2891 2894 2897 2900 2903 3034 3037 3038 3041 3045 3049 3053 3056 3060 3071 3132 3135 3136 3156 3182 3183 3184 3185 3186 3187 3194 3195 3200
131 132 133 134 135 136 137 140 144 145 146 147 148 149 152 155 158 161 165 166 168 171 174 226 230 231 232 233 236 291 292 293 296 324 328 3034 3037 3038 3039 3041 3045 3049 3053 3056 3060 3071 3132 3135 3136 3156 3182 3183 3184 3185 3186 3187 3194 3195 3200
1729 1732 1733 1734 1735 1736 1742 1743 1756 1759 1763 1777 1781 1782 1783 1785 1788 1800 1804 1807 2872 2876 2877 2879 2880 2883 2884 2886 2887 2889 2891 2894 2897 2900 2903 3132 3135 3136 3156 3182 3183 3184 3185 3186 3187 3194 3195 3200
3034 3037 3038 3041 3045 3046 3132 3135 3136 3156 3182 3183 3200
131 132 133 134 135 136 137 161 165 166 168 171 184 226 230 231 232 233 234 236 291 292 293 296 303 306 307 308 309 312 314 317 321 3034 3037 3038 3039 3041 3045 3049 3053 3056 3060 3071 3132 3135 3136 3156 3182 3183 3184 3185 3186 3194 3195 3200
1243 1246 1247 1248 1249 1270 1274 1275 1276 1277 1279 1282 1285 1307 1312 1316 1317 1648 1649 1677 1681 1682 1683 1685 1687 1689 1690 1694 1695 1696 1882 1885 1888 1891 1895 1897 2669 2675 2678 2713 2714 2724 2727 2730 2735 2872 2876 2877 2891 2894 2897 2900 2903 2946 2947 2950 2951 2953 2956 2957 2958 2961 2979 2980 2981 3132 3135 3136 3156 3182 3183 3200
