144 146
138 139 140 141 142 144 146
17 18 19 20 21 23 24 25 36 37 38 39 127 128 129 130 131 132 136 137 144 145 146
127 128 129 130 131 132 136 137 146 151 152 153 154
76 78 79 80 137 146
17 18 19 21 23 24 144 145 146
127 128 129 130 131 132 136 137 146 151 152 153 154
3 6 10 13 14 15 76 77 78 79 80 133 137 138 139 140 141 144 146
144 146
61 62 63 64 65 102 103 104 133 135 137 144 146
26 27 28 29 31 40 41 42 43 44 45 46 47 48 49 50 51 52 53 54 55 56 57 58 59 60 117 118 119 120 121 122 123 133 135 137 144 146
61 62 63 64 65 99 100 101 133 137 146
76 78 79 80 137 146
138 139 140 141 142 144 146
76 78 79 80 137 144 146
76 78 79 80 137 146
3 6 10 13 14 15 76 78 79 80 137 144 146
3 4 5 6 11 13 16 76 78 79 80 81 137 138 139 140 141 142 144 146
76 78 79 80 137 146
127 128 129 130 131 132 136 137 146 147 148 149 150
87 88 89 137 146
143 144 146
61 62 63 73 74 84 85 86 133 137 146
61 62 63 73 74 124 125 126 133 137 146

143 144 146
26 27 28 30 31 42 46 47 60 117 118 119 120 121 122 123 133 135 137 144 146
0 1 2 138 139 140 141 142 144 146
144 146
3 6 10 13 14 15 144 146
67 68 69 70 71 72 96 97 98 135 137 146
138 139 140 141 142 144 146
61 62 63 64 65 108 109 110 133 134 137 146
61 62 63 73 74 84 85 86 133 137 146
76 78 79 80 137 146
17 18 19 21 23 24 133 135 137 144 145 146
138 140
3 4 5 6 8 10 13 16 138 139 140 141 142 144 146
17 18 19 21 22 144 145 146
143 144 146
17 18 19 21 23 24 145 146
61 62 63 73 74 114 115 116 133 137 146
3 6 12 13 16 138 139 140 141 142 144 146
26 27 28 29 31 42 43 44 45 46 47 48 49 50 51 52 53 54 55 58 59 60 117 118 119 120 121 122 123 137 144 146
61 62 63 64 65 93 94 95 133 137 146


82 83 137 146
146
3 4 5 6 7 9 10 13 14 15 138 139 140 141 142 144 146
26 27 28 29 31 42 46 47 60 117 118 119 120 121 122 123 133 135 137 144 146
3 4 5 6 10 13 16 138 139 140 141 142 144 146
67 68 70 71 72 105 106 107 135 137 146
61 62 63 64 65 102 103 104 133 137 146
76 78 79 80 137 144 146
61 62 63 64 65 111 112 113 133 134 137 146
45 46 47 60
17 18 19 21 23 24 25 36 37 38 39 127 128 129 130 131 132 136 137 144 145 146 147 148 149 150
76 78 79 80 137 146

3 4 5 6 10 13 14 15 16 144 146
67 68 70 71 72 90 91 92 135 137 146
3 6 10 13 144 146
17 18 19 21 23 24 25 127 128 129 130 131 132 136 137 144 145 146 147 148 149 150
61 62 63 64 66 102 103 104 133 137 138 139 140 141 142 146
36 37 38 39 127 128 129 130 131 132 136 137 146
61 62 63 73 74 124 125 126 133 137 146
67 68 70 71 72 90 91 92 133 135 137 144 146

3 6 10 13 14 15 76 78 79 80 137 144 146

143 144 146
127 128 129 130 131 132 136 137 146 151 152 153 154
32 33 34 35 127 128 129 130 131 132 136 137 146
76 78 79 80 137 144 146
3 4 5 6 10 13 16 144 146
76 77 78 79 137 146
144 146
3 6 10 13 14 15 144 146
61 62 63 73 75 84 85 86 133 137 138 139 140 141 142 146
