0 1 2 3 4 5 6 7 8 9 10 11 13 14 15 16 27 28 29 30 31 44 45 46 47 50 51 52 53 72 73 75 78 79 80 81 82 83 84 87 88 89 119 120
13 17 18 19 20 23 98
0 1 2 3 4 9 10 11 12 45 59 60 61 64 65 75 81 82 87 119 120
0 1 2 3 4 5 6 7 8 9 10 11 13 14 15 24 25 26 27 28 30 45 51 52 75 78 79 81 82 83 87 88 119 120
13 18 19
13
0 1 2 3 4 5 6 7 8 9 10 11 13 14 15 24 25 26 27 28 30 45 51 52 69 70 75 78 79 80 81 82 83 87 88 119 120
0 1 2 3 4 5 6 7 8 9 10 11 12 13 14 15 16 27 28 29 30 31 44 45 51 52 53 66 72 73 74 75 78 79 81 82 83 84 87 88 89 119 120
8 9 10 11 12 31 44 51 52 72 73 75 87 89
13 17 18 19 20 23
0 1 2 3 4 8 9 10 11 45 49 50 51 52 75 81 82 87 119 120
0 1 2 3 4 5 7 9 10 11 13 14 15 24 25 26 27 28 29 30 31 45 50 71 72 73 75 78 81 82 87 88 89 119 120
0 1 2 4 5 7 8 10 11 13 14 15 24 25 26 27 28 30 51 52 69 70 71 72 73 75 78 87 88 89
0 1 2 4 5 7 10 11 13 14 15 16 24 26 27 28 29 30 31 53 54 55 56 57 58 72 73 78 87 88 89
0 1 2 3 4 5 6 7 8 9 10 11 13 14 15 24 25 26 27 28 30 31 45 51 52 71 72 73 75 78 79 81 82 83 87 88 89 119 120
0 1 2 3 4 5 6 7 9 10 11 13 14 15 16 27 28 29 30 31 44 45 53 75 76 77 78 79 80 81 82 83 86 87 88 119 120
0 1 2 3 4 5 7 10 11 13 14 15 16 27 28 29 30 31 44 48 49 50 53 72 73 75 78 80 82 83 85 87 88 89 99
13
34 35 36 37 38 39 40 41 43
13
0 1 2 3 4 5 7 8 9 10 11 13 14 15 24 25 26 27 28 30 31 45 48 50 51 52 69 70 71 72 73 75 78 80 81 82 83 85 87 88 89 119 120

13
0 1 2 3 4 5 6 7 8 9 10 11 13 14 15 16 27 28 29 30 31 45 49 50 51 52 53 72 73 75 78 79 81 82 83 87 88 89 119 120
0 1 2 3 4 6 8 9 10 11 12 45 51 52 53 75 79 81 82 83 87 119 120
13 17 18 19
0 1 2 4 5 7 8 10 11 13 14 15 16 27 28 29 30 31 44 51 52 53 72 73 75 78 87 88 89
0 32 33 90 91 92 93 94 95 96 97 100 101 102 103 104 105 106 107 108 109 110 111 112 113 114 115 116 117 118
13
13 21 22
0 1 2 3 4 5 6 7 8 10 11 13 14 15 16 27 28 29 30 31 44 51 52 53 72 73 75 78 79 81 82 83 87 88 89
13 20
36 37 42 62 63 67
0 1 2 3 4 5 6 7 8 9 10 11 13 14 15 24 25 26 27 28 29 30 31 44 45 50 51 52 53 66 68 72 73 75 78 79 81 82 83 84 87 88 89 119 120
