348.64286685
425.888983011
426.786655903
427.458136797
428.124624968
428.798924923
429.472706795
430.292646885
431.046266794
431.832515001
432.513969898
433.180409908
433.895315886
434.647763968
435.376699924
436.047582865
436.71725893
437.382202864
438.04031992
438.695874929
439.35290885
440.147468805
440.871660948
441.579650879
442.26394701
442.925377846
443.614171982
444.273808002
445.036203861
445.723814964
446.3850348
447.046156883
447.701430798
448.345077991
449.097229958
449.907616854
450.606944799
451.360861778
452.067053795
452.723107815
453.36557579
454.116539001
454.772958994
455.411806822
456.048383951
456.684880972
457.319750786
457.957110882
458.588241816
459.249328852
459.885573864
460.51419282
461.145437002
461.775979996
462.40542984
463.031112909
463.657233
464.284026861
464.943198919
465.608347893
466.270808935
466.934425831
467.596575975
468.256264925
468.917239904
469.578444004
470.204005957
470.82009387
471.438658953
472.053821802
472.667177916
473.28319478
473.960508823
474.590487957
475.218400002
475.86072588
476.556315899
477.274346828
477.945807934
478.60907793
479.251720905
479.944206953
480.613333941
481.246814013
481.93681097
482.626376867
483.314287901
483.959869862
484.639671803
485.337663889
485.98435092
486.693826914
487.305333853
487.913116932
488.69077301
489.460395813
490.118848801
490.878482819
491.590191841
492.251803875
492.859572887
493.565320015
494.26749897
494.910638809
495.545520782
496.178431988
496.818313837
497.452556849
498.083863974
498.718556881
499.35471797
499.979223013
500.603783846
501.228547812
501.845120907
502.437694788
503.040214777
503.675724983
504.33287096
504.986327887
505.637655973
506.275182009
506.899625778
507.55258584
508.201631784
508.846801996
509.488451004
510.127243996
510.779811859
511.390993834
511.997678995
512.590204954
513.189846992
513.782637835
514.385525942
514.988156796
515.568262815
516.137266874
516.703538895
517.341445923
517.942362785
518.580688953
519.197640896
519.792662859
520.387236834
520.980230808
521.576954842
522.205365896
522.832551003
523.45934701
524.088934898
524.684863806
525.239499807
525.880642891
526.557003975
527.146405935
527.757871866
528.418018818
529.033819914
529.695266008
530.279281855
530.837707996
531.390893936
531.964836836
532.505038977
533.094107866
533.73723197
534.287916899
534.828168869
535.380788803
536.000077009
536.593288898
537.229349852
537.77094388
538.304962873
538.881561995
539.495031834
540.114107847
540.744210958
541.288812876
541.869138002
542.485316992
543.08126092
543.720549822
544.273645878
544.82703495
545.363720894
545.936069965
546.502848864
547.059388876
547.61792779
548.195832014
548.779913902
549.311466932
549.833425999
550.378074884
551.024033785
551.589143991
552.148997784
552.673904896
553.183151007
553.694649935
554.207513809
554.767119884
555.345578909
555.932860851
556.44440484
556.952062845
557.464717865
557.998801947
558.508319855
559.014256001
559.581996918
560.113437891
560.617635012
561.119963884
561.621710777
562.124948978
562.670145988
563.242882967
563.769714832
564.261160851
564.824209929
565.316329002
565.847755909
566.396160841
566.88555479
567.408278942
567.999671936
568.507540941
569.064641953
569.561578989
570.151531935
570.673465014
571.22823
571.730494976
572.236415863
572.730942011
573.309661865
573.80525279
574.289320946
574.770895004
575.250187874
575.786608934
576.355322838
576.894688845
577.455899954
577.946175814
578.486122847
579.018422842
579.550873995
580.083418846
580.611471891
581.132838964
581.624539852
582.095420837
582.561481953
583.027635813
583.495744944
583.960426807
584.436776876
584.927014828
585.389455795
585.867201805
586.327080011
586.78786397
587.248887777
587.70686698
588.163277864
588.612883806
589.064330816
589.526270866
590.000379801
590.475122929
590.948757887
591.424484968
591.896303892
592.367642879
592.839491844
593.309219837
593.779897928
594.249718904
594.721801996
595.20370388
595.68164897
596.194377899
596.691534996
597.192743778
597.666212797
598.104954004
598.54298687
598.985206842
599.422289848
599.857079983
600.296211958
600.756204844
601.214473963
601.673921824
602.1329
602.58946991
603.04455781
603.498653889
603.947233915
604.394742012
604.841784954
605.288008928
605.733330011
606.178209782
606.631927967
607.089560986
607.546478987
608.001915932
608.444563866
608.883947849
609.321888924
609.760538816
610.196730852
610.631825924
611.179029942
611.707280874
612.169106007
612.608333826
613.148964882
613.684952974
614.135921001
614.573740959
615.077376842
615.485929966
616.021690845
616.454302788
616.859584808
617.262589931
617.664772987
618.073741913
618.546229839
618.940374851
619.335309982
619.729131937
620.121376991
620.53231883
620.991906881
621.444939852
621.855166912
622.24145484
622.636897802
623.101743937
623.532040834
623.966701984
624.457742929
624.899585962
625.338993788
625.776512861
626.217633963
626.695098877
627.129891872
627.555396795
628.029539824
628.4451859
628.84926486
629.29876399
629.709731817
630.108328819
630.506064892
630.903162003
631.404907942
631.890543938
632.292481899
632.70243597
633.158923864
633.543101788
633.985790968
634.357025862
634.726076841
635.094882965
635.459864855
635.823410988
636.18479681
636.542791843
636.900388002
637.269434929
637.722778797
638.127864838
638.515330791
638.896716833
639.284037828
639.658659935
640.014269829
640.371697903
640.724900007
641.08057189
641.432154894
641.786628962
642.138029814
642.487587929
642.836109877
643.186353922
643.606056929
644.013670921
644.391339779
644.747496843
645.09766984
645.507620811
645.849622011
646.191848993
646.536590815
646.876320839
647.214491844
647.548115969
647.884797812
648.216458797
648.565272808
648.920678854
649.270362854
649.621842861
649.954572916
650.280586004
650.605704784
650.93392992
651.258819818
651.583256006
651.905226946
652.226071835
652.549043894
652.868146896
653.186240911
653.503907919
653.82198
654.14130497
654.456132889
654.7699368
655.083454847
655.397154808
655.71902585
656.033012867
656.343299866
656.652104855
656.960357904
657.271303892
657.578145981
657.888923883
658.197834015
658.505600929
658.814821959
659.121689796
659.429023981
659.734476805
660.040446997
660.343174934
660.641701937
660.939327955
661.235377789
661.531141996
661.829127789
662.123461962
662.416063786
662.707770824
662.999394894
663.293536901
663.582975864
663.885277987
664.181983948
664.472221851
664.764515877
665.052961826
665.340674877
665.628251791
665.914211988
666.199529886
666.488905907
666.775662899
667.05513978
667.334442854
667.611878872
667.891422987
668.182794809
668.474737883
668.765399933
669.046229839
669.322041988
669.594980001
669.865479946
670.135101795
670.403685808
670.671505928
670.941365004
671.208673954
671.475159883
671.739542007
672.003367901
672.266407013
672.530833006
672.7918818
673.05191493
673.310997963
673.569580793
673.827608824
674.087974787
674.357383966
674.627967834
674.893427849
675.147786856
675.400652885
675.655265808
675.905867815
676.155778885
676.404671907
676.652891874
676.900522947
677.149966955
677.395340919
677.640170813
677.885396004
678.128942013
678.372620821
678.616545916
678.85686779
679.097629786
679.351864815
679.643309832
679.893377781
680.134040833
680.370944977
680.607610941
680.842578888
681.076978922
681.306947947
681.537719011
681.771010876
682.000440836
682.228657007
682.456010818
682.682398796
682.907972813
683.135273933
683.360863924
683.584021807
683.806250811
684.027948856
684.248358011
684.467941999
684.689568996
684.907821894
685.12470293
685.340779781
685.567708969
685.794978857
686.021450996
686.249053955
686.473629951
686.697252989
686.919880867
687.14249897
687.358922958
687.566735983
687.779302835
687.985998869
688.19132185
688.396991014
688.603973866
688.807508945
689.009279966
689.211242914
689.416051865
689.617094994
689.816275835
690.014230013
690.210886002
690.406646967
690.602613926
690.79715991
690.991954803
691.184708834
691.376305819
691.567364931
691.756716967
691.945380926
692.133128881
692.320007801
692.508430958
692.693660975
692.87884593
693.06304884
693.24661994
693.428267002
693.609226942
693.789192915
693.971364975
694.149874926
694.327260971
694.503601789
694.679345846
694.854990005
695.03105092
695.205235958
695.379621983
695.556013823
695.729220867
695.901991844
696.073566914
696.244074821
696.413800955
696.582556009
696.750628948
696.91789484
697.091354847
697.265664816
697.43806386
697.60332489
697.766002893
697.987385988
698.174975872
698.351191998
698.526340008
698.700452805
698.873497963
699.045508862
699.215284824
699.386213779
699.556159973
699.725084782
699.893013954
700.059974909
700.225943804
700.390935898
700.554978848
700.718415976
700.880453825
701.040692806
701.200662851
701.357579947
701.512456894
701.664025784
701.815066814
701.966868877
702.117645979
702.266602993
702.411340952
702.55565691
702.701160908
702.846008778
702.991146803
703.134259939
703.276980877
703.419559002
703.5610888
703.701696873
703.841295004
703.979852915
704.117442846
704.252374887
704.381273985
704.509310961
704.635427952
704.758927822
704.882277966
705.002032995
705.117703915
705.232421875
705.346227884
705.459275007
705.571252823
705.682385921
705.792575836
705.901910782
706.010594845
706.119484901
706.231084824
706.337783813
706.448477983
706.558658838
706.669351816
706.7790308
706.887571812
706.993498802
707.098816872
707.203226805
707.306620836
707.408701897
707.442766905
