586 588 589 590 591 593 723 724 736 737 745 746 887 892 905 928 929 930 931 970 971 975 981 1014 1015 1021
280 281 282 283 293 294 350 352 354 356 357 479 480 821 822
414 415 416 418 419
749
823
232
80 81 83 86 90 92
161
50 51 54
25 26 28 29
278
373 379 382 384 479 580 628 630 777 831 833 834 835
909 933
521 533 541
605 606 608 614
280 281 282 283 286 293 350 479 480 806 807
479 480 582 638 645 646 647 818
563 570 571 572 742 744 745 746 869 870 871
373 379 382 384 479 580 582 628 630 638 640 641 777 818 831 833 834 835
280 281 282 283 287 293 741 762 770 771 788 789 791 824 825 826 827
169 521 524 536 541
514 516
280 281 282 283 293 294 350 352 354 356 357 479 480 821 822
493 495 496 497 498 500 501 502 503 506 733 967 981
338 479 480 582 637 638 639 678 818 824 825 826 827
2 6 9 11 12 13 14 15 122 127 128 472 473
5 6 9 10 11 12 13 14 15 17 18 122 128 205 206 207 211 213 214 217 221 471 472 473
493 495 496 497 498 500 501 502 503 506 733 967 981
373 377 379 384
2 6 9 11 12 13 15 16 17 18 122 128 472 473
123 126 132 133 192
242 251 699 700 711 732
603 604 606 608 614
514
479 813 814 818
122 125 127 132 133 280 281 282 283 293 350 353 354 356 357 479 480 833 834 835 839 840
280 281 282 287 359 364 369 370 372
373 379 382 384 479 480 777 780 781 783 831 833 834 835
284 286 293 351 356 357
280 281 282 283 287 293 762 824 825 826 827
414 415 416 418 419
122 125 127 132 133 280 281 282 283 286 293 350 479 480 831 832 833 834 835
684
280 281 282 287 359 362 369 370 372
429 430 431 433 434 435 440 441 442 443 444 460 461 466
280 281 282 283 287 293 482 762 824 825 826 827
2 6 9 11 12 13 15 16 122 128 472 473
122 125 127 132 133 280 281 282 283 286 293 350 353 354 356 357 486 489
242 699 700 711 732
122 124 127 132 133 280 281 282 283 286 293 350 353 356 357 824 825 826 827
760
493 495 496 497 498 500 501 502 503 506 733 967 981
563 570 571 572 742 744 745 746 869 870 871
544 545 546 548
280 281 282 283 286 293 350 352 354 356 357 479 813 814 818
687 698 701 709
479 480 582 637 638 639 818
581 582
4 5 6 9 10 11 12 13 14 15 17 18 122 127 128 205 206 207 212 213 214 217 221 471 472 473
350 355 385 386 387 739 865 866 867
974 978 979 1011
479 480 580 632 633 753 793 795
714 717 733
164 533 538 541
373 379 382 384 479 480 580 582 628 630 638 640 657 658 777 818 821 822 831 833 834 835
179 181 182 183 188 189 191 673 746
756
472
758
544 545 546 547 548 549 550 551 553 555 557
909 910 974 977 981 982 1012 1013
662 665 666 684
236 242 251 253 699 700 711 732
790 791
258
163 521 524 536 540 541
141 142 143 147 149 150
622 625 626 684 733 876 877 888 889 892 893 894 912 925 952 961 962 967 968 969
742 746 850 853
0 1 62 125 132
479 805 806
125 132 133 193
232 236 242 253 699 700 711 732
5 6 9 10 11 12 13 14 15 17 18 122 127 205 206 207 211 212 214 217 221 373 374 379 381 382 384 471 472 473 740 778 833 834 835
80 83 84 85 89
957 958
37 38 40 41 43 46 47 48
414 415 416 418 419
4 6 9 11 12 13 14 15 122 127 128 472 473
2 6 9 11 12 13 15 16 122 128 470 472 473
876 877 911 912
93 94 96 100 101 104 105 341 345 833 834 835
492 493 495 496 497 499 500 501 502 503 507 508 509 510
623 625 626 659 745 746
887 892 893 909 910 1012 1013
586 587 588 589 590 685 686 729 733 734 887 892 904 905 908 909 921 925 927 928 929 930 931 932 949 961 962 967 970 971 975 981 984 985 990 1011 1012
50 51 52 54 56
63 65 66 68 122 125 128 132
479 480 582 637 638 639 818
543 546 547 549 550 551 552 553 555 557
735
4 6 9 11 12 13 14 15 122 127 128 472 473
479 817 818
93 94 96 134 137 138 139 140
582 650 651
622 625 626 684 733 876 877 887 892 893 894 905 925 928 930 949 961 962 967 968 969 971 972 973
280 281 282 283 287 293 741 762 770 771 824 825 826 827
280 281 282 297
37 38 40 41 43 46 47 48
561 681 745 746
281 282 284 287 395 396 397 398 399 400
469
373 379 382 384 479 580 582 628 630 638 640 649 651 777 818 831 833 834 835
373 379 382 384 491 778 833 834 835
219 220 225 226 227 228 229 230
788 789 791
511
2 6 9 11 12 13 14 17 18 122 128 131 472 473
280 281 282 287 359 361 369 370 372
373 379 382 384 768 778 833 834 835
280 281 282 283 286 293 350 352 354 356 357 479 480 814 815 818
698 701 709
600
280 281 282 286 350 816
280 281 282 283 284 285 286 287 288 289 293 295
255 256 260 261 263 264 266 272 273 721 723 724 737
223
622 625 626 684 733 876 877 887 892 893 894 905 925 928 930 950 961 962 967 968 969 971 972 973
414 415 416 418 419
359 361 368 369 370 371 373 378 379 380 384
493 495 496 497 498 500 501 502 503 505 506 733 967 981
603 604 606 614 621
373 379 382 384 479 480 777 783 784 831 833 834 835
480 582 656 657 821 822
602
742 743 746 836 837 846 849
280 281 282 283 286 293 350 353 354 356 357 486 490
255 260 261 262 263 264 271
173
494 495 496 497 498 500 501 502 503 506
699 700 709 711 718
277
746 747 852 856
37 38 39 46 49
58 59
31 32 33 36 122 123 127 128 132 175 176 177 178 739 865 866 867 868
721 723 724 736 737 877 1023 1024 1025 1026 1027
37 38 39 41 46 478
255 256 260 261 262 263 264 265
733 877 926 961 962 963 964 965 966 967 969
373 379 382 384 479 777 782 783 831 833 834 835
225 226 227 228 229 230
659
563 570
122 125 127 132 133 280 281 282 283 293 350 479 480 831 832 833 834 835
599 600
63 64 65 66 68 122 124 126 128 132
341 342 349 359 362 369 370 371
37 38 40 41 42 43 46 47 48
401 402 403 405 406 409 410 411 412
563 570 571 572 742 744 745 746 869 870 871
373 379 382 384 479 777 783 787 791 831 833 834 835
581 582 585
2 6 9 11 12 13 14 19 122 128 472 473
721 723 724 736 737
233 252
682 745 746
599 600
338 479 480 582 637 638 639 677 678 818 824 825 826 827
37 38 39 40 41 42 44 45 46
786 787 791
479 480 806 807
581 582 585 625 626 659
622 625 626 684
253
521 524 528 536 540 541
2 6 9 11 12 13 15 122 128 472 473
5 6 9 10 11 12 13 14 122 128 209 213 215 216 217 218 219 220 221 222 223 225 226 227 228 229 230 472 473
733 919 920 925 961 962 967
373 379 382 384 479 777 783 786 787 791 831 833 834 835
373 379 382 384 479 480 580 582 628 629 656 657 777 821 822 831 833 834 835
37 38 40 41 43 46 47 48
519 531 541
233 234 236 237
473
563 570 571 572 742 744 745 746 869 870 871
735
255 256 260 261 263 264
671
576
544 545 546 547 549 550 551 553 555 557
248 249 732
246 420 424 425 426 427 442 443 444 446 449 451 452 453 454 455 456 457 458 460 461 462 463 464 465 466 468 581 582 585 623 732 733 925 961 962 967
857 858 862
280 281 282 824 825 826 827
151 152 153 154 155 156 157 158 479 480
841
789 791
749
37 38 40 41 43 46 47 48
471
605 606 608 614
5 6 9 10 11 12 13 14 15 17 18 122 128 205 206 207 211 213 214 217 221 471 472 473
563 568 572 689 692 698 709 742 744 745 746 869 870 871
332
280 281 282 283 293 294 350 352 354 356 357 479 820 821
200 201 202 203 204
58 59
6 122
2 6 122 127 128
280 281 282 287 359 360 369 370 372
233 252
280 281 282 359 369 372
624
280 281 282 283 287 300 301 302
699 708 709
742 743 746 836 837
518 530 541
512 513 514 515 516
744 745 746 828 829 844 847
544 545 546 547 548 549 550 551 553 555 557
50 51 53
37 38 40 41 46
255 256 260 261 262 263 264 265
479 480 580 582 634 652 657 796 797 821 822 857 858 860 861 862 863 864
687 688 692 693 698 709
563 567
162 170 530 541
520 532
122 125 127 132 133 280 281 282 283 286 293 350 353 354 356 357 374 379 381 384 479 480 740 833 834 835 839 840
733 914 918 925 961 962 967
733 914 925 961 962 967
63 65 66 68 122 124 128 132
374 379 381 384 562 563 568 572 685 686 689 692 698 709 740 742 744 745 746 869 870 871
494 495 496 497 498 500 501 502 503 506 733 888 889 892 905 912 929 930 951 952 967 975 981 1012
744 745 746 828 829
746 747 845
790 791
318 319 322 323 324 325 326 327 328 329 743 746
231
606 608 614
272 273 721 723 724 737
493 495 496 497 498 500 501 502 503 504 506
681
80 81 83 84 85 86 89
79 80 81 83 87 88 92
122 125 127 132 133 280 281 282 283 286 293 350 353 354 356 357 479 833 834 835 838 839
231 249 732
586 588 589 590 591 685 686 723 724 729 736 737 745 746 887 892 904 905 925 927 928 929 930 931 961 962 970 971 975 981 1014 1015 1021
787 791
698 699 703 704 709
79 80 83 87 88 91 92 305 306 307 308 309 310 338 350 353 357 374 379 381 384 740 825 826 827
685 686 724
233 247 252 738
581 582 616 618 619 824 825 826 827 841
687 688 692 698 709 716 717 733
688 692 709
280 281 282 283 287 293 741 762 769 770 771 824 825 826 827
5 6 9 10 11 12 13 14 15 17 18 122 128 206 207 211 213 214 217 221 224 225 471 472 473
543 546 547 549 550 551 553 555 560 622 625 626 659 684
2 6 9 11 12 13 15 122 128 472 473
280 281 282 283 286 293 350 816
36
122 124 127 132 133 280 281 282 283 286 293 350 353 356 357 825 827
50 51 54 55
231 244
280 281 282 283 287 300 302
3 6 7 8 9 11 12 13 14 122 128 472 473 475
280 281 282 283 287 293 479 480 765 766 767 833 834 835 839
620
246 420 421 422 424 425 427 451 452 453 454 455 456 458 461 462 463 464 465 466 468 581 582 585 732 735 892 905 912 954 971 981 1008
373 378 379 384
280 281 282 283 293 350 479 480 806 807
744 745 746 828 829
684
167 174 533 541
686 721 723 724 729 736 737
493 495 496 497 498 500 501 502 506
280 281 282 283 287 292 293 762 824 825 826 827
5 6 9 10 11 12 13 14 15 17 18 122 128 205 206 207 211 213 214 217 221 471 472 473
141 142 143 146 147 148 150
599 600 601
280 281 282 283 286 293 350 479 805 806
317 322 623 743 746
274 275
232
37 38 40 41 46
141 142 144 145 147 149 150
687 689 692 698 709
401 402 403 404 405 409 410 411 412
79 80 83 87 88 91 92 338 824 825 826 827
225 226 227 228 229 230
5 6 9 10 11 12 13 14 15 17 18 122 128 205 206 207 211 213 214 217 221 471 472 473
373 379 382 384 479 480 777 780 781 783 831 833 834 835
233 243 252 738
2 6 9 11 12 13 14 17 18 122 128 131 472 473
857
685 686 698 699 702 704 709
172 531 541
744 745 746 828 829 844 847
231
249 732
50 51 54 56 57
280 281 282 283 287 293 479 480 762 801 802 803 824 825 826 827
523 527 535 539
742 746 850 853
313 317 322 323 324 325 326 327 328 329 743 746
580
479 480 580 582 634 652 657 796 797 821 822 857 858 859 860 861 862 864
563 568 569 571 572 687 689 692 698 709 742 744 745 746 869 870 871
373 376 379 384
414 415 416 418 419
314 319 322 323 324 325 326 327 328 329 743 746
420 424 426 427 429 430 431 432 433 436 437 438 439 449 450 451 452 453 454 455 457 458 461 462 463 464 465 466 468 581 582 585 735 892 905 912 981 1008
280 281 282 283 293 350 352 354 356 357 479 480 810 811
2 6 9 11 12 13 14 122 128 472 473
622 679 745 746
232
373 379 382 384 479 480 580 582 628 630 638 640 653 657 777 818 821 822 831 833 834 835
623
37 38 40 41 42 43 46 47 48
555 556
763 764
373 379 382 384
624 694 733 734
576 577
280 281 282 283 293 295 350 352 354 356 357 479 480 821 822
232 242 699 700 711 732
373 379 382 384 479 480 580 582 628 630 638 640 655 657 777 818 821 822 831 833 834 835
563 570 571 572 742 744 745 746 869 870 871
37 38 40 42 46
746 747 852 856
4 6 9 11 12 13 14 15 122 128 472 473
359 363 369 370 371 373 379 382 384
479 480 580 582 634 652 657 796 797 821 822 857 858 859 860 861 862 863 864
672
62
280 281 282 350 833 834 835
37 40 42 46 478
583 584
2 6 7 8 9 11 12 13 14 122 128 472 473 475
122 125 127 132 133 280 281 282 283 286 293 350 833 834 835
37 38 40 42 46 478
754 755
220 470
699 700 708 709 710 712
63 65 66 67 68 69 122 125 128 132
141 142 144 145 147 149 150
580
316 317 322 323 324 325 326 327 328 329 743 746
578
276 277 278 279 350 351 354 355 356 385 386 387 388 739 865 866 867 868
563 567
679 680
479 480 582 608 609 611 613 614 615 622 625 626 637 638 639 659 664 665 666 670 684 745 746 818
493 495 496 497 498 500 501 502 506
476
586 587 588 589 590 592 723 724 736 737 745 746 887 892 905 928 929 930 931 970 971 975 981 1014 1015 1021
481
563 570 572 742 744 745 746 869 870 871
5 6 9 10 11 12 13 14 122 128 209 213 215 216 217 218 219 220 221 222 223 224 225 226 227 228 229 230 472 473
63 65 66 68 122 124 128 132
260 261 263 266 267 272 273 685 686 721 723 724 729 737
231 246 732
70 71
414 415 416 418 419 470
581 582 585 622 625 626 659 684
2 6 9 11 12 13 14 17 18 122 128 131 472 473
373 379 382 384 479 480 580 628 629 777 831 833 834 835
257 258 259
479 813 814 818
401 402 403 404 405 409 410 411 412
219 220 225 226 227 228 229 230
2 6 9 11 12 13 15 16 122 128 472 473
280 281 282 283 286 293 350 808
517 529
493 495 496 497 498 500 501 502 503 506 733 967 981
401 402 403 405 406 408 409 410 411 412
605 606 608 614 681
280 281 282 283 285 287 291 292 293 752 762 824 825 826 827
493 495 496 497 498 500 501 502 503 504 506
599 600
233 252 254
260 261 263 266 272 273 721 723 724 736 737
521 523 524 527 528
232 238
280 281 282 286 350 812
869 870 871
733
622 625 626 684 733 876 877 888 889 892 893 894 905 925 951 961 962 967 968 969
542 543 546 547 549 550 551 552 553 554 555 557 559
25 26 29 30
477

2 6 122 128
50 51 54 55
359 360 369 370 371 373 376 379 384
474
763 764
5 6 9 10 11 12 13 14 15 17 18 122 128 206 207 211 213 214 217 221 224 225 471 472 473
746 747
37 38 39 41 46
919 920 932
563 570 571 572 742 744 745 746 869 870 871
124 132 133 194
2 6 9 11 12 13 14 19 122 128 472 473
37 38 40 42 46 478
251 253 664 665 666 670 684
414 415 416 418 419
280 281 282 286 350 354 480 821 822
492 493 495 496 497 499 500 501 502 503 507 508 509 510
122 128 159 160 161
280 281 282 283 287 293 741 762 771 824 825 826 827
373 379 382 384 479 480 580 582 628 629 656 657 777 821 822 831 833 834 835
734 877 922 985 987 989 990 992
37 38 39 40 42 44 45 46
844
244
659
94 95 96 99 103 105
678
373 379 382 384 479 480 580 582 628 630 638 639 640 777 818 831 833 834 835
80 81 83 86 92
374 377 379 384
141 142 143 146 147 148 150
469
555 557
479 744 746 753 792 793 795
373 379 382 384 479 480 580 582 628 630 638 639 640 777 818 831 833 834 835
664 665 670 686
547 548
599 600
574
739 865 867 868
558
168
580 634 864
733 915 916 920 925 961 962 967
37 38 39 40 42 44 45 46 47 48
563 568 569 572 689 692 698 709 742 744 745 746 869 870 871
231 242 699 700 711 732
0 1 62 124 132
373 379 382 384 486 490 778 833 834 835
876 877 888 889 892 893 894 895 896 897 898 970 971 972 973
34
930
246 251 732
25 26 27 28 29
414 415 416 418 419
522 534 541
563 570 572 742 744 745 746 869 870 871
627
734
790 791
816
542 543 546 547 549 550 551 552 553 554 555 557 559
734
62 122 123 124 125 127 128 132 133 175
479 480 582 608 610 611 613 614 615 622 637 638 639 664 665 666 670 684 745 746 818
4 6 7 8 9 11 12 13 14 122 128 472 473 475 477
2 6 9 11 12 13 14 19 122 128 472 473
255 258 259 260 261 262 263 264 269
373 379 382 384 479 480 580 582 628 629 637 638 639 777 818 831 833 834 835
493 495 496 497 498 500 506
225 226 227 228 229 230
151 479 480
280 281 282 283 293 294 350 823
200 201 202 203 204
5 6 9 10 11 12 13 14 15 17 18 122 128 205 206 207 211 213 214 217 221 471 472 473
735 877 924 1003 1005 1007 1008 1010
107 108 109 110 111 113 114 115 116 118 119 120 122 124 125 128 132 133
428 429 431
563 570 571 572 742 744 745 746 869 870 871
373 379 382 384 479 480 777 783 784 831 833 834 835
601
231
563 568 569 571 572 689 692 709 742 744 745 746 869 870 871
315 321 322 323 324 325 326 327 328 329 743 746
317 322 743 746
219
581 582 585 622 625 626 659 684
581 582 585 684
258 259
231 238
876 877 904 905
744 746 851 854
687 698 699 706 707
494 495 496 497 498 500 501 502 503 506
122 125 127 132 133 280 281 282 283 286 293 350 353 354 356 357 486 487
2 6 9 11 12 13 14 19 122 128 472 473
373 379 381 384
232 244
280 281 282 283 287 288 292 293 374 379 381 384 740 762 824 825 826 827
373 379 382 384 479 580 582 628 630 638 640 643 646 777 818 831 833 834 835
373 379 382 384 479 777 783 786 787 791 831 833 834 835
33
253
280 281 282 286 350 354 809 810
93 94 95 96 100 101 105
544 545 546 548
401 402 403 404 405 407 409 410 411 412
74 75 76 77 78 108 109 110 111 113 115 116 118 119 120 121 122 124 128 132 133
37 38 39 40 42 44 45 46
61 62 123 132 133
743 746
373 379 382 384
748
493 495 496 497 498 500 501 502 503 506 733 892 905 967 971
789 791
223
123 129 130 132 133 192
479 480 495 496 497 498 500 501 503 505 506 582 608 610 611 613 614 615 622 637 638 639 664 665 666 670 684 818
744 746 851 854 855
790 791
563 568 569 571 572 687 689 692 698 709 742 744 745 746 869 870 871
241 242 699 700 711 732
320 321 322 323 324 325 326 327 328 329 743 746
554 556 559 560 622 625 626 659 684
470 472 473 475
728 730
886 892 893
608 610 611 613 614 615 622 625 626 659 679 684 745 746
260 261 263 266 272 273 721 723 724 737
222
733
699 700 709 711 720
578 579
305 306 307 308 309 310 350 351 352 353 355 357
280 281 282 283 287 293 483 486 487 762 824 825 826 827
600
624
401 402 403 404 405 409 410 411 412

63 65 66 68 122 123 128 132
260 261 262 263
239 240 251
37 38 40 42 46
764
495 496 497 498 500 501 503 505 506 609 611 613 614 615
200 201 202 203 204
58 60
536 540 541
663 668 669 684
512
824 825 826 827
25 26 29 30
232
239 240
3 6 7 8 9 11 12 13 14 122 128 472 473 475
375 377 379 384
63 65 66 68 122 125 128 132
200 201 202 203 204
479 480 580 582 634 652 657 796 797 821 822 857 858 859 861 862 864
687 698 699 701 705 707 709
350 351 352 353 354 355 356 357 389 390 391 392 393 394
219
662 663 665 666 668 669 684
235 236 242 253 699 700 711 732
304
280 281 282 283 287 293 741 762 770 771 788 789 791 824 825 826 827
225 226 227 228 229 230
373 379 382 384
122 123 124 125 127 128 132 133 175
564 565 566 567 570 571 572 573 742 744 745 746 869 870 871
375 377 379 383 384
0 1 62 123 132
600
479 480 582 608 610 611 613 614 615 622 625 626 637 638 639 659 664 665 666 670 684 745 746 818
687 690 692 698 709
246 732
25 26 29 30
330 331 332 334 335 336 337 479 660
233 250 252 738
20 22
260 261 263 270
350 355 358 389 394
696
709 718
742 746 846 849
605 606 608 614
764
599 600 601
513 515
964
232 253
581 582
624
624 694 733 734
521 524 536 541
280 281 282 283 287 297 298 299
280 281 282 283 286 293 350 812 816
373 379 382 384 479 777 783 786 787 791 831 833 834 835
563 568 569 571 572 689 692 709 742 744 745 746 869 870 871
869 870 872 873 874
627
602
280 281 282 283 286 293 350 352 354 356 357 479 480 810 811
359 367 369 370 371 373 379 382 384
195 196 197 198 199
181 182 183 188 189 191 374 379 381 384 673 740 746
580
563 567
94 96 97 98 102
788 789 791
255 256 260 261 262 263 265
183 188 189 191 673 746
599 600
749
373 379 382 384 479 480 580 582 628 630 638 640 653 657 777 818 821 822 831 833 834 835
680 745 746
373 379 382 384 479 777 783 787 791 831 833 834 835

25 26 27 28 29
581 582 597 616 618 619 824 825 826 827 841
660
246 420 421 422 424 427 451 452 453 454 455 456 458 461 462 463 464 465 466 468 581 582 585 732 735 892 905 912 954 971 981 1008
413 414 416 417 418 419
255 256 260 261 263 264
373 379 382 384 479 480 580 582 628 630 638 640 655 657 777 818 821 822 831 833 834 835
544 545 546 547 549 550 551 553 555 557
32
195 196 197 198 199
2 6 122 127 128
125 132 133 165 166
563 567
220 470
494 495 496 497 498 500 501 502 503 506 733 888 889 892 905 912 929 930 951 952 967 975 981 1012
232
280 281 282 283 287 293 741 762 770 771 789 791 824 825 826 827
914 932 1012
737
2 6 9 11 12 13 14 15 122 128 472 473
966
493 495 496 497 498 500 501 502 506
708 709
280 281 282 287 359 363 369 370 372
373 379 382 384 479 776 777 831 833 834 835
373 379 382 384 479 580 582 628 638 640 651 777 818 831 833 834 835
195 196 197 198 199
479 480
373 379 382 384 479 580 582 628 630 638 640 649 651 777 818 831 833 834 835
244 251
671 672 673
359 362 369 370 371 373 377 379 384
753 843
5 6 9 10 11 12 13 14 122 128 209 213 215 216 217 218 219 220 221 222 223 224 225 226 227 228 229 230 472 473
686 695 697
687 688 692 698 709 717 733
2 6 9 11 12 13 14 15 122 127 128 472 473
25 26
5 6 9 10 11 12 13 14 15 17 18 122 128 209 210 211 213 215 216 218 219 220 221 222 223 225 228 230 471 472 473
280 281 282 283 286 293 350 352 354 356 357 479 817 818
373 379 382 384 479 777 783 787 791 831 833 834 835
479 830 831 833 834 835
624
338 479 480 582 637 638 639 678 818 824 825 826 827
280 281 282 283 285 287 290 291 292 293 751 762 824 825 826 827
280 281 282 287 359 368 369 372
479 480 582 608 611 613 614 615 622 625 626 637 638 639 659 684 818
280 281 282 286 350 808
373 379 382 384 479 480 580 582 628 630 638 640 646 647 777 818 831 833 834 835
746 747 845 848
708 709 710
736 737
876 877 898 971 972 973
582 648 649 651
280 281 282 283 286 293 350 352 356 357 482
255 256 260 261 262 263 264
231
876 877 888 889 892 893 894 942 943 944 998 999 1000 1001
316 317 322 323 324 325 326 327 328 329 743 746
479 817 818
122 125 127 132 133 280 281 282 283 286 293 350 353 354 356 357 486
245 246 732
744 745 746 828 829
373 379 382 384 479 777 779 780 783 831 833 834 835
72 73
479 480 580 582 634 652 657 796 797 821 822 857 858 859 860 861 862 863 864
414 415 416 418 419
195 196 197 198 199
231 236 242 253 699 700 711 732
660 661
623
181 182 183 188 189 190
586 587 588 589 590 594 595 596 735 887 892 905 909 928 929 930 931 970 971 975 981 1004 1005 1008 1012
744 746 844 847
280 281 282 287 359 365 369 370 372
581 582
699 700 709 711 719
744 746 851 854
373 379 382 384
171
280 281 282 283 286 293 350 353 354 356 357 491
479 480 831 832 833 834 835
122 479 480 839 840
737
687 688 692 698 709
581 582
63 65 66 67 68 69 79 80 83 87 88 91 92 122 124 132 338 374 379 381 384 740 825 826 827
5 6 9 10 11 12 13 14 122 128 209 213 215 216 217 218 219 220 221 222 223 224 225 226 227 228 229 230 472 473
0 1 123 132
58 59
678
255 256 260 261 263 264
231
738
401 402 403 404 405 409 410 411 412
200 201 202 203 204
687 688 692 698 709 715 717 733
5 6 9 10 11 12 13 14 122 128 209 213 215 216 217 218 219 220 221 222 223 224 225 226 227 228 229 230 472 473
232
183 184 185 186 187 188 189 190
179 181 182 183 188 189 191 673 746
246 420 424 425 426 427 429 430 431 433 436 437 438 439 449 450 451 452 453 454 455 456 457 458 461 462 463 464 465 466 468 581 582 585 732 735 892 905 912 981 1008
122 128 175 176 177 739 865 866 867
280 281 282 283 287 293 479 480 762 798 799 800 802 824 825 826 827
605 606 608 614 623 681
401 402 403 404 405 407 409 410 411 412
93 94 95 96 99 105
543 546 547 549 550 551 553 555 560 622 625 626 659 684
25 26 29 30
401 402 403 404 405 407 409 410 411 412

673
493 495 496 497 498 500 501 502 503 506 733 892 905 967 971
5 6 9 10 11 12 13 14 15 17 18 122 128 206 207 211 213 214 217 221 224 225 471 472 473
280 281 282 286 350 354 817 818
479 772 773 831 833 834 835
272 273 685 686 721 723 724 729 737
600
246 420 421 422 424 426 427 451 452 453 454 455 456 457 458 461 462 463 464 465 466 468 581 582 585 623 732 735 892 905 912 954 971 981 1008
25 26 27 28 29
5 6 9 10 11 12 13 14 15 17 18 122 127 208 209 210 211 212 215 218 221 373 379 382 384 471 472 473 778 833 834 835
599 600 601
251 253
236 242 253 699 700 711 732
284 286 293 303 304 351 356 358
280 281 282 283 286 293 350 352 354 356 357 479 480 818 819
543 546 547 549 550 551 552 553 555 557
4 5 6 9 10 11 12 13 14 15 17 18 122 127 128 205 206 207 212 213 214 217 221 470 471 472 473
272 273 721 723 724 737
756 757
750
787 791
373 379 382 384 479 580 582 628 630 638 640 641 777 818 831 833 834 835
373 379 382 384 778 833 834 835
141 142 144 145 147 149 150
494 495 496 497 498 500 501 502 503 506 733 888 889 892 905 911 912 929 930 951 952 967 975 981
222
699 700 711
5 6 9 10 11 12 13 14 122 128 209 213 215 216 217 218 219 220 221 222 223 224 225 226 227 228 229 230 472 473
493 495 496 497 498 500 506
280 281 282 286 350 480 806 807
352 356 357
25 26 28 29
280 281 282 287 293 580 607 631 762 824 825 826 827
141 142 144 145 147 148 150
195 196 197 198 199
63 65 66 68 122 123 128 132
742 746 753 795
974 981 982
280 281 282 283 293 725 726 727
687 691 692 698 709
758 759
373 379 382 384 479 480 580 582 628 630 638 640 657 658 777 818 821 822 831 833 834 835
280 281 282 300
4 6 7 8 9 11 12 13 14 122 128 472 473 475 477
687 698
179 181 182 183 188 189 191 673 746
791
731
749
280 281 282 286 350 354 809 810
5 6 9 10 11 12 13 14 15 17 18 122 128 205 206 207 211 213 214 217 221 470 471 472 473
317 322 743 746
280 281 282 286 350 805 806
238 251
479 480 580 582 634 635 654 657 796 797 821 822 857 858 859 861 862 864
94 95 96 99 105
257 258 259
580 631 763 764
753 842
586 587 588 589 590 723 724 736 737 745 746 887 892 905 928 929 930 931 970 971 975 981 1014 1015 1021
373 379 382 384 479 480 580 582 628 630 638 640 657 777 818 821 822 831 833 834 835
736 737
359 365 369 370 371 373 379 382 384
581 582
494 495 496 497 498 500 501 502 503 506 733 888 889 892 905 912 929 930 951 952 967 975 981 1011 1012
200 201 202 203 204
742 743 746 836 837
679 680 681 682 683 745 746
63 65 66 68 122 123 124 125 128 132
671 672 673 674 675 676 745 746
5 6 9 10 11 12 13 14 15 17 18 122 128 205 206 207 211 213 214 217 221 471 472 473
280 281 282 286 350 354 817 818
255 256 260 261 263 264 266 272 273 721 723 724 737
246 420 421 423 424 425 426 427 451 452 453 454 455 456 457 458 461 462 463 464 465 466 467 468 581 582 585 622 625 626 659 684 732 735 892 905 912 954 971 981 1008
621
122 125 132 133 833 834 835
479 480 580 582 634 652 657 796 797 821 822 857 858 859 860 861 862 864
877 909 910 974 975 976 977 978 979 980 981 982 983 1012 1013
255 256
877 886 887 888 889 890 892 894 909 1012
470
659
581 582 585 622 625 626 659 684
875 877 899 900 901 902 903 974 981 982 983
680 683
37 38 40 41 43 46 47 48
877 887 892 894 909 928 930 1012
886 890 891 1011
544 545 546 547 548 549 550 551 553 555 557
231
441 442 443 444 445 459 460 461 466 877 888 889 895 897 970
233 237 243 252 254 738
673 876 877 878 879 880 881 882 883 884 885 936 937 938 939 940 941
280 281 282 286 350 823
232
280 281 282 283 286 293 350 352 354 356 357 479 809 810
723 724 736 737
735 877 923 929 930 975 981 983 1002 1003 1004 1005 1006 1007 1008 1009 1010
471
374 379 381 384 479 480 580 582 634 652 657 740 796 797 821 822 857 858 859 860 861 862 863 864
479 480 580 582 634 652 657 797 821 822 864
561 679 745 746
742 743 746 836 837
401 402 403 404 405 407 409 410 411 412
684
603 604 606 608 614 621
687 698 699 706 707
479 480 495 496 497 498 500 501 503 505 506 582 608 610 611 613 614 615 622 637 638 639 664 665 666 670 684 818

279
563 570 572 742 744 745 746 869 870 871
4 6 7 8 9 11 12 13 14 122 128 472 473 475 477
280 281 282 284 293 296 311 312
332 333 334 335 336 337 479 480 660
622 679 680 745 746
170 530 541
699
180 182 183 188 189 190 191 479 480 580 632 633 673 746 753 793 795
401 402 403 404 405 409 410 411 412
341 344 345 349 359 364 365 369 370 371
123 132 133 192
319 322
563 570 571 572 742 744 745 746 869 870 871
5 6 9 10 11 12 13 14 15 17 18 122 128 209 210 211 213 215 216 217 218 219 220 221 222 223 224 225 226 227 228 230 471 472 473
575
373 377 379 384
440 441 442 443 444 446 447 448 460 461 466
742 743 746 836 837 846 849
746
603 604 606 608 614
877 899 900 903 934 935
37 38 40 41 42 43 46 47 48
625 626
494 495 496 497 498 500 501 502 503 506 733 888 889 892 905 912 929 930 951 952 967 975 981 1011 1012
195 196 197 198 199
280 281 282 287 359 367 369 370 372
231 253
791
523 535
601
624
373 374 379 381 382 384 479 480 580 582 628 629 652 657 740 777 821 822 831 833 834 835
280 281 282 283 293 294 350 374 379 381 384 740 823
603 604 606 608 614 620
493 495 496 497 498 500 501 502 506
280 281 282 283 286 293 350 352 354 356 357 804
846
258 259 260 261 263 268
374 379 381 384 479 581 582 638 644 646 740 804 818 876 877 945 956 957 959 960

479 582 597 598 638 642 646 753 818 841 843
695
522 534 541
167 533 541
373 379 382 384 479 580 582 628 630 638 640 643 646 777 818 831 833 834 835
72 73
493 495 496 497 498 500 501 502 503 506 733 892 905 967 971
20 21 23 24 280 281 282 283 287 293 374 379 381 384 740 762 824 825 826 827
760 761
583 584
479 480 495 496 497 498 500 501 503 505 506 582 608 612 613 614 615 622 637 638 639 733 818 963 964 967
624 694 733 734
750
330 331 332 334 335 336 337 479 660
195 196 197 198 199
37 38 40 41 43 46 47 48
122 479 838 839
622 625 626 659 684
255 260 261 262 263 264 267 272 273 721 723 724 737
916 920 932
195 196 197 198 199
50 51 54
748

2 6 9 11 12 13 14 17 18 122 128 131 472 473
350 355 389 394
479 480 773 774 831 833 834 835
734 877 921 984 985 986 987 988 989 990 991 992
480
151 479 480
479 480 582 637 638 639 678 818 824 825 826 827
260 261 262 263
478
687 698 699 702 704 709
791
255 256
513
886 889 892 893 909 910 1012 1013
93 94 96 101 105 134 135 136 138 139 140

722 723 724 736 737
373 379 382 384 479 480 580 582 628 630 638 640 657 777 818 821 822 831 833 834 835
37 38 39 40 42 44 45 46 47 48
804
280 281 282 283 287 293 762 785 824 825 826 827
479 809 810
486 488
479 820 821
141 142 144 145 147 148 150
231
373 379 382 384 479 580 582 628 638 640 651 777 818 831 833 834 835

563 570 571 572 742 744 745 746 869 870 871
610 611 613 614 615
581 582 804 876 877 948 958 959 960
5 6 9 10 11 12 13 14 15 17 18 122 128 205 206 207 211 213 214 217 221 471 472 473
974 977 978 1011
179 181 182 183 188 189 190
2 6 7 8 9 11 12 13 14 122 128 472 473 475
280 281 282 350 479 480 831 832
341 346 347 349 359 366 367 369 370 371
79 80 81 82 83 86 92
280 281 282 286 350 354 813 814
238

581 582
685 686 729 877 887 904 908 909 925 927 928 929 930 931 961 962 970 975 981 983 1011 1012
94 95 96 97 98 99 102
25 26 29
620
926 962
2 6 9 11 12 13 15 16 122 128 472 473
341 343 344 345 346 347 348 349
2 6 9 11 12 13 15 16 17 18 122 128 472 473
280 281 282 350 479 833 834 835 838 839
721 723 724 736 737
493 495 496 497 498 500 501 502 503 506 733 892 905 967 971
605 606 608 614
414 415 416 418 419
623 745 746
581 582 617 618 619 824 825 826 827 841
232

122 124 127 132 133 280 281 282 283 286 293 350 353 356 357 485
581 582 585 625 626 659
479 582 636 638 818
280 281 282 283 293 350 352 354 356 357 479 480 818 819
25 26 29
2 6 9 11 12 13 15 16 122 128 472 473
280 281 282 283 293 350 352 354 356 357 479 480 814 815 818
667 668 669 670 684 686 745 746
492 493 495 496 497 498 499 500 501 502 503 507 508 509 510
869 870 871 872 873 874
754
699 700 709 712
37 38 40 41 46 478
280 281 282 283 284 286 287 293 350 351 352 353 354 355 356 357 385
686 687 688 692 698 709 716 717 729

338 339 340
563 568 569 571 572 689 692 698 709 742 744 745 746 869 870 871
544 545 546 547 548 549 550 551 553 555 557
280 281 282 283 286 293 350 353 354 356 357 483 486 487
4 5 6 7 8 9 11 12 13 14 122 128 472 473 475
35
479 480 582 652 657 821 822 857 858 860 861 862 863 864
624 685 686 694 729 733 734
723 724 737
876 877 953 954 970 971 972 973
479 581 582 585 638 644 646 804 818 876 877 947 955 958 959 960
479 480 580 582 634 652 657 796 797 821 822 857 858 859 861 862 864
685 686 729 731 875 993 994 995 996 997
280 281 282 283 287 297 299
494 495 496 497 498 500 501 502 503 506 733 888 889 892 905 911 912 929 930 951 952 967 975 981
401 402 403 404 405 407 409 410 411 412
687 698 699 702 703 704 709
200 201 202 203 204
681 682
671 672 673
280 281 282 283 287 293 741 762 770 771 789 791 824 825 826 827

373 379 382 384 479 480 580 582 628 630 638 640 646 647 777 818 831 833 834 835
414 415 416 418 419
547 548
359 364 369 370 371 373 379 382 384
786 787 791
280 281 282 286 350 354 804
730
886 889 890 1011
542 543 544 545
744 745 746 828 829
808
255 256 260 261 263 265
4 6 7 8 9 11 12 13 14 122 128 472 473 475 477
732
280 281 282 350 479 830 831

754 756 758 760
563 567
775 833 834 835
180 182 183 188 189 191 673 746
791
479 480 582 652 657 821 822 857 858 860 861 862 863 864
280 281 282 287 359 366 369 370 372
232 249 732
58
713 717 733
556 557
225 226 227 228 229 230
624
699 700
106 108 109 110 111 112 116 117 118 119 120 122 123 128 132 133

685 686 729 732
479 480 744 746 753 793 794 795
122 125 127 132 133 280 281 282 283 286 293 350 479 830 831 833 834 835
5 6 9 10 11 12 13 14 122 128 209 213 215 216 217 218 219 220 221 222 223 225 226 227 228 229 230 472 473
479 581 582 818 876 877 946 957 959 960
479 809 810
723 724 736 737 877 1014 1015 1016 1017 1018 1019 1020 1021 1022
280 281 282 286 350 354 813 814
599
231
479 480 582 638 645 646 647 818
280 281 282 286 350 354 820 821
932 1012
233 235 236 237
625 626
479 480 580 582 634 652 657 796 797 821 822 857 858 859 860 861 862 864
484 486 488
763
624 694 733 734
123 132 133 192
359 366 369 370 371 373 379 381 384
603 604 606 608 609 611 613 614 615 620
586 587 588 589 590 594 595 735 887 892 905 909 928 929 930 931 970 971 975 981 1004 1005 1008 1012
521 526 533 538 541
492 493 495 496 497 498 499 500 501 502 503 507 508 509 510
812 816
260 261 263 266 272 273 685 686 721 723 724 729 736 737
479 480 821 822
280 281 282 283 293 294 350 352 354 356 357 479 820 821
563 568 572 689 692 698 709 742 744 745 746 869 870 871
233 252
2 6 7 8 9 11 12 13 14 122 128 472 473 475
542 543 544 545
622 625 626 659 684 876 877 906 907 970 971 972 973
581 582 585 625 626 659
58 59
280 281 282 350 479 480 833 834 835 839 840

520 525 532 537
37 38 40 42 46
232 246 732
733 916 920 925 961 962 967
909 910 975 981 982 1012 1013
581 582 585 622 625 626 659 684
249 251 732

2 6 7 8 9 11 12 13 14 122 128 472 473 475
877 931 932 970 971 973 1012
913
733 914 917 925 961 962 967
274 275
332 660
37 38 40 41 46 478
37 38 40 41 46
4 6 7 8 9 11 12 13 14 122 128 472 473 475 477
