98 103 299 300 301 302 303 320 321 322 323 423
373 374 382 383 416 425 426 429 493
3 40 45 47 50 51 52 53 99 100 102 103 187 188 189 199 200 201 202 203 205 206 207 208 209 210 211 212 232 233 234 347 348 373 378 379 380 382 383 384 386 420 424 448 449 456 457 459 460 461 462 464 465 467 468 469 470 471 472 473 474 475 476 477 478 479 480 487 488 489 490
40 424 432 433 437 439 440 441 442 443
287 288 289 291 292 293 294 295 296
181 421 422
142 199 219 220 221 222 416 425 426 429 446
287 288 292 297 298
385 387 388
40 78 79 80 81 82 424 433 439 491 492
107 108 113 114
389 390 392 393

414
142 199 219 220 221 222 416 425 426 429 446
4 6 9 11 12 15 16 17 18 19 20 23 24 28 29 30 31 32
98 103 299 300 301 303 324 423
99 100 103 454 455 456 457
336 337 338 339 415 416
373 374 382 383 416 425 426 429 493
287 288 292
165 199 250 251 252 425 426 429 446
389 390 391 393
389
10 12 13 14 22 25 33 34 35 36 37 39
389 390 392 393
98 103 299 300 301 302 303 320 321 322 323 423
287 288 289 290 291 292 293 294 295
422
142 149 199 203 204 223 425 426 429 446
159 160 162
389
199 216 217 218 416 425 426 429 446
100 103 107 108 132 133 134
362 363 364 365 366 367 373 374 381 382 383 416 425 426 429 493
372 373 374 380 381 382 383 416 425 426 429 493
141
389 394 399
139 140
40 424 432 433 437 439 440 441 442 443
421 422
176 179 180 199 416 425 426 429 446
99 103 199 283 425 429 444 445 446
40 55 56 57 58 59 60 61 62 63 64 65 66 67 69 70 71 97 424 431 432 433 434 436 439 440 441 442 443
389 394 395 397 398 399
341 342 343
287 288 289 291 292 293 294 295 296
181 183 421 422
40 424 432 433 437 439 440 441 442 443
259 260
98 103 299 300 301 302 303 304 305 306 307 308 309 310 311 312 313 314 315 316 317 318 319 415 423
442 443
109 124 125 126 286 400
98 103 299 300 301 308 309 310 423
102 103 446
40 55 56 57 58 59 60 61 62 63 64 65 66 67 69 70 71 97 424 432 433 434 435 439 440 441 442 443
0 193 199 235
287 288 289 291 292 293 294 295 296
301
163 164 241 242 243
99 103 199 255 256 257 414 425 426 429 444 445 446
184 186
40 45 47 50 51 52 53 99 100 101 103 187 188 189 199 200 201 202 203 205 206 207 208 209 210 211 212 232 233 234 347 348 373 378 379 380 382 383 384 386 420 424 448 449 456 457 459 460 461 462 464 465 467 468 469 470 471 472 473 474 475 476 477 478 479 480 487 488 489 490
389
109 127 286 400 401
99 103 189 199 201 236 237 264 420 425 429 446 481 483 484 486
184 185 186
415
287 288 289 291 292 334
199 236 237 238 239 264 416 425 426 429 446 488 489
5 6 7 8 12 13 14 21 24 25 26 27
404 405 409 410
156 199 265 279
99 103 168 169 170 189 199 201 420 425 426 429 430 446 481 483 484 486
107 108 114
336 337 339 413 415 416
40 55 56 57 58 59 60 61 62 63 64 65 67 68 69 70 71 97 424 431 432 433 434 436 439 440 441 442 443
98 103 299 300 301 319 423
287 288 292 296
389
98 103 299 300 301 303 324 423
78 492
168 169 170 199 425 426 429 430 446
389
156 199 265 266 267 268 270 271 272 273 274 275 276 277 278 279
99 103 199 255 256 257 414 425 426 429 444 445 446
161 248 249
354 355 356 357 358 359 360 361 373 374 381 382 383 416 425 426 429 493
345 346
451 452
102 103 469
168 169 170 199 425 426 429 430 446
416
98 103 299 300 301 303 320 321 322 323 423
99 100 101 103 106 107 108 114 117 133 134
98 103 299 300 301 308 309 310 311 312 415 423
184 185
98 103 299 300 301 302 303 321 322 323 423
142 146 147 149 199 223 416 425 426 429 446
98 103 299 300 301 308 309 310 311 312 415 423
165 166 167 199 250 252 425 426 429 446
199 261 262 263 417 418 419
335 389 402 403
286 400
171 172 173 174 175 199 236
98 103 299 300 301 308 309 311 415 423
98 99 103 104 105 111 112 115 116 119 120 121 122 123 128 129 130 135 136 137 138 423 427 428
40 54 99 100 103 373 378 379 380 382 383 384 386 457 458 459 460 461 462 464 465 469 475 476 477 478 479 480 488 489 490
98 103 299 300 301 304 423
444 445
48 49 72 463
78 460 461 462 476 479
287 288 292 334
98 103 299 300 301 314 423
152 153 155 411 412
152 155 412
165 199 250 253 254 425 426 429 446
99 103 189 199 201 373 374 375 376 377 380 381 382 383 416 420 425 426 429 481 483 484 485 488 493
385 387 388
98 103 299 300 301 308 309 310 423
171 172 173 174 175 199 236
40 42 43 44 424 432 433 439
98 99 103 104 105 111 112 115 116 118 120 121 122 123 128 129 130 135 136 137 138 423 427 428
385 387 388
404 405 406 407
98 103 299 300 301 302 303 320 321 322 323 423
3 40 41 78 79 99 100 103 199 200 201 202 203 205 206 207 208 209 210 211 212 232 233 234 420 424 450 457 460 461 462 464 465 470 473 476 477 479
142 199 219 220 221 222 416 425 426 429 446
389 394 395 396 397 398 399
99 103 199 283 425 429 444 445 446
195 196 197 198 199 416 425 426 429 446
99 103 199 283 425 429 444 445 446
40 424 432 433 437 439 440 441 442 443
287 288 289 290 291 292 293
99 103 199 255 256 257 414 425 426 429 444 445 446
340 404 405 408 420
176 177 178 199 416 425 426 429 446
389 394 395 396 397 399
98 103 299 300 301 302 303 320 321 322 323 423
287 288 291 292 296
99 103 189 199 201 349 350 373 374 375 376 377 378 379 382 383 416 420 425 426 429 481 482 483 484 485 488 493
98 99 103 104 105 111 112 115 116 119 120 121 122 123 128 129 130 135 136 137 138 423 427 428
287 288 292 297 334
98 103 299 300 301 308 309 310 311 312 415 423
99 103 199 283 425 426 429 444 445 446
40 45 47 50 51 52 53 99 100 103 187 188 199 200 201 202 203 205 206 207 208 209 210 211 212 232 233 234 347 348 373 378 379 380 382 383 384 386 420 424 448 449 450 454 455 456 457 460 461 462 464 465 466 467 468 469 470 472 473 476 477 478 479 480 487 488 489 490
99 102 103 373 378 379 380 382 383 384 386 469 488 489
40 93 94 95 96 97 199 200 202 203 205 206 207 208 209 283 284 285 424 432 433 434 435 437 438 439 440 441 442 443
139 140
40 45 47 50 51 52 53 99 100 103 187 188 189 199 200 201 202 203 205 206 207 208 209 210 211 212 232 233 234 347 348 373 378 379 380 382 383 384 386 420 424 448 449 456 457 459 460 461 462 464 465 467 468 469 470 471 472 473 474 475 476 477 478 479 480 487 488 489 490
156 199 265 269 270 416 425 426 429 446
99 103 199 283 425 429 444 445 446
199 280 281 282 416 425 426 429 446
368 369 370 371 373 374 381 382 383 414 416 425 426 429 493
199 227 228 229 230 231 416 425 426 429 446
368 369 370 371 373 374 381 382 383 414 416 425 426 429 493
416
372 373 374 378 379 381 382 383 416 425 426 429 493
287 288 289 290 291 292 293 294 295
40 424 432 433 437 439 440 441 442 443
2 3 40 45 46 47 99 100 103 199 200 201 202 203 205 206 207 208 209 210 211 212 232 233 234 420 424 450 454 455 456 457 459 460 461 462 464 465 470 473 476 477 479
99 103 444 445
258 260
99 103 189 199 200 201 232 233 234 420 481 483
99 103 142 143 144 145 147 148 149 150 151 152 153 154 199 200 202 203 205 206 207 208 209 210 211 212 223 224 225 226 412 424 466 470 472
336 338 416
336 337 339 415 416
287 288 292 297 298
458
389 390 392 393
389
40 55 56 57 58 59 60 61 62 63 64 65 66 67 69 70 71 97 424 432 433 434 435 439 440 441 442 443
98 103 299 300 301 308 309 310 311 312 415 423
415
441
351 352 353 422
40 83 84 85 86 87 88 89 90 91 92 424 432 433 437 439 440 441 442 443
100 103 189 199 201 420 481 483
99 103 168 169 170 189 199 201 420 425 426 429 430 446 481 483 484 486
99 102 103 373 378 379 380 382 383 384 386 469 488 489
142 199 219 220 221 222 416 425 426 429 446
1 40 45 47 50 51 52 53 99 100 103 199 200 201 202 203 205 206 207 208 209 210 211 212 232 233 234 347 348 372 373 378 379 380 381 382 383 384 386 420 424 448 449 454 455 456 457 459 460 461 462 464 465 469 470 473 476 477 478 479 480 487 488 489 490
99 102 103 373 378 379 380 382 383 384 386 469
40 55 56 57 58 59 60 61 62 63 64 65 66 67 69 70 71 97 424 431 432 433 434 436 439 440 441 442 443
98 103 299 300 301 303 324 423
99 100 103 457 460 461 462 476 479
100 103 446
336 339 416
99 103 158 163 164 189 199 201 240 241 242 243 246 247 416 420 425 426 429 446 481 483 484 486
98 103 423 447 453
0 194 199 235
159 160 162
40 41 78 99 100 103 373 378 379 380 382 383 384 386 457 460 461 462 464 465 469 476 477 478 479 480 488 489 490
336 337 338 339 415 416
347 348 373 374 382 383 416 425 426 429 493
336 339 416
98 103 299 300 301 308 309 310 311 312 415 423
351 352 353
100 103 107 131 133 134
389 390 392 393
182 422
344
99 100 101 103 107 108 133 134
483
287 288 289 291 292 296
142 190 191 192 199 416 425 426 429 446
99 100 101 103 106 107 108 117 133 134
244 245
98 103 299 300 301 313 423
415
12 13 14 23 25 28 29 30 31 32 38
98 103 299 300 301 308 309 310 423
3 99 100 103 450 454 455 456 457 459
40 73 74 75 76 77 97 424 431 432 433 434 436 437 439 440 441 442 443
98 103 299 300 301 302 303 304 325 326 327 328 329 330 331 332 333 423
157 199 213 214 215 425 426 429 446
109 110 334
