15294 15296 15297 15402 15404 15406 15408 42043 42045 42055 42057 42059 42060 42062 42063 42065 42066 42082 42084 42086 42091 42093 42095 42096 42097 42099 42102 42108 42114 42119 42120 42122 42124 42128 42141 42143 42153 42155 42406 42408 42410 42412 42417 42420 42422 42427 42428 42431 42433 42435 42437 42446 42448 42449 42450 42452 42453 42455 42460 42461 42463 42464 42465 42466 42467 42469 42470 42471 42473 42475 42476 42498 42500 42501 42502 42511 42513 42515 42516 42519 62290 62292 62305 62307 62309
48599 48601 48621 48623 48766 48768 48774 48776 61794 61796 61801 61806 62480 62482 62483 62485 62487 62488 62490 62491 62493 62497 62503 62504 62507 62518 62520 62521 62522 62524 62529 62531 62532 62536 62547 62549 62810 62813 62815 62816 62818 62819 62820 62821 62823 62828 62835 62844 62849 62851 62864 62870 62875 62877 62881 62883 62884 62921 62923 66323 66325 66326 66328 66332 66334 66349 66351 66366 66373 66375
2524 2526 4110 4112 5162 5164 5179 5181 7694 7697 7698 7699 7700 7715 7717 7750 7752 7769 7771 15320 15322 15336 15338 15368 15370 15402 15404 15408 25621 25623 25648 25650 26895 26897 30810 30812 30824 30826 30832 30834 30847 30849 30875 30877 30901 30903 30929 30931 30950 30952 30972 30974 30993 30995 31003 31006 31008 31009 31010 31011 31012 31013 31014 31016 31017 31019 31020 31022 31025 31027 31028 31035 31036 31038 31041 31043 31045 31049 31051 31052 31054 31058 31060 33893 33895 33903 33905 33913 33915 47570 47572 47575 47577 48599 48601 48680 48682 48739 48741 48748 48750 48766 48768 48774 48776 48784 48786 48827 48830 48832 48833 48834 48835 48836 48837 48838 48840 62125 62127 62129 62434 62436 62437 62439 62441 62442 62444 62446 62448 62453 62455 62459 62464 62467 64190 64192 64204 64206 64403 64406 64407 64408 64409 64410 64411 64413 64418 64420 64422 64424 64432 64443 64444 64446 64454 64456 64465 64467 64469 64470 64472 64474 64476 64478 64486 64487 64489 64497 64503 64505 64507 64509 64511 64514 64515 64516 64518 64648 64650 64652 64654 64655 64658 64660 64661 64664 64665 64667 64668 64670 64672 64673 64674 64676 64677 64680 64681 64717 64719 64721 64722 64724 64730 64732 64735 64738 64744 64747 64748 64750 64751 64753 64755 64758 64765 64767 64769 64780 64786 64789 64792 64794 64801 64816 64821 64825 64827 64829 64833 64834 64836 64839 64852 64854 64855 64857 64860 64978 64980 64982 64983 64984 64985 64987 65013 65015 65018 65020 65035 65037 65038 65039 65042 65048 65049 65050 65052 65054 65055 65058 65060 65062 65064 65065 65067 65083 65085 65087 65105 65108 65114 65121 65160 65164 65166 65171 65172 65174 65176 65179 65181 65182 65196 65198 65199 65201 65202 65203 65205 65208 65219 65221 65223 65247 65249 65251 65263 65265 65266 65287 65289 65292 65293 65295 65297 65301 65315 65317 65319 65321 65322 65326 65343 65358 65362 65364 65365 65395 65399 65401 65404 65406 65429 65431 65434 65436 65438 65439 66011 66013 66015 66016 66018 66019 66021 66032 66034 66036 66041 66042 66044 66058 66060 66062 66063 66065 66069 66082 66084 66086
4110 4112 62434 62436 62437 62439 62441 62442 62444 62446 62448 62453 62455 62459 62461 62464 62467 63085 63087 63090 63093 63095 63096 63097 63098 63104 63115 63116 63117 63118 63119 63123 63134 63139 63141 63165 63166 63237 63239 63240 63241 63242 63260 63263 63264 63266 63267 63268 63270 63272 63275 63277 63285 63290 63291 63295 63297 63301 63306 63308 63311 63312 63318 63319 63321 63322 63323 63334 63335 63337 63338 63339 63349 63352 63354 63356 63368 63370 63372 63394 63396 63401 63402
41684 41686 41687 41690 41692 41693 41695 41696 41698 41713 41715 41717 41718 41723 41725 41746 41748 41750 41753 41754 41756 41760 41763 41765 41767 41770 41771 41773 41774 41779 41781 41786 41788 41791 41794 41796 41798 41801 41803 41804 41806 41808 41811 41813 41814 41815 41817 41818 41819 41820 41822 41823 41825 41826 41828 41830 41831 41832 41833 41835 41837 41844 41849 41851 41855 41859 41862 41864 41866 41871 41873 41878 41883 41884 41886 41888 41889
24172 24174 62142 62144 62157 62159 62161 62166 62167 62171 62173
20567 20569 30810 30812 32257 32259 32268 32270 32279 32281 32290 32292 32294 32299 32300 32302 32305 32307 32314 61794 61796 61801 61806 62480 62482 62483 62485 62487 62488 62490 62491 62493 62497 62503 62504 62507 62518 62520 62521 62522 62524 62529 62531 62532 62536 62542 62543 62547 62552 62553 62555 62556 62560 62562 62566 62810 62813 62815 62816 62818 62819 62820 62821 62823 62825 62828 62835 62844 62849 62851 62864 62870 62875 62877 62881 62883 62884 62921 62923 63771 63773 63774 63775 63776 63778 63783 63789 63793 63812 63813 63820 63822 63830 63832 63840 63845 63859
41684 41686 41687 41690 41692 41693 41695 41696 41698 41763 41765 41767 41770 41771 41773 41774 41892 41894 41899 41901 41902 41904 41905 41906 41908 41911 41921 41923 41925 41927 41928 41930 41932 41933 41935 41938 41939 41941 41943
48797 48799 48804 48806 49570 49572 49575 49578 49582 49586
4110 4112 13032 13052 13055 13058 13060 13070 13072 13087 13089 62434 62436 62437 62439 62441 62442 62444 62446 62448 62453 62455 62459 62464 62467 63090 63093 63095 63096 63097 63098 63104 63115 63116 63117 63118 63119 63123 63134 63139 63141 63165 63166 63260 63263 63264 63266 63267 63268 63270 63272 63275 63277 63285 63287 66211 66213 66216 66218 66220 66225 66227 66228
16077 16079 16081 16082 16084 16086 16087 16089 16102 16104 16122 16125 16126 16127 16128 16130 16132 16134 16143 16150 16151 16153 16154 16161 18607 18609 18612 18614 18616 18625 18626 18631 18636
49849 49851 49853 49858 49859 49860 49861 49862 49865 49867 49872 49873 49875 49877 49879 49882 50943 50945 50946 50947 50990 50993

61691 61693 61695 61698 61703 61704 61706 61712
20567 20569 30810 30812 32257 32259 32268 32270 32279 32281 32290 32292 32294 32299 32300 32305 32307 32314 61794 61796 61801 61806 62480 62482 62483 62485 62487 62488 62490 62491 62493 62497 62503 62504 62507 62518 62520 62521 62522 62524 62529 62531 62532 62536 62542 62543 62547 62552 62553 62555 62556 62560 62562 62566 62810 62813 62815 62816 62818 62819 62820 62821 62823 62825 62828 62835 62844 62849 62851 62864 62870 62875 62877 62881 62883 62884 62921 62923 63771 63773 63774 63775 63776 63778 63783 63789 63793 63812 63813 63820 63822 63830 63832 63840 63845 63859
2550 2552 2556 2570 2572 2610 2612 2617 2698 2702 2704 2705 2733 2735 2738 2740 2743 2745 3067 3069 3070 3071 3073 3074 3075 3077 3079 3081 3082 3085 3087 3091 3096 3100 3108 3113 3115 3117 3128 3132 3133 3134 3137 3142 3149 3151 3153 3161 3163 3168 3172 3173 3174 3176 3177 3180 3194 3196 3210 3212 3215 3217 3218 3221 3224 3226 3229 3231 3233 3237 3243 3249 3250 3253 3408 3410 3411 3412 3414 3415 3421 3424 3429 3430 3438 3440 3441 3495 3497 3498 3499 3502 3504 3507 3509 3513 3516 3518 3521 3523
15294 15296 15297 15402 15404 15406 15408 42043 42045 42055 42057 42059 42060 42062 42063 42082 42084 42086 42091 42093 42095 42096 42097 42099 42102 42108 42114 42119 42120 42122 42124 42128 42153 42155 42522 42524 42526 42529 42530 42531 42533 42535 42538 42539 42541 42543 42546 42547 42549 42552 62290 62292 62305 62307 62309
15320 15322 15336 15338 15402 15404 15408 64343 64345 64348 64350 64356 64357 64358 64360 64364 64366 64403 64406 64407 64408 64409 64410 64411 64413 64415 64648 64650 64652 64654 64655 64658 64660 64661 64664 64665
45144 45146 45147 45178 45180 45182 45183 45190 45193 45195 45196 45198 45199 45200 45201 45203 45207 45209 45210 45211 45213 45216 45219 45223 45228 45230 45234 45239 61725 61727 61728 61729 61730 61731 61733 61738 61739 61742 61752 61753 61758 61759 61761 61763 61768 61769 61770 61794 61796 61801 61806
48599 48601 48621 48623 48766 48768 48774 48776 61794 61796 61801 61806 62480 62482 62483 62485 62487 62488 62490 62491 62493 62497 62503 62504 62507 62518 62520 62521 62522 62524 62529 62531 62532 62536 62547 62549 62810 62813 62815 62816 62818 62819 62820 62821 62823 62828 62835 62844 62849 62851 62864 62870 62875 62877 62881 62883 62884 62921 62923 66323 66325 66326 66328 66332 66338 66340 66349 66351 66366 66373 66375
41684 41686 41687 41690 41692 41693 41695 41696 41698 41763 41765 41770 41771 41773 41774
21549 21551 30810 30812 37123 37125 37133 37135 37138 37140 62480 62482 62483 62485 62487 62488 62490 62491 62493 62497 62503 62504 62507 62518 62520 62521 62522 62524 62529 62531 62532 62536 62547 62549 62810 62813 62815 62816 62818 62819 62820 62821 62823 62825 62828 62835 62844 62849 62851 62864 62870 62875 62877 62881 62889 62907 62909 62910 62921 62923 63771 63773 63774 63775 63776 63778 63783 63789 63793 63812 63813 63820 63822 63830 63832 63840 63845 63859
49849 49851 49853 49855 49858 49859 49860 49861 49862 49865 49867 49869 50931 50933 50934 50990 50993
49849 49851 49853 49858 49859 49860 49861 49862
2677 2679 2702 2704 2705 2708 2710 2718 2720 3337 3339 3340 3341 3342 3343 3345 3346 3347 3349 3351 3352 3354 3355 3357 3362 3366 3368 3370 3373 3374 3377 3380 3382 3384 3386 3390 3394 3396 3400 3402 3405 3462 3464 3465 3466 3558 3560 3561 3564 3566 3591 3593 3594 3597 3599 3618 3620 3646 3648
49849 49851 49853 49858 49859 49860 49861 49862 49865 49867 49872 49873 49875 49879 49882 50943 50945 50946 50947 50990 50993
15294 15296 15297 15402 15404 15406 15408 42043 42045 42055 42057 42059 42060 42062 42063 42065 42066 42082 42084 42086 42091 42093 42095 42096 42097 42099 42102 42108 42114 42119 42120 42122 42124 42128 42141 42143 42153 42155 42406 42408 42410 42412 42417 42420 42422 42427 42428 42431 42433 42435 42437 42446 42448 42449 42450 42452 42453 42455 42460 42461 42463 42464 42465 42466 42467 42469 42470 42471 42486 42488 42489 42498 42500 42501 42502 42511 42513 42515 42516 42519 62290 62292 62305 62307 62309
41684 41686 41687 41690 41692 41693 41695 41696 41698 41713 41715 41717 41718 41723 41725 41733 41735 41737 41738 41743 41746 41748 41750 41753 41754 41756 41760 41763 41765 41767 41770 41771 41773 41774 41779 41781 41786 41788 41791 41794 41796 41798 41801 41803 41804 41806 41808 41811 41813 41814 41815 41817 41818 41819 41820 41822 41823 41825 41826 41828 41830 41831 41832 41833 41835 41849 41851 41855 41859 41862 41864 41866
62157 62159 62161 62166 62167 62169 62171 62173
20567 20569 20700 20702 30810 30812 30875 30877 30886 30888 32356 32358 62480 62482 62483 62485 62487 62488 62490 62491 62493 62497 62503 62504 62507 62518 62520 62521 62522 62524 62529 62531 62532 62536 62547 62549 62810 62813 62815 62816 62818 62819 62820 62821 62823 62825 62828 62835 62844 62849 62851 62864 62870 62875 62877 62881 62889 62907 62909 62910 62921 62923 63771 63773 63774 63775 63776 63778 63783 63789 63793 63812 63813 63820 63822 63830 63832 63840 63845 63859
21428 21430 21433 21435 21452 21454 21459 21461
49849 49851 49853 49858 49859 49860 49861 49862
30810 30812 32015 32017 32104 32106 32109 32111 61794 61796 61801 61806 62480 62482 62483 62485 62487 62488 62490 62491 62493 62497 62503 62504 62507 62518 62520 62521 62522 62524 62529 62531 62532 62536 62547 62549 62810 62813 62815 62816 62818 62819 62820 62821 62823 62825 62828 62835 62844 62846 62849 62851 62864 62870 62875 62877 62881 62883 62884 62921 62923 63771 63773 63774 63775 63776 63778 63783 63789 63793 63812 63813 63820 63822 63830 63832 63840 63845 63859
15336 15338 15402 15404 15408 16077 16079 16081 16082 16084 16086 16087 16089 16102 16104 16122 16125 16126 16127 16128 16130 16132 16134 16143 16150 16151 16153 16154 16161 19519 19521 19524 19526 19527 19529 19530 19535 19537 19545 19547 19549 19550 19551 19553 19554 19556 19558 19568 19572 19574 19576 19579 19583
48383 48385 48391 48393 48399 48401 48407 48409 48415 48417 48423 48425 48599 48601 48621 48623 48756 48758 48766 48768 48774 48776 61794 61796 61801 61806 62480 62482 62483 62485 62487 62488 62490 62491 62493 62497 62503 62504 62507 62518 62520 62521 62522 62524 62529 62531 62532 62536 62547 62549 62810 62813 62815 62816 62818 62819 62820 62821 62823 62828 62835 62844 62849 62851 62864 62870 62875 62877 62881 62883 62884 62889 62907 62909 62910 62921 62923 66323 66325 66326 66328 66332 66338 66340 66349 66351 66366 66373 66375
48543 48545 48599 48601 48621 48623 48748 48750 48756 48758 48766 48768 48774 48776 61794 61796 61801 61806 62480 62482 62483 62485 62487 62488 62490 62491 62493 62497 62503 62504 62507 62518 62520 62521 62522 62524 62529 62531 62532 62536 62547 62549 62810 62813 62815 62816 62818 62819 62820 62821 62823 62828 62835 62844 62849 62851 62864 62870 62875 62877 62881 62883 62884 62921 62923 66323 66325 66326 66328 66330 66349 66351 66366 66373 66375
19902 19904 19906 19909 19910 19912 19914 19917 19919 19923 19926 19927 19929 19932
49849 49851 49853 49858 49859 49860 49861 49862 51063 51065 51066 51067 51068 51188 51191 51193 51195
19831 19833 19835 19838 19840 19842 19844 19847 19848 19850 19853 19856 19867 19869 19876 19890 19892
4110 4112 62434 62436 62437 62439 62441 62442 62444 62446 62448 62453 62455 62459 62464 62467 63085 63087 63090 63093 63095 63096 63097 63098 63104 63115 63116 63117 63118 63119 63123 63134 63139 63141 63165 63166 63237 63239 63240 63241 63242 63260 63263 63264 63266 63267 63268 63270 63272 63275 63277 63285 63290 63291 63295 63297 63306 63308 63311 63312 63314 63318 63319 63321 63322 63323 63325 63334 63335 63337 63338 63339 63341 63352 63354 63356 63368 63370 63372 63394 63396 63401 63402
62142 62144 62157 62159 62161 62166 62167 62171 62173
23958 23960 24074 24076 24084 24086 30810 30812 61794 61796 61801 61806 62480 62482 62483 62485 62487 62488 62490 62491 62493 62497 62503 62504 62507 62518 62520 62521 62522 62524 62529 62531 62532 62536 62547 62549 62810 62813 62815 62816 62818 62819 62820 62821 62823 62825 62828 62835 62844 62849 62851 62864 62870 62875 62877 62881 62883 62884 62886 62921 62923 63771 63773 63774 63775 63776 63778 63783 63789 63793 63812 63813 63820 63822 63830 63832 63840 63845 63859
15320 15322 15402 15404 15408 30810 30812 39792 39794 62480 62482 62483 62485 62487 62488 62490 62491 62493 62497 62503 62504 62507 62810 62813 62815 62816 62818 62819 62820 62821 62823 62825 63708 63710 63711 63713 63714 63716 63718 63721 63726 63738 63740 63742 63747 63752 63754 63761 63766 63768 63771 63773 63774 63775 63776 63778 63783 63789 63793 63812 63813 63820 63822 63830 63832 63840 63845 63859
4110 4112 8946 8949 8957 8959 8977 8979 9001 9003 9052 9054 9069 9071 9087 9089 9105 9107 9122 9124 9138 9140 9154 9156 9195 9197 9199 9205 9206 9207 9209 9211 9212 9218 9247 9249 9267 9269 9287 9289 9328 9330 14267 14269 62434 62436 62437 62439 62441 62442 62444 62446 62448 62453 62455 62459 62464 62467 63080 63082 63085 63087 63090 63093 63095 63096 63097 63098 63104 63115 63116 63117 63118 63119 63123 63134 63139 63141 63165 63166 63169 63171 63174 63176 63183 63185 63220 63222 63224 63225 63226 63227 63228 63230 63233 63260 63263 63264 63266 63267 63268 63270 63272 63275 63277 63285 63287 63290 63291 63293 63306 63308 63311 63312 63318 63319 63321 63322 63323 63334 63335 63337 63338 63339 63349 63352 63354 63356 63368 63370 63372 63394 63396 63401 63402
49849 49851 49853 49858 49859 49860 49861 49862 51063 51065 51066 51067 51068 51142 51144 51165 51167 51178 51180 51185 51188 51191 51199
46169 46171 46174 46176 46198 46200 46202 46203 46205 46209
41684 41686 41687 41690 41692 41693 41695 41696 41698 41713 41715 41717 41718 41723 41725 41746 41748 41753 41754 41756 41760 41763 41765 41767 41770 41771 41773 41774 41779 41781 41786 41791 41794 41796 41801 41803 41804 41806 41808 41811 41813 41814 41815 41817 41818 41819 41820 41822 41823 41825 41826 41828 41835 41849 41851 41855 41859 41862 41864 41866 41871 41873 41878 41883 41884 41886 41888 41889
24172 24174 24194 24196 62142 62144 62157 62159 62161 62166 62167 62171 62173
4110 4112 62434 62436 62437 62439 62441 62442 62444 62446 62448 62453 62455 62459 62464 62467 63085 63087 63090 63093 63095 63096 63097 63098 63104 63115 63116 63117 63118 63119 63123 63134 63139 63141 63165 63166 63237 63239 63240 63241 63242 63260 63263 63264 63266 63267 63268 63270 63272 63275 63277 63285 63290 63291 63295 63297 63306 63308 63311 63312 63314 63318 63319 63321 63322 63323 63325 63334 63335 63337 63338 63339 63341 63352 63354 63356 63368 63370 63372 63394 63396 63401 63402
38111 38113 38116 38118 38122 38123 38125
15294 15296 15297 15402 15404 15406 15408 42043 42045 42055 42057 42059 42060 42062 42063 42082 42084 42086 42091 42093 42095 42096 42097 42099 42102 42108 42114 42119 42120 42122 42124 42128 42141 42143 42153 42155 42163 42165 42173 42175 42178 42180 42183 42185 42188 42191 42194 42196 42197 42199 42200 42201 42212 42215 42217 42219 42220 42231 42239 42241 42243 42245 42246 42249 42250 42254 42262 42264 42270 42273 42275 42277 42279 42284 42287 42289 42291 42293 42298 42301 42303 42306 42308 42311 42313 42315 42320 42322 42324 42328 42333 42335 61725 61727 61728 61729 61730 61731 61733 61738 61739 61742 61752 61753 61758 61759 61763 61768 61769 61770 62290 62292 62305 62307 62309
63368 63370 63372 63374 63376 63378 63380 63394 63396 63401 63402
17029 17031 19239 19241 19242 19243 19251 19253 19261 19263 40862 40864 40865 40867 40871 40875 40877 51853 51855
15294 15296 15297 15402 15404 15406 15408 42043 42045 42055 42057 42059 42060 42082 42084 42086 42091 42093 42095 42096 42097 42099 42102 42108 42114 42119 42120 42122 42124 42128 42188 42191 42194 42196 42197 42199 42200 42201 42204 42206 42215 42217 42219 42220 42223 42228 62290 62292 62305 62307 62309
15368 15370 15402 15404 15408 63771 63773 63774 63775 63776 63778 63780 63781
4110 4112 8946 8949 8957 8959 8977 8979 9001 9003 9052 9054 9069 9071 9087 9089 9105 9107 9122 9124 9138 9140 9154 9156 9195 9197 9199 9205 9206 9207 9209 9211 9212 9218 9247 9249 9267 9269 9287 9289 9328 9330 14267 14269 62434 62436 62437 62439 62441 62442 62444 62446 62448 62453 62455 62459 62464 62467 63085 63087 63090 63093 63095 63096 63097 63098 63104 63115 63116 63117 63118 63119 63123 63134 63139 63141 63165 63166 63169 63171 63174 63176 63183 63189 63193 63195 63197 63198 63199 63200 63202 63204 63205 63206 63207 63209 63212 63214 63217 63260 63263 63264 63266 63267 63268 63270 63272 63275 63277 63285 63287 63290 63291 63293 63306 63308 63311 63312 63318 63319 63321 63322 63323 63334 63335 63337 63338 63339 63349 63352 63354 63356 63368 63370 63372 63394 63396 63401 63402
638 641 645 649 653 657 661 665 669 673 677 681 685 689 693 697 701 705 709 713 717 721 725 729 733 735 30215 30217 30810 30812 34250 34252
41684 41686 41687 41690 41692 41693 41695 41696 41698 41713 41715 41717 41718 41723 41725 41746 41748 41750 41753 41754 41756 41760 41763 41765 41767 41770 41771 41773 41774 41779 41781 41786 41788 41791 41794 41796 41798 41801 41803 41804 41806 41808 41811 41813 41814 41815 41817 41818 41819 41820 41822 41823 41825 41826 41828 41830 41831 41832 41833 41835 41837 41839 41840 41844 41849 41851 41855 41859 41862 41864 41866 41871 41873 41878 41883 41884 41886 41888 41889
42082 42084 42086 42088
21466 21468 21470 21475 21477 21484 21486 21495 21497 21499 21504 21506 21513 36789 36791 36799 36801 36804 36807 36808
15320 15322 15402 15404 15408 30810 30812 37734 37736 37757 37759 37762 37764 61691 61693 61698 61703 61704 61706 61712 62480 62482 62483 62485 62487 62488 62490 62491 62493 62497 62503 62504 62507 62518 62520 62521 62522 62524 62529 62531 62532 62536 62547 62549 62810 62813 62815 62816 62818 62819 62820 62821 62823 62825 62828 62835 62844 62849 62851 62864 62870 62875 62877 62879 62921 62923 63708 63710 63711 63713 63714 63716 63718 63721 63726 63738 63740 63742 63747 63752 63754 63761 63766 63768 63771 63773 63774 63775 63776 63778 63783 63789 63793 63812 63813 63820 63822 63830 63832 63840 63845 63859
24751 24753 24755 24756 24761 24762 24764 24765 24796 24798
4110 4112 5162 5164 5179 5181 7694 7697 7698 7699 7700 7715 7717 7750 7752 7769 7771 15320 15322 15336 15338 15352 15354 15402 15404 15408 25621 25623 25648 25650 26895 26897 30810 30812 30824 30826 30832 30834 30847 30849 30875 30877 30901 30903 30929 30931 30950 30952 30972 30974 30993 30995 31003 31006 31008 31009 31010 31011 31012 31013 31014 31016 31017 31019 31020 31022 31025 31027 31028 31035 31036 31038 31041 31043 31045 31049 31051 31052 31054 31058 31060 33893 33895 33903 33905 33913 33915 47570 47572 47575 47577 48599 48601 48680 48682 48739 48741 48748 48750 48766 48768 48774 48776 48784 48786 48827 48830 48832 48833 48834 48835 48836 48837 48838 48840 62125 62127 62129 62434 62436 62437 62439 62441 62442 62444 62446 62448 62453 62455 62459 62464 62467 64190 64192 64204 64206 64403 64406 64407 64408 64409 64410 64411 64413 64418 64420 64422 64424 64432 64443 64444 64446 64454 64456 64465 64467 64469 64470 64472 64474 64476 64478 64486 64487 64489 64497 64503 64505 64507 64509 64511 64514 64515 64516 64518 64648 64650 64652 64654 64655 64658 64660 64661 64664 64665 64667 64668 64670 64672 64673 64674 64676 64677 64680 64681 64717 64719 64732 64735 64738 64744 64747 64748 64750 64751 64753 64755 64758 64765 64767 64769 64780 64786 64789 64792 64794 64801 64816 64821 64825 64827 64829 64833 64834 64836 64839 64852 64854 64855 64857 64860 64978 64980 64982 64983 64984 64985 64987 65013 65015 65018 65020 65035 65037 65038 65039 65042 65048 65049 65050 65052 65054 65055 65058 65060 65062 65064 65065 65067 65083 65085 65087 65105 65108 65114 65121 65160 65164 65166 65171 65172 65174 65176 65179 65181 65182 65196 65198 65199 65201 65202 65203 65205 65208 65219 65221 65223 65247 65249 65251 65263 65265 65266 65287 65289 65292 65293 65295 65297 65301 65315 65317 65319 65321 65322 65326 65351 65352 65356 65358 65362 65364 65365 65395 65399 65401 65404 65406 65429 65431 65434 65436 65438 65439 66011 66013 66015 66016 66018 66019 66021 66032 66034 66036 66041 66042 66044 66058 66060 66062 66063 66065 66069 66082 66084 66086
49849 49851 49853 49858 49859 49860 49861 49862
17029 17031 19303 19305 40862 40864 40865 40867 40869 51853 51855 51858 51861
15320 15322 15402 15404 15408 26895 26897 30810 30812 30832 30834 36667 36669 36681 36683 38553 38555 62125 62127 62131 62480 62482 62483 62485 62487 62488 62490 62491 62493 62497 62503 62504 62507 62810 62813 62815 62816 62818 62819 62820 62821 62823 62825 63771 63773 63774 63775 63776 63778 63783 63789 63793 63812 63813 63820 63822 63830 63832 63840 63845 63847 63848 63850 63851 63852 63859 65717 65719 65740 65742 65743 65745 65750 65751 65753 65756 65760 65778 65784 65786 65787 65792 65793 65794 65795 65802 65803 65807 65809 65810 65812 65813 65815 65824 65826 65830 65831 65833 65858 65861 65862 65872 65874 65875 65876 65880 65885 65907 65950 65952 65954 65956 65958 65961
24751 24753 24755 24756 24758 24785 24787 24796 24798
61725 61727 61728 61729 61730 61731 61733 61735 61738 61739 61742 61744 61745 61747 61749 61750 61752 61753 61758 61759 61761 61763 61765 61768 61769 61770
41684 41686 41687 41690 41692 41693 41695 41696 41698 41713 41715 41717 41718 41723 41725 41746 41748 41753 41754 41756 41760 41763 41765 41767 41770 41771 41773 41774 43054 43056 43057 43058 43060 43062 43064 43072 43079 43091 43094 43113 43116 43120
30810 30812 36667 36669 36681 36683 36692 36694 36719 36721 38553 38555 61794 61796 61801 61806 62480 62482 62483 62485 62487 62488 62490 62491 62493 62497 62503 62504 62507 62518 62520 62521 62522 62524 62529 62531 62532 62536 62547 62549 62810 62813 62815 62816 62818 62819 62820 62821 62823 62825 62828 62835 62844 62849 62851 62864 62870 62875 62877 62881 62883 62884 62921 62923 63771 63773 63774 63775 63776 63778 63783 63789 63793 63812 63813 63820 63822 63830 63832 63840 63845 63847 63848 63850 63851 63852 63854 63855 63859 66032 66034 66036 66041 66042 66044 66058 66060 66062 66063 66065 66067
2559 2561 2562 2570 2572 2580 2582 2585 2587 2702 2704 2705 2708 2710 2718 2720 3256 3258 3259 3260 3271 3272 3274 3277 3278 3281 3283 3284 3285 3287 3288 3289 3291 3295 3296 3298 3300 3302 3304 3306 3307 3319 3321 3322 3324 3333 3334 3438 3440 3441 3462 3464 3465 3466 3469 3471 3474 3476
55054 55056 55085 55087 55089 55091 57318 57320 57415 57417 57418 57419
20837 20839 30810 30812 39027 39029 39294 39296 39301 39302 39306
15320 15322 15402 15404 15408 21843 21845 22057 22059 22069 22071 26895 26897 30810 30812 30832 30834 62125 62127 62131 62480 62482 62483 62485 62487 62488 62490 62491 62493 62497 62503 62504 62507 62518 62520 62521 62522 62524 62529 62531 62532 62536 62547 62549 62810 62813 62815 62816 62818 62819 62820 62821 62823 62825 62828 62835 62844 62849 62851 62854 62856 62864 62870 62875 62877 62881 62889 62891 62896 62898 62921 62923 62933 62935 62940 62941 62943 62944 62946 62947 62948 62955 63771 63773 63774 63775 63776 63778 63783 63789 63793 63812 63813 63820 63822 63830 63832 63840 63845 63859 65717 65719 65740 65742 65743 65745 65750 65751 65753 65756 65760 65778 65784 65786 65787 65792 65793 65794 65795 65802 65803 65807 65809 65810 65812 65813 65815 65824 65826 65830 65831 65833 65858 65861 65862 65872 65874 65875 65876 65880 65885 65907 65950 65952 65954 65956 65958 65961
16077 16079 16081 16082 16084 16086 16087 16089 16102 16104 16122 16125 16126 16127 16128 16130 16132 16134 16143 16150 16151 16153 16154 16161 18612 18614 18616 18618 18619 18621 18625 18626 18631 18633 18636
45144 45146 45147 45178 45180 45182 45183 45216 45219 45223 45228 45230 45234 45239 61628 61630 61631 61632 61633 61634 61635 61636 61637 61639 61640 61641 61642 61643 61644 61645 61646 61647 61648 61649 61650 61651 61725 61727 61728 61729 61730 61731 61733 61738 61739 61742 61752 61753 61755 61758 61759 61761 61763 61765 61768 61769 61770 61794 61796 61798 61801 61806
4110 4112 8946 8949 8957 8959 8977 8979 9001 9003 9052 9054 9069 9071 9087 9089 9105 9107 9122 9124 9138 9140 9154 9156 9247 9249 9259 9261 9267 9269 9287 9289 9328 9330 14267 14269 62434 62436 62437 62439 62441 62442 62444 62446 62448 62453 62455 62459 62464 62467 63080 63082 63085 63087 63090 63093 63095 63096 63097 63098 63104 63115 63116 63117 63118 63119 63123 63134 63139 63141 63165 63166 63169 63171 63174 63176 63183 63185 63220 63222 63224 63225 63226 63227 63228 63230 63233 63260 63263 63264 63266 63267 63268 63270 63272 63275 63277 63285 63287 63290 63291 63293 63306 63308 63311 63312 63318 63319 63321 63322 63323 63334 63335 63337 63338 63339 63349 63352 63354 63356 63368 63370 63372 63394 63396 63401 63402
15294 15296 15297 15402 15404 15406 15408 42043 42045 42055 42057 42059 42060 42062 42063 42082 42084 42086 42091 42093 42095 42096 42097 42099 42102 42108 42114 42119 42120 42122 42124 42128 42333 42335 62290 62292 62305 62307 62309
41684 41686 41687 41690 41692 41693 41695 41696 41698 41763 41765 41767 41770 41771 41773 41774 41871 41873 41878 41883 41884 41886 41888 41889
49849 49851 49853 49858 49859 49860 49861 49862
15294 15296 15297 15402 15404 15406 15408 42043 42045 42055 42057 42059 42060 42062 42063 42082 42084 42086 42091 42093 42095 42096 42097 42099 42102 42108 42114 42119 42120 42122 42124 42128 42153 42155 42522 42524 42526 42529 42530 42531 42533 42535 42538 42539 42541 42543 42546 42547 42549 42552 62290 62292 62305 62307 62309
13032 66216 66218 66220 66222
21843 21845 22057 22059 22069 22071 30810 30812 62480 62482 62483 62485 62487 62488 62490 62491 62493 62497 62503 62504 62507 62518 62520 62521 62522 62524 62529 62531 62532 62536 62547 62549 62810 62813 62815 62816 62818 62819 62820 62821 62823 62825 62828 62835 62844 62849 62851 62854 62856 62864 62870 62875 62877 62881 62889 62891 62893 62894 62921 62923 62933 62935 62940 62941 62943 62944 62946 62947 62948 62955 63771 63773 63774 63775 63776 63778 63783 63789 63793 63812 63813 63820 63822 63830 63832 63840 63845 63859
49849 49851 49853 49858 49859 49860 49861 49862
20837 20839 30810 30812 39027 39029 39044 39046 39060 39062 39076 39078 39108 39110 39156 39158 39204 39206 39258 39260 39261 39264 39266 39267 39270 39272 39273 39276 39278 39279 39282 39284 39285 39288 39290 39291 39294 39296 39301 39302 39306
15320 15322 15402 15404 15408 30810 30812 37734 37736 37757 37759 37762 37764 61691 61693 61698 61703 61704 61706 61712 62480 62482 62483 62485 62487 62488 62490 62491 62493 62497 62503 62504 62507 62518 62520 62521 62522 62524 62529 62531 62532 62536 62547 62549 62810 62813 62815 62816 62818 62819 62820 62821 62823 62825 62828 62835 62844 62849 62851 62864 62870 62875 62877 62879 62921 62923 63708 63710 63711 63713 63714 63716 63718 63721 63726 63738 63740 63742 63747 63752 63754 63761 63766 63768 63771 63773 63774 63775 63776 63778 63783 63789 63793 63812 63813 63820 63822 63830 63832 63840 63845 63859
21438 21440 21445 21447 36918 36920 36923 36925
48056 48058 48061 48063 48066 48068 48071 48073 48076 48078 48081 48083 48086 48088 48091 48093 48599 48601 48621 48623 48756 48758 48766 48768 48774 48776 61794 61796 61801 61806 62480 62482 62483 62485 62487 62488 62490 62491 62493 62497 62503 62504 62507 62518 62520 62521 62522 62524 62529 62531 62532 62536 62547 62549 62810 62813 62815 62816 62818 62819 62820 62821 62823 62828 62835 62844 62849 62851 62864 62870 62875 62877 62881 62883 62884 62889 62907 62909 62910 62921 62923 66323 66325 66326 66328 66332 66338 66340 66349 66351 66366 66373 66375
47020 47022 47032 47034 47039 47041 47043
64288 64290 64293 64295
15368 15370 15402 15404 15408 65035 65037 65038 65039 65042 65044 65045
21843 21845 22057 22059 22069 22071 30810 30812 62480 62482 62483 62485 62487 62488 62490 62491 62493 62497 62503 62504 62507 62518 62520 62521 62522 62524 62529 62531 62532 62536 62547 62549 62810 62813 62815 62816 62818 62819 62820 62821 62823 62825 62828 62835 62844 62849 62851 62854 62856 62864 62870 62875 62877 62881 62889 62891 62896 62898 62921 62923 62933 62935 62940 62941 62943 62944 62946 62947 62948 62955 63771 63773 63774 63775 63776 63778 63783 63789 63793 63812 63813 63820 63822 63830 63832 63840 63845 63859
61794 61796 61801 61806
15294 15296 15297 15402 15404 15406 15408 42043 42045 42055 42057 42059 42060 42062 42063 42065 42066 42082 42084 42086 42091 42093 42095 42096 42097 42099 42102 42108 42114 42119 42120 42122 42124 42128 42153 42155 42406 42408 42410 42412 42417 42420 42422 42427 42428 42431 42433 42435 42437 42446 42448 42449 42450 42452 42453 42455 42460 42461 42463 42464 42465 42466 42467 42469 42470 42471 42473 42475 42476 42498 42500 42501 42502 42511 42513 42515 42516 42519 62290 62292 62305 62307 62309
15320 15322 15336 15338 15352 15354 15402 15404 15408 16057 16060 16077 16079 16081 16082 16084 16086 16087 16089 16102 16104 16122 16125 16126 16127 16128 16130 16132 16134 16138 16140 16143 16145 16147 16150 16151 16153 16154 16161 18612 18614 18616 18618 18619 18625 18626 18631 18633 18636 18741 18744 18746 18751 18753 18754 18756 18760 19524 19526 19527 19529 19530 19532 19535 19537 19545 19547 19549 19550 19551 19553 19554 19556 19558 19560 19561 19563 19565 19568 19572 19574 19576 19579 19581
15294 15296 15297 15402 15404 15406 15408 42043 42045 42055 42057 42059 42060 42082 42084 42086 42091 42093 42095 42096 42097 42099 42102 42108 42114 42119 42120 42122 42124 42128 42188 42191 42194 42196 42197 42199 42200 42201 42212 42215 42217 42219 42220 42231 42239 42241 42243 42245 42246 42249 42250 42254 42262 42264 42270 61725 61727 61728 61729 61730 61731 61733 61738 61739 61742 61752 61753 61758 61759 61761 61763 61768 61769 61770 62290 62292 62305 62307 62309
24751 24753 24755 24756 24761 24762 24764 24765 24785 24787
15294 15296 15297 15402 15404 15406 15408 42043 42045 42055 42057 42059 42060 42062 42063 42065 42066 42082 42084 42086 42091 42093 42095 42096 42097 42099 42102 42108 42114 42119 42120 42122 42124 42128 42141 42143 42153 42155 42420 42422 42427 42428 42431 42433 42435 42437 42446 42448 42449 42450 42452 42453 42455 42460 42461 42463 42464 42465 42466 42467 42469 42470 42471 42473 42475 42476 42498 42500 42501 42502 42506 42507 42511 42513 42515 42516 42519 62290 62292 62305 62307 62309
20567 20569 20622 20625 20635 20637 20700 20702 30810 30812 32356 32358 61794 61796 61801 61806 62480 62482 62483 62485 62487 62488 62490 62491 62493 62497 62503 62504 62507 62518 62520 62521 62522 62524 62529 62531 62532 62536 62547 62549 62810 62813 62815 62816 62818 62819 62820 62821 62823 62825 62828 62835 62844 62849 62851 62864 62870 62875 62877 62881 62883 62884 62921 62923 63771 63773 63774 63775 63776 63778 63783 63789 63793 63812 63813 63820 63822 63830 63832 63840 63845 63859
15294 15296 15297 15402 15404 15406 15408 42043 42045 42055 42057 42059 42060 42082 42084 42086 42091 42093 42095 42096 42097 42099 42102 42108 42114 42119 42120 42122 42124 42128 42188 42191 42194 42196 42197 42199 42200 42201 42212 42215 42217 42219 42220 42231 42239 42241 42243 42245 42246 42249 42250 42254 42262 42264 42270 61725 61727 61728 61729 61730 61731 61733 61738 61739 61742 61752 61753 61758 61759 61763 61765 61768 61769 61770 62290 62292 62305 62307 62309
21549 21551 21559 21561 21564 21566 30810 30812 37123 37125 37138 37140 62480 62482 62483 62485 62487 62488 62490 62491 62493 62497 62503 62504 62507 62518 62520 62521 62522 62524 62529 62531 62532 62536 62547 62549 62810 62813 62815 62816 62818 62819 62820 62821 62823 62825 62828 62835 62844 62849 62851 62864 62870 62875 62877 62881 62889 62907 62909 62910 62921 62923 63771 63773 63774 63775 63776 63778 63783 63789 63793 63812 63813 63820 63822 63830 63832 63840 63845 63859
30810 30812 38195 38197 38255 38257 38265 38267 38271 61919 61920 61935 61936 61937 61938 61939 61942 61943 61944 61945 61946 61947 61949 61952 61955 61956 61957 61958 61959 61960 61961 61962 61963 61967 61968 61969 61970 61972 61973 61974 61979 61989 61990 61991 61993
43164 43166 43168 43169 49849 49851 49853 49855 49858 49859 49860 49861 49862 54629 54631 54632 54633 54729 54732 54734
40862 40864 40865 40867 40871 40875 40880 51853 51855
23288 23290 23410 23412 23422 23424 23427 23429 23431 23436 23438 23439 23447 23455 23457 30810 30812 36667 36669
15294 15296 15297 15402 15404 15406 15408 42043 42045 42055 42057 42059 42060 42082 42084 42086 42091 42093 42095 42096 42097 42099 42102 42108 42114 42119 42120 42122 42124 42128 42188 42191 42194 42196 42197 42199 42200 42201 42212 42239 42241 42243 42245 42246 42249 42250 42252 61725 61727 61728 61729 61730 61731 61733 61738 61739 61742 61744 61745 61749 61750 62290 62292 62305 62307 62309
15294 15296 15297 15320 15322 15402 15404 15406 15408 15785 15787 15792 15793 15891 15893 18574 18576 18588 18590 18591 18592 18690 18692 18722 18724 18726 18728 18856 18858 18896 18898 18913 18916 18918 18920 18922 18923 18924 18926 18928 18930 18938 18945 18947 18950 18984 18986 19009 19011 19013 19015 19022 19024 19026 19028 19035 19042 19044 19051 19053 19445 19447 19456 19458 19484 19486 19487 19488 19660 19662 19673 19675 19676 19686 19688 19699 19701 62290 62292 62305 62307 62309 62575 62577 62579 62581 62582 62597 62599 62601 62603 62604 62605
4110 4112 7839 15320 15322 15336 15338 15402 15404 15408 48599 48601 48680 48682 48739 48741 48748 48750 48766 48768 48774 48776 48784 48786 48827 48830 48832 48833 48834 48835 48836 48837 48838 48840 64648 64650 64652 64654 64655 64658 64660 64661 64664 64665 64667 64668 64670 64672 64673 64674 64676 64677 64680 64681 64689 64691 64697 64699 64701 64703 64710 64711 64717 64719 64721 64722 64724 64730 64732 64735 64738 64744 64747 64748 64750 64751 64753 64755 64758 64765 64767 64769 64780 64786 64789 64792 64794 64801 64806 64816 64821 64825 64827 64829 64833 64834 64839 64852 64854 64855 64857 64978 64980 64982 64983 64984 64985 64987 65035 65037 65038 65039 65042 65048 65049 65050 65052 65054 65055 65058 65060 65062 65064 65065 65067 65083 65085 65087 65362 65364 65365 65395 65399 65401 65404 65406 65429 65431 65434 65436 65438 65439 66032 66034 66036 66041 66042 66044 66058 66060 66062 66063 66065 66069 66082 66084 66086
15294 15296 15297 15402 15404 15406 15408 42043 42045 42055 42057 42059 42060 42082 42084 42086 42091 42093 42095 42096 42097 42099 42102 42104 42108 42110 42114 42116 42119 42120 42122 42124 42128 42163 42165 62290 62292 62305 62307 62309
63708 63710 63711 63713 63714 63716 63718 63721 63726 63738 63740 63742 63747 63749
5357 5359 5374 5376 9758 9760 64842 64844 64846 64848 64849
13032 64735 64738 64744 64747 64748 64750 64751 64753 64755 64789 64792 64794 64801 64806 64810 64812 65395 65429 65431
41684 41686 41687 41690 41692 41693 41695 41696 41698 41763 41765 41767 41770 41771 41773 41774 43054 43056 43057 43058 43060 43062 43064 43072 43079 43091 43094 43113 43116 43120
15294 15296 15297 15402 15404 15406 15408 42043 42045 42055 42057 42059 42060 42082 42084 42086 42091 42093 42095 42096 42097 42099 42102 42108 42114 42119 42120 42122 42124 42128 42287 42289 42291 42293 42295 62290 62292 62305 62307 62309
20731 20733 20766 20768 20802 20804 61547 61549 61551 61552 61553 61554 61555 61556 61557 61558 61559 61560 61562 61578 61580 61582 61587 61589 61606
20731 20733 20802 20804 61578 61580 61582 61587 61589 61591 61592 61594 61596 61606
21549 21551 30810 30812 37123 37125 37143 37145 37148 37150 62480 62482 62483 62485 62487 62488 62490 62491 62493 62497 62503 62504 62507 62518 62520 62521 62522 62524 62529 62531 62532 62536 62547 62549 62810 62813 62815 62816 62818 62819 62820 62821 62823 62825 62828 62835 62844 62849 62851 62864 62870 62875 62877 62881 62889 62907 62909 62910 62921 62923 63771 63773 63774 63775 63776 63778 63783 63789 63793 63812 63813 63820 63822 63830 63832 63840 63845 63859
15320 15322 15402 15404 15408 26895 26897 30810 30812 30832 30834 48599 48601 48621 48623 48648 48650 48657 48659 48666 48668 48748 48750 48756 48758 48766 48768 48774 48776 61794 61796 61801 61806 62125 62127 62131 62480 62482 62483 62485 62487 62488 62490 62491 62493 62497 62503 62504 62507 62518 62520 62521 62522 62524 62529 62531 62532 62536 62547 62549 62810 62813 62815 62816 62818 62819 62820 62821 62823 62828 62835 62844 62849 62851 62864 62870 62875 62877 62881 62883 62884 62921 62923 65717 65719 65740 65742 65743 65745 65750 65751 65753 65756 65760 65778 65784 65786 65787 65792 65793 65794 65795 65802 65803 65807 65809 65810 65812 65813 65815 65824 65826 65840 65842 65845 65847 65858 65861 65862 65872 65874 65875 65876 65880 65885 65907 65926 65928 65929 65930 65931 65940 65942 65944 65947 66032 66034 66036 66038 66323 66325 66326 66328 66332 66334 66349 66351 66366 66373 66375
48797 48799 48804 48806 49570 49572 49575 49578 49580 49582 49584 49586
15294 15296 15297 15402 15404 15406 15408 42043 42045 42055 42057 42059 42060 42082 42084 42086 42091 42093 42095 42096 42097 42099 42102 42108 42114 42119 42120 42122 42124 42128 42188 42191 42194 42196 42197 42199 42200 42201 42204 42209 42215 42217 42219 42220 42223 42228 62290 62292 62305 62307 62309
23288 23290 23410 23412 23422 23424 23427 23429 23431 23436 23438 23439 23447 23455 23457 30810 30812 36667 36669
4110 4112 4640 4648 4651 4654 4656 62434 62436 62437 62439 62441 62442 62444 62446 62448 62453 62455 62459 62464 62467 63085 63087 63090 63093 63095 63096 63097 63098 63104 63115 63116 63117 63118 63119 63123 63134 63139 63141 63165 63166 63260 63263 63264 63266 63267 63268 63270 63272 63275 63277 63285 63287
15294 15296 15297 15320 15322 15402 15404 15406 15408 15785 15787 15792 15793 15891 15893 18574 18576 18588 18590 18591 18592 18690 18692 18722 18724 18726 18728 18831 18833 18896 18898 18913 18916 18918 18920 18922 18923 18924 18926 18928 18930 18938 18945 18950 18984 18986 19009 19011 19013 19015 19019 19445 19447 19456 19458 19484 19486 19487 19488 19660 19662 19673 19675 19676 19686 19688 19699 19701 62290 62292 62305 62307 62309 62575 62577 62579 62581 62582 62597 62599 62601 62603 62604 62605
48797 48799 48804 48806 49570 49572 49575 49578 49580 49582 49584 49586
55054 55056 55085 55087 55089 55091 55480 55482 55485 55487 55488 55489
15294 15296 15297 15402 15404 15406 15408 42043 42045 42055 42057 42059 42060 42062 42063 42065 42066 42082 42084 42086 42091 42093 42095 42096 42097 42099 42102 42108 42114 42119 42120 42122 42124 42128 42141 42143 42153 42155 42406 42408 42410 42412 42414 42417 42420 42422 42427 42428 42431 42433 42435 42437 42446 42448 42449 42450 42452 42453 42455 42460 42461 42463 42464 42465 42466 42467 42469 42470 42471 42473 42475 42476 42498 42500 42501 42502 42511 42513 42515 42516 42519 62290 62292 62305 62307 62309
2524 2526 4110 4112 4115 4117 13032 13052 13055 15320 15322 15336 15338 15402 15404 15408 30810 30812 30824 30826 30832 30834 30847 30849 30875 30877 30901 30903 30929 30931 30950 30952 30972 30974 30993 30995 31003 31006 31008 31009 31010 31011 31012 31013 31014 31016 31017 31019 31020 31022 31025 31027 31028 31035 31036 31038 31041 31043 31045 31049 31051 31052 31054 31058 31060 33893 33895 33903 33905 33913 33915 62125 62127 62129 62434 62436 62437 62439 62441 62442 62444 62446 62448 62453 62455 62459 62464 62467 64223 64225 64648 64650 64652 64654 64655 64658 64660 64661 64664 64665 64667 64668 64670 64672 64673 64674 64676 64677 64680 64681 64735 64738 64744 64747 64748 64750 64751 64753 64755 64758 64765 64767 64769 64780 64782 64789 64792 64794 64801 64806 64810 64816 64821 64825 64827 64829 64833 64834 64839 64852 64854 64855 64857 64978 64980 64982 64983 64984 64985 64987 65105 65108 65114 65121 65160 65196 65198 65199 65201 65202 65203 65205 65247 65249 65251 65263 65265 65266 65395 65399 65401 65429 65431
20567 20569 30810 30812 32257 32259 32268 32270 32279 32281 32290 32292 32294 32299 32300 32305 32307 32314 32316 61794 61796 61801 61806 62480 62482 62483 62485 62487 62488 62490 62491 62493 62497 62503 62504 62507 62518 62520 62521 62522 62524 62529 62531 62532 62536 62542 62543 62547 62552 62553 62555 62556 62560 62562 62566 62810 62813 62815 62816 62818 62819 62820 62821 62823 62825 62828 62835 62844 62849 62851 62864 62870 62875 62877 62881 62883 62884 62921 62923 63771 63773 63774 63775 63776 63778 63783 63789 63793 63812 63813 63820 63822 63830 63832 63840 63845 63859
49849 49851 49853 49858 49859 49860 49861 49862 51063 51065 51066 51067 51068 51142 51144 51155 51157 51165 51167 51178 51180 51185 51188 51191 51199
15320 15322 15402 15404 15408 30810 30812 39792 39794 62480 62482 62483 62485 62487 62488 62490 62491 62493 62497 62503 62504 62507 62810 62813 62815 62816 62818 62819 62820 62821 62823 62825 63708 63710 63711 63713 63714 63716 63721 63723 63726 63738 63740 63742 63747 63752 63754 63761 63766 63768 63771 63773 63774 63775 63776 63778 63783 63789 63793 63812 63813 63820 63822 63830 63832 63840 63845 63859
30638 30640 30690 30692 30700 30702 30710 30712 30714 30719 30720 30725 30727 30734 30736 30810 30812 61794 61796 61801 61806 62480 62482 62483 62485 62487 62488 62490 62491 62493 62497 62503 62504 62507 62518 62520 62521 62522 62524 62529 62531 62532 62536 62547 62549 62810 62813 62815 62816 62818 62819 62820 62821 62823 62825 62828 62835 62844 62849 62851 62864 62870 62875 62877 62881 62883 62884 62921 62923 63771 63773 63774 63775 63776 63778 63783 63789 63793 63812 63813 63820 63822 63830 63832 63840 63845 63859
15320 15322 15402 15404 15408 30810 30812 39792 39794 62480 62482 62483 62485 62487 62488 62490 62491 62493 62497 62503 62504 62507 62810 62813 62815 62816 62818 62819 62820 62821 62823 62825 63708 63710 63711 63713 63714 63716 63718 63721 63723 63726 63738 63740 63742 63747 63752 63754 63761 63766 63768 63771 63773 63774 63775 63776 63778 63783 63789 63793 63812 63813 63820 63822 63830 63832 63840 63845 63859
4110 4112 62434 62436 62437 62439 62441 62442 62444 62446 62448 62453 62455 62459 62464 62467 63085 63087 63090 63093 63095 63096 63097 63098 63104 63115 63116 63117 63118 63119 63123 63134 63139 63141 63165 63166 63237 63239 63240 63241 63242 63260 63263 63264 63266 63267 63268 63270 63272 63275 63277 63285 63290 63291 63295 63297 63306 63308 63311 63312 63314 63318 63319 63321 63322 63323 63325 63334 63335 63337 63338 63339 63341 63352 63354 63356 63368 63370 63372 63394 63396 63401 63402
41684 41686 41687 41690 41692 41693 41695 41696 41698 41713 41715 41717 41718 41723 41725 41733 41735 41737 41738 41743 41746 41748 41750 41753 41754 41756 41760 41763 41765 41767 41770 41771 41773 41774 41779 41781 41786 41788
15320 15322 15402 15404 15408 30810 30812 37734 37736 37757 37759 37762 37764 61691 61693 61698 61703 61704 61706 61712 62480 62482 62483 62485 62487 62488 62490 62491 62493 62497 62503 62504 62507 62518 62520 62521 62522 62524 62529 62531 62532 62536 62547 62549 62810 62813 62815 62816 62818 62819 62820 62821 62823 62825 62828 62835 62844 62849 62851 62864 62870 62875 62877 62879 62921 62923 63708 63710 63711 63713 63714 63716 63718 63721 63726 63738 63740 63742 63747 63752 63754 63761 63766 63768 63771 63773 63774 63775 63776 63778 63783 63789 63793 63812 63813 63820 63822 63830 63832 63840 63845 63859
45426 45428 45429 55054 55056 55085 55087 55089 55091 55821 55823 55824 55826 55833 55834 55836 55839 55840 62125 62127 62129
23958 23960 23990 23992 24000 24002 30810 30812 61794 61796 61801 61806 62480 62482 62483 62485 62487 62488 62490 62491 62493 62497 62503 62504 62507 62518 62520 62521 62522 62524 62529 62531 62532 62536 62547 62549 62810 62813 62815 62816 62818 62819 62820 62821 62823 62825 62828 62835 62837 62844 62849 62851 62864 62870 62875 62877 62881 62883 62884 62921 62923 63771 63773 63774 63775 63776 63778 63783 63789 63793 63812 63813 63820 63822 63830 63832 63840 63845 63859
49849 49851 49853 49858 49859 49860 49861 49862 51063 51065 51066 51067 51068 51142 51144 51155 51157 51165 51167 51188 51191 51193 51197
15294 15296 15297 15402 15404 15406 15408 42043 42045 42055 42057 42059 42060 42062 42063 42082 42084 42086 42091 42093 42095 42096 42097 42099 42102 42108 42114 42119 42120 42122 42124 42128 42141 42143 42153 42155 42406 42408 42410 42412 42414 42420 42422 42424 42431 42433 42435 42437 42446 42448 42449 42450 42452 42453 42455 42457 62290 62292 62305 62307 62309
41684 41686 41687 41690 41692 41693 41695 41696 41698 41746 41748 41750 41753 41754 41759 41760 41763 41765 41770 41771 41773 41774 41871 41873 41878 41883 41884 41886 41888 41889
15320 15322 15402 15404 15408 26895 26897 30810 30812 30832 30834 47640 47642 47648 47650 48599 48601 48621 48623 48648 48650 48657 48659 48666 48668 48680 48682 48739 48741 48766 48768 48774 48776 61794 61796 61801 61806 62125 62127 62131 62480 62482 62483 62485 62487 62488 62490 62491 62493 62497 62503 62504 62507 62518 62520 62521 62522 62524 62529 62531 62532 62536 62547 62549 62810 62813 62815 62816 62818 62819 62820 62821 62823 62825 62828 62835 62844 62849 62851 62864 62870 62875 62877 62881 62883 62884 62921 62923 65717 65719 65727 65729 65740 65742 65743 65745 65750 65751 65753 65756 65760 65778 65780 65781 65784 65786 65787 65792 65793 65794 65795 65802 65803 65807 65809 65810 65812 65813 65815 65824 65826 65840 65842 65845 65847 65858 65861 65862 65872 65874 65875 65876 65880 65885 65907 65926 65928 65929 65930 65931 65933 65934 65936 65940 65942 65944 65947 66032 66034 66036 66041 66042 66044 66323 66325 66326 66328 66332 66338 66340 66349 66351 66353 66354 66355 66358 66360 66363 66366 66373 66375
15294 15296 15297 15320 15322 15402 15404 15406 15408 15785 15787 15792 15793 15891 15893 18574 18576 18588 18590 18591 18592 18690 18692 18722 18724 18726 18728 18856 18858 18896 18898 18913 18916 18918 18920 18922 18923 18924 18926 18928 18930 18938 18945 18947 18950 18984 18986 19009 19011 19013 19015 19022 19024 19026 19028 19033 19035 19042 19044 19051 19053 19445 19447 19456 19458 19484 19486 19487 19488 19660 19662 19673 19675 19676 19686 19688 19699 19701 62290 62292 62305 62307 62309 62575 62577 62579 62581 62582 62597 62599 62601 62603 62604 62605
41684 41686 41687 41690 41692 41693 41695 41696 41698 41763 41765 41767 41770 41771 41773 41774 41892 41894 41899 41901 41902 41904 41905 41906 41908 41911 43054 43056 43057 43058 43060 43062 43064 43072 43079 43091 43094 43096 43098 43100 43101 43103 43113 43116 43120
15294 15296 15297 15402 15404 15406 15408 42043 42045 42055 42057 42059 42060 42082 42084 42086 42091 42093 42095 42096 42097 42099 42102 42108 42114 42119 42120 42122 42124 42128 42188 42191 42194 42196 42197 42199 42200 42201 42212 42215 42217 42219 42220 42231 42239 42241 42243 42245 42246 42249 42250 42254 42262 42264 42270 61725 61727 61728 61729 61730 61731 61733 61738 61739 61742 61752 61753 61758 61759 61761 61763 61768 61769 61770 62290 62292 62305 62307 62309
15320 15322 15402 15404 15408 30810 30812 39792 39794 62480 62482 62483 62485 62487 62488 62490 62491 62493 62497 62503 62504 62507 62518 62520 62521 62522 62524 62529 62531 62532 62536 62547 62549 62810 62813 62815 62816 62818 62819 62820 62821 62823 62825 62828 62835 62844 62849 62851 62854 62856 62864 62870 62872 63708 63710 63711 63713 63714 63716 63721 63726 63738 63740 63742 63747 63752 63754 63761 63766 63768 63771 63773 63774 63775 63776 63778 63783 63789 63793 63795 63797 63802 63808 63809 63812 63813 63820 63822 63830 63832 63840 63845 63859
4110 4112 5162 5164 5179 5181 7694 7697 7698 7699 7700 7715 7717 7750 7752 7769 7771 15320 15322 15336 15338 15402 15404 15408 25621 25623 25648 25650 30810 30812 30824 30826 30832 30834 30847 30849 30875 30877 30901 30903 30929 30931 30950 30952 30972 30974 30993 30995 31003 31006 31008 31009 31010 31011 31012 31013 31014 31016 31017 31019 31020 31022 31025 31027 31028 31035 31036 31038 31041 31043 31045 31049 31051 31052 31054 31058 31060 33893 33895 33903 33905 33913 33915 47570 47572 47575 47577 48599 48601 48680 48682 48739 48741 48748 48750 48766 48768 48774 48776 48784 48786 48827 48830 48832 48833 48834 48835 48836 48837 48838 48840 62125 62127 62129 62434 62436 62437 62439 62441 62442 62444 62446 62448 62453 62455 62459 62464 62467 64190 64192 64204 64206 64223 64225 64343 64345 64348 64350 64356 64357 64358 64360 64364 64403 64406 64407 64408 64409 64410 64411 64413 64415 64418 64420 64422 64424 64432 64443 64444 64446 64454 64456 64465 64467 64469 64470 64472 64474 64476 64478 64486 64487 64489 64497 64503 64505 64507 64509 64511 64514 64515 64516 64518 64648 64650 64652 64654 64655 64658 64660 64661 64664 64665 64667 64668 64670 64672 64673 64674 64676 64677 64680 64681 64735 64738 64744 64747 64748 64750 64751 64753 64755 64758 64765 64767 64769 64780 64786 64789 64792 64794 64801 64816 64821 64825 64827 64829 64833 64834 64836 64839 64852 64854 64855 64857 64860 64978 64980 64982 64983 64984 64985 64987 64990 64992 64995 64997 65013 65015 65018 65020 65035 65037 65038 65039 65042 65048 65049 65050 65052 65054 65055 65058 65060 65062 65064 65065 65067 65083 65085 65087 65105 65108 65114 65121 65160 65196 65198 65199 65201 65202 65203 65205 65219 65221 65223 65225 65227 65247 65249 65251 65263 65265 65266 65395 65399 65401 65404 65406 65429 65431 65434 65436 65438 65439 66011 66013 66015 66016 66018 66019 66021 66032 66034 66036 66041 66042 66044 66058 66060 66062 66063 66065 66069 66082 66084 66086
15320 15322 15368 15370 15402 15404 15408 48599 48601 48680 48682 48739 48741 48748 48750 48766 48768 48774 48776 48784 48786 48827 48830 48832 48833 48834 48835 48836 48837 48838 48840 65035 65037 65038 65039 65042 65048 65049 65050 65052 65054 65055 65058 65060 65079 65083 66032 66034 66036 66041 66042 66046 66058 66060 66062 66063 66071
4110 4112 13584 13586 13602 13605 13611 13613 13620 13622 14267 14269 30810 30812 30824 30826 30847 30849 30875 30877 30901 30903 30929 30931 30950 30952 30972 30974 30993 30995 39792 39794 39802 39804 39822 39824 62434 62436 62437 62439 62441 62442 62444 62446 62448 62453 62455 62459 62464 62467 63085 63087 63090 63093 63095 63096 63097 63098 63104 63115 63116 63117 63118 63119 63123 63125 63126 63130 63139 63141 63165 63166 63169 63171 63174 63180 63183 63189 63193 63195 63197 63198 63199 63200 63202 63204 63205 63206 63207 63209 63212 63214 63217 63237 63239 63240 63241 63242 63245 63247 63249 63250 63252 63254 63257 63260 63263 63264 63266 63267 63268 63270 63272 63275 63277 63285 63287 63290 63291 63293 63295 63297 63301 63306 63308 63311 63312 63318 63319 63321 63322 63323 63334 63335 63337 63338 63339 63349 63352 63354 63356 63368 63370 63372 63394 63396 63401 63402
19831 19833 19838 19840 19842 19847 19848 19853 19856 19858 19890 19892
4110 4112 5162 5164 5179 5181 7694 7697 7698 7699 7700 7715 7717 7750 7752 7769 7771 15320 15322 15336 15338 15402 15404 15408 25621 25623 25648 25650 26895 26897 30810 30812 30824 30826 30832 30834 30847 30849 30875 30877 30901 30903 30929 30931 30950 30952 30972 30974 30993 30995 31003 31006 31008 31009 31010 31011 31012 31013 31014 31016 31017 31019 31020 31022 31025 31027 31028 31035 31036 31038 31041 31043 31045 31049 31051 31052 31054 31058 31060 33893 33895 33903 33905 33913 33915 47570 47572 47575 47577 48599 48601 48680 48682 48739 48741 48748 48750 48766 48768 48774 48776 48784 48786 48827 48830 48832 48833 48834 48835 48836 48837 48838 48840 62125 62127 62129 62434 62436 62437 62439 62441 62442 62444 62446 62448 62453 62455 62459 62464 62467 64190 64192 64204 64206 64403 64406 64407 64408 64409 64410 64411 64413 64418 64420 64422 64424 64432 64443 64444 64446 64454 64456 64465 64467 64469 64470 64472 64474 64476 64478 64486 64487 64489 64497 64503 64505 64507 64509 64511 64514 64515 64516 64518 64648 64650 64652 64654 64655 64658 64660 64661 64664 64665 64667 64668 64670 64672 64673 64674 64676 64677 64680 64681 64717 64719 64732 64735 64738 64744 64747 64748 64750 64751 64753 64755 64758 64765 64767 64769 64780 64786 64789 64792 64794 64801 64816 64821 64825 64827 64829 64833 64834 64836 64839 64852 64854 64855 64857 64860 64978 64980 64982 64983 64984 64985 64987 65013 65015 65018 65020 65035 65037 65038 65039 65042 65048 65049 65050 65052 65054 65055 65058 65060 65062 65064 65065 65067 65083 65085 65087 65105 65108 65114 65121 65160 65164 65166 65171 65172 65174 65176 65179 65181 65182 65196 65198 65199 65201 65202 65203 65205 65208 65219 65221 65223 65247 65249 65251 65263 65265 65266 65287 65289 65292 65293 65295 65297 65301 65315 65317 65319 65321 65322 65326 65362 65364 65365 65395 65399 65401 65404 65406 65429 65431 65434 65436 65438 65439 66011 66013 66015 66016 66018 66019 66021 66032 66034 66036 66041 66042 66044 66058 66060 66062 66063 66065 66069 66082 66084 66086
20837 20839 30810 30812 39027 39029 39100 39102 39108 39110 61794 61796 61801 61806 62480 62482 62483 62485 62487 62488 62490 62491 62493 62497 62503 62504 62507 62518 62520 62521 62522 62524 62529 62531 62532 62536 62542 62543 62547 62552 62553 62555 62556 62558 62560 62562 62566 62810 62813 62815 62816 62818 62819 62820 62821 62823 62825 62828 62835 62844 62849 62851 62864 62870 62875 62877 62881 62883 62884 62921 62923 63771 63773 63774 63775 63776 63778 63783 63789 63793 63812 63813 63820 63822 63830 63832 63840 63845 63859
15320 15322 15402 15404 15408 30810 30812 39792 39794 62480 62482 62483 62485 62487 62488 62490 62491 62493 62497 62503 62504 62507 62810 62813 62815 62816 62818 62819 62820 62821 62823 62825 63708 63710 63711 63713 63714 63716 63721 63726 63738 63740 63742 63747 63752 63754 63761 63766 63768 63771 63773 63774 63775 63776 63778 63783 63789 63793 63812 63813 63820 63822 63830 63832 63840 63845 63859
30810 30812 39356 39358 39449 39451 39454 39456 61794 61796 61801 61806 62480 62482 62483 62485 62487 62488 62490 62491 62493 62497 62503 62504 62507 62518 62520 62521 62522 62524 62529 62531 62532 62536 62542 62543 62547 62552 62553 62555 62556 62560 62562 62566 62810 62813 62815 62816 62818 62819 62820 62821 62823 62825 62828 62835 62844 62849 62851 62864 62870 62875 62877 62881 62883 62884 62921 62923 63771 63773 63774 63775 63776 63778 63783 63789 63793 63812 63813 63820 63822 63830 63832 63840 63845 63859
48476 48478 48485 48487 48494 48496 48503 48505 48599 48601 48621 48623 48756 48758 48766 48768 48774 48776 61691 61693 61698 61703 61704 61706 61712 61794 61796 61801 61806 62480 62482 62483 62485 62487 62488 62490 62491 62493 62497 62503 62504 62507 62518 62520 62521 62522 62524 62529 62531 62532 62536 62547 62549 62810 62813 62815 62816 62818 62819 62820 62821 62823 62828 62835 62844 62849 62851 62864 62870 62875 62877 62879 62881 62883 62884 62921 62923 66323 66325 66326 66328 66332 66338 66340 66349 66351 66366 66373 66375
30810 30812 32473 32475 32530 32532 32538 32540 32578 32580 32586 32588 61794 61796 61801 61806 62480 62482 62483 62485 62487 62488 62490 62491 62493 62497 62503 62504 62507 62518 62520 62521 62522 62524 62529 62531 62532 62536 62547 62549 62810 62813 62815 62816 62818 62819 62820 62821 62823 62825 62828 62835 62844 62849 62851 62864 62870 62875 62877 62881 62883 62884 62889 62907 62909 62910 62921 62923 63771 63773 63774 63775 63776 63778 63783 63789 63793 63812 63813 63820 63822 63830 63832 63840 63845 63859
48476 48478 48485 48487 48494 48496 48503 48505 48599 48601 48621 48623 48756 48758 48766 48768 48774 48776 61691 61693 61698 61703 61704 61706 61712 61794 61796 61801 61806 62480 62482 62483 62485 62487 62488 62490 62491 62493 62497 62503 62504 62507 62518 62520 62521 62522 62524 62529 62531 62532 62536 62547 62549 62810 62813 62815 62816 62818 62819 62820 62821 62823 62828 62835 62844 62849 62851 62864 62870 62875 62877 62879 62881 62883 62884 62921 62923 66323 66325 66326 66328 66332 66338 66340 66349 66351 66366 66373 66375
61794 61796 61798 61801 61806
48543 48545 48599 48601 48621 48623 48680 48682 48739 48741 48756 48758 48766 48768 48774 48776 61794 61796 61801 61806 62480 62482 62483 62485 62487 62488 62490 62491 62493 62497 62503 62504 62507 62518 62520 62521 62522 62524 62529 62531 62532 62536 62547 62549 62810 62813 62815 62816 62818 62819 62820 62821 62823 62828 62835 62844 62849 62851 62864 62870 62875 62877 62881 62883 62884 62921 62923 66323 66325 66326 66328 66330 66349 66351 66366 66373 66375
41684 41686 41687 41690 41692 41693 41695 41696 41698 41713 41715 41717 41718 41723 41725 41733 41735 41737 41738 41743 41746 41748 41750 41753 41754 41756 41760 41763 41765 41767 41770 41771 41773 41774 41779 41781 41786 41788 41791 41794 41796 41801 41803 41804 41806 41808 41811 41813 41814 41815 41817 41818 41819 41820 41822 41823 41825 41826 41828 41835 41849 41851 41855 41859 41862 41864 41866
4110 4112 62434 62436 62437 62439 62441 62442 62444 62446 62448 62453 62455 62459 62461 62464 62467 63085 63087 63090 63093 63095 63096 63097 63098 63104 63115 63116 63117 63118 63119 63123 63134 63139 63141 63165 63166 63237 63239 63240 63241 63242 63260 63263 63264 63266 63267 63268 63270 63272 63275 63277 63285 63287 63290 63291 63295 63297 63306 63308 63311 63312 63318 63319 63321 63322 63323 63334 63335 63337 63338 63339 63349 63352 63354 63356 63368 63370 63372 63394 63396 63401 63402
1034 1036 2524 2526 4110 4112 5162 5164 5170 5173 5179 5181 15320 15322 15336 15338 15402 15404 15408 30810 30812 30824 30826 30832 30834 30847 30849 30875 30877 30901 30903 30929 30931 30950 30952 30972 30974 30993 30995 31003 31006 31008 31009 31010 31011 31012 31013 31014 31016 31017 31019 31020 31022 31025 31027 31028 31035 31036 31038 31041 31043 31045 31049 31051 31052 31054 31058 31060 33893 33895 33903 33905 33913 33915 62125 62127 62129 62434 62436 62437 62439 62441 62442 62444 62446 62448 62453 62455 62459 62464 62467 64223 64225 64343 64345 64348 64350 64356 64357 64358 64360 64364 64366 64403 64406 64407 64408 64409 64410 64411 64413 64415 64418 64420 64422 64424 64432 64443 64444 64446 64450 64451 64648 64650 64652 64654 64655 64658 64660 64661 64664 64665 64667 64668 64670 64672 64673 64674 64676 64677 64680 64681 64717 64719 64721 64722 64724 64730 64732 64735 64738 64744 64747 64748 64750 64751 64753 64755 64758 64765 64767 64769 64780 64782 64783 64789 64792 64794 64801 64816 64821 64825 64827 64829 64833 64834 64836 64839 64852 64854 64855 64860 64978 64980 64982 64983 64984 64985 64987 65105 65108 65114 65121 65160 65196 65198 65199 65201 65202 65203 65205 65247 65249 65251 65263 65265 65266 65395 65399 65401 65429 65431
15320 15322 15402 15404 15408 63708 63710 63711 63713 63714 63716 63718 63721 63726 63738 63740 63742 63747 63752 63754 63761 63766 63768
38101 38103 38116 38118 38122 38123 38125
15320 15322 15402 15404 15408 26895 26897 30810 30812 30824 30826 30832 30834 33893 33895 33903 33905 33913 33915 62125 62127 62131 65717 65719 65740 65742 65743 65745 65750 65751 65753 65756 65760 65766 65767 65768 65769 65770 65771 65861 65862 65872 65874 65875 65876
15320 15322 15402 15404 15408 20567 20569 20577 20579 20592 20594 20610 20613 20635 20637 20651 20653 20700 20702 20705 20706 20713 20714 20731 20733 20766 20768 20791 20793 30810 30812 30824 30826 30847 30849 30875 30877 30901 30903 30929 30931 30950 30952 30972 30974 30993 30995 31003 31006 31008 31009 31010 31011 31012 31013 31014 31016 31017 31019 31020 31022 31025 31027 31028 31035 31036 31038 31041 31043 31049 31051 31052 31054 31060 32356 32358 32368 32370 32391 32393 32414 32416 61578 61580 61582 61584 62434 62436 62437 62439 62441 62442 62444 62446 62448 62453 62455 62459 62464 62467 64990 64992 64995 64997 65105 65108 65114 65121 65160 65196 65208 65219 65221 65223 65225 65227
45144 45146 45147 45190 45193 45195 45196 45198 45199 45200 45201 45203 45207 45209 45210 45211 45213 61794 61796 61798 61801 61806
45144 45146 45147 45178 45180 45182 45183 45216 45219 45223 45228 45230 45234 45239 61725 61727 61728 61729 61730 61731 61733 61738 61739 61742 61752 61753 61755 61758 61759 61761 61763 61768 61769 61770 61794 61796 61798 61801 61806
41684 41686 41687 41690 41692 41693 41695 41696 41698 41763 41765 41767 41770 41771 41773 41774 41892 41894 41899 41901 41902 41904 41905 41906 41908 41911 41921 41923 41925 41927 41928 41930 41932 41933 41935 41938 41939 41941 41943
64689 64691 64693
49849 49851 49853 49858 49859 49860 49861 49862 49865 49867 49872 49873 49875 49879 49882 50943 50945 50946 50947 50990 50993
49849 49851 49853 49855
4110 4112 8946 8949 8957 8959 8977 8979 9001 9003 9052 9054 9069 9071 9087 9089 9105 9107 9122 9124 9138 9140 9154 9156 9195 9197 9199 9205 9206 9207 9209 9211 9212 9218 9247 9249 9267 9269 9287 9289 9328 9330 14267 14269 62434 62436 62437 62439 62441 62442 62444 62446 62448 62453 62455 62459 62464 62467 63085 63087 63090 63093 63095 63096 63097 63098 63104 63115 63116 63117 63118 63119 63123 63134 63139 63141 63165 63166 63169 63171 63174 63176 63183 63189 63193 63195 63197 63198 63199 63200 63202 63204 63205 63206 63207 63209 63212 63214 63217 63260 63263 63264 63266 63267 63268 63270 63272 63275 63277 63285 63287 63290 63291 63293 63306 63308 63311 63312 63318 63319 63321 63322 63323 63334 63335 63337 63338 63339 63349 63352 63354 63356 63368 63370 63372 63394 63396 63401 63402
15294 15296 15297 15402 15404 15406 15408 42043 42045 42055 42057 42059 42060 42082 42084 42086 42091 42093 42095 42096 42097 42099 42102 42108 42114 42119 42120 42122 42128 42188 42191 42194 42196 42197 42199 42200 42201 42212 42215 42217 42219 42220 42231 42239 42241 42243 42245 42246 42249 42250 42252 42262 42264 42270 61725 61727 61728 61729 61730 61731 61733 61735 62290 62292 62305 62307 62309
61725 61727 61728 61729 61730 61731 61733 61735 61738 61739 61742 61744 61745 61747 61749 61750 61752 61753 61755 61758 61759 61761 61763 61768 61769 61770
63352 63354 63356 63358 63360
47952 47954 47967 47970 47998 48000 48005 62157 62159 62161 62166 62167 62169 62171 62173
4110 4112 13385 13387 13388 13420 13423 13425 13427 13430 13432 13435 13440 13445 13450 13456 13459 13465 13467 13473 13475 13481 13483 13489 13491 13498 13500 13522 13524 13537 13539 62434 62436 62437 62439 62441 62442 62444 62446 62448 62453 62455 62459 62464 62467 63085 63087 63090 63093 63095 63096 63097 63098 63104 63115 63116 63117 63118 63119 63123 63134 63139 63141 63143 63144 63145 63147 63154 63156 63157 63159 63165 63166 63237 63239 63240 63241 63242 63260 63263 63264 63266 63267 63268 63270 63272 63275 63277 63285 63290 63291 63295 63297 63306 63308 63311 63312 63318 63319 63321 63322 63323 63334 63335 63337 63338 63339 63349 63352 63354 63356 63368 63370 63372 63394 63396 63401 63402
15336 15338 15402 15404 15408 26895 26897 30810 30812 30832 30834 62125 62127 62131 65717 65719 65740 65742 65743 65745 65750 65751 65753 65756 65866 65867 65868 65872 65874 65875 65876
15320 15322 15402 15404 15408 21843 21845 22057 22059 22069 22071 26895 26897 30810 30812 30832 30834 62125 62127 62131 62480 62482 62483 62485 62487 62488 62490 62491 62493 62497 62503 62504 62507 62518 62520 62521 62522 62524 62529 62531 62532 62536 62547 62549 62810 62813 62815 62816 62818 62819 62820 62821 62823 62825 62828 62835 62844 62849 62851 62854 62856 62864 62870 62875 62877 62881 62889 62891 62893 62894 62921 62923 62933 62935 62940 62941 62943 62944 62946 62947 62948 62955 63771 63773 63774 63775 63776 63778 63783 63789 63793 63812 63813 63820 63822 63830 63832 63840 63845 63859 65717 65719 65740 65742 65743 65745 65750 65751 65753 65756 65760 65778 65784 65786 65787 65792 65793 65794 65795 65802 65803 65807 65809 65810 65812 65813 65815 65824 65826 65830 65831 65833 65858 65861 65862 65872 65874 65875 65876 65880 65885 65887 65888 65893 65894 65896 65902 65903 65907 65950 65952 65954 65956 65958 65961
15320 15322 15368 15370 15402 15404 15408 48599 48601 48680 48682 48739 48741 48748 48750 48766 48768 48774 48776 48784 48786 48827 48830 48832 48833 48834 48835 48836 48837 48838 48840 65035 65037 65038 65039 65042 65048 65049 65050 65052 65054 65055 65058 65060 65079 65083 66032 66034 66036 66041 66042 66046 66058 66060 66062 66063 66071
20567 20569 30810 30812 32257 32259 32268 32270 32279 32281 32290 32292 32294 32299 32300 32302 32305 32307 32311 61794 61796 61801 61806 62480 62482 62483 62485 62487 62488 62490 62491 62493 62497 62503 62504 62507 62518 62520 62521 62522 62524 62529 62531 62532 62536 62542 62543 62547 62552 62553 62555 62556 62560 62562 62566 62810 62813 62815 62816 62818 62819 62820 62821 62823 62825 62828 62835 62844 62849 62851 62864 62870 62875 62877 62881 62883 62884 62921 62923 63771 63773 63774 63775 63776 63778 63783 63789 63793 63812 63813 63820 63822 63830 63832 63840 63845 63859
1023 1025 4110 4112 5162 5164 5179 5181 7694 7697 7698 7699 7700 7715 7717 7750 7752 7769 7771 15320 15322 15336 15338 15402 15404 15408 30810 30812 30824 30826 30832 30834 30847 30849 30875 30877 30901 30903 30929 30931 30950 30952 30972 30974 30993 30995 31003 31006 31008 31009 31010 31011 31012 31013 31014 31016 31017 31019 31020 31022 31025 31027 31028 31035 31036 31038 31041 31043 31045 31049 31051 31052 31054 31058 31060 33893 33895 33903 33905 33913 33915 47570 47572 47575 47577 48543 48545 48599 48601 48680 48682 48739 48741 48748 48750 48756 48758 48766 48768 48774 48776 48784 48786 48827 48830 48832 48833 48834 48835 48836 48837 48838 48840 62125 62127 62129 62434 62436 62437 62439 62441 62442 62444 62446 62448 62453 62455 62459 62464 62467 64190 64192 64204 64206 64343 64345 64348 64350 64356 64357 64358 64360 64364 64366 64403 64406 64407 64408 64409 64410 64411 64413 64415 64418 64420 64422 64424 64432 64443 64444 64446 64454 64456 64465 64467 64469 64470 64472 64474 64476 64478 64486 64487 64489 64497 64499 64500 64648 64650 64652 64654 64655 64658 64660 64661 64664 64665 64667 64668 64670 64672 64673 64674 64676 64677 64680 64681 64717 64719 64721 64722 64724 64730 64732 64735 64738 64744 64747 64748 64750 64751 64753 64755 64758 64765 64767 64769 64780 64786 64789 64792 64794 64801 64816 64821 64825 64827 64829 64833 64834 64836 64839 64852 64854 64855 64857 64860 64978 64980 64982 64983 64984 64985 64987 65035 65037 65038 65039 65042 65048 65049 65050 65052 65054 65055 65058 65060 65062 65064 65065 65067 65083 65085 65087 65105 65108 65114 65121 65160 65196 65198 65199 65201 65202 65203 65205 65247 65249 65251 65263 65265 65266 65395 65399 65401 65404 65406 65429 65431 65434 65436 65438 65439 66011 66013 66015 66016 66018 66019 66021 66032 66034 66036 66041 66042 66044 66058 66060 66062 66063 66065 66069 66082 66084 66086
15320 15322 15368 15370 15402 15404 15408 48599 48601 48680 48682 48739 48741 48748 48750 48766 48768 48774 48776 48784 48786 48827 48830 48832 48833 48834 48835 48836 48837 48838 48840 65035 65037 65038 65039 65042 65048 65049 65050 65052 65058 65060 65079 65083
4110 4112 8946 8949 8957 8959 8977 8979 9001 9003 9052 9054 9069 9071 9087 9089 9105 9107 9122 9124 9138 9140 9154 9156 9195 9197 9199 9205 9206 9207 9209 9211 9212 9218 9247 9249 9267 9269 9287 9289 9328 9330 14267 14269 62434 62436 62437 62439 62441 62442 62444 62446 62448 62453 62455 62459 62464 62467 63080 63082 63085 63087 63090 63093 63095 63096 63097 63098 63104 63115 63116 63117 63118 63119 63123 63134 63139 63141 63165 63166 63169 63171 63174 63176 63183 63185 63220 63222 63224 63225 63226 63227 63228 63230 63233 63260 63263 63264 63266 63267 63268 63270 63272 63275 63277 63285 63287 63290 63291 63293 63306 63308 63311 63312 63318 63319 63321 63322 63323 63334 63335 63337 63338 63339 63349 63352 63354 63356 63368 63370 63372 63394 63396 63401 63402
15294 15296 15297 15402 15404 15406 15408 42043 42045 42055 42057 42059 42060 42062 42063 42082 42084 42086 42091 42093 42095 42096 42097 42099 42102 42108 42114 42119 42120 42122 42124 42128 42153 42155 42522 42524 42526 42529 42530 42531 42533 42535 42546 42547 42552 62290 62292 62305 62307 62309
15320 15322 15336 15338 15402 15404 15408 64648 64650 64652 64654 64655 64658 64660 64661 64664 64665 64667 64668 64670 64672 64673 64674 64676 64677 64680 64681 64735 64738 64744 64747 64748 64750 64751 64753 64755 64789 64792 64794 64796 65395 65429 65431
15336 15338 15402 15404 15408 63771 63773 63774 63775 63776 63778 63783 63789 63793 63812 63813 63815 63817
45144 45146 45147 45216 45219 45223 45228 45230 45234 45239 61794 61796 61798 61801 61806
15320 15322 15402 15404 15408 21387 21389 21466 21468 21470 21475 21477 21484 21486 21495 21497 21499 21504 21506 21513 26895 26897 30810 30812 30832 30834 36779 36781 36789 36791 36799 36801 36804 36807 36808 36883 36885 36888 36890 61794 61796 61801 61806 62125 62127 62131 62480 62482 62483 62485 62487 62488 62490 62491 62493 62497 62503 62504 62507 62518 62520 62521 62522 62524 62529 62531 62532 62536 62547 62549 62810 62813 62815 62816 62818 62819 62820 62821 62823 62825 62828 62835 62844 62849 62851 62864 62870 62875 62877 62881 62883 62884 62889 62907 62909 62910 62921 62923 63771 63773 63774 63775 63776 63778 63783 63789 63793 63812 63813 63820 63822 63830 63832 63840 63845 63859 65717 65719 65740 65742 65743 65745 65750 65751 65753 65756 65760 65778 65784 65786 65787 65792 65793 65794 65795 65797 65798 65802 65803 65807 65809 65810 65812 65813 65815 65824 65826 65830 65831 65833 65858 65861 65862 65872 65874 65875 65876 65880 65885 65907 65950 65952 65954 65956 65958 65961
15294 15296 15297 15402 15404 15406 15408 62290 62292 62305 62307 62309 64105 64107 64108 64109 64110 64111 64323 64325 64327 64330
638 641 645 649 653 657 661 665 669 673 677 681 685 689 693 697 701 705 709 713 717 721 725 729 733 737 739 30369 30371 30810 30812 34250 34252
21428 21430 21433 21435 21452 21454 21459 21461
4110 4112 4115 4117 13032 15320 15322 15336 15338 15402 15404 15408 48599 48601 48680 48682 48739 48741 48748 48750 48766 48768 48774 48776 48784 48786 48827 48830 48832 48833 48834 48835 48836 48837 48838 48840 64648 64650 64652 64654 64655 64658 64660 64661 64664 64665 64667 64668 64670 64672 64673 64674 64676 64677 64680 64681 64735 64738 64744 64747 64748 64750 64751 64753 64755 64758 64765 64767 64769 64780 64786 64789 64792 64794 64801 64806 64810 64816 64821 64825 64827 64829 64833 64834 64839 64852 64854 64855 64857 64978 64980 64982 64983 64984 64985 64987 65035 65037 65038 65039 65042 65048 65049 65050 65052 65054 65055 65058 65060 65062 65064 65065 65067 65083 65085 65087 65395 65399 65401 65404 65406 65429 65431 65434 65436 65438 65439 66032 66034 66036 66041 66042 66044 66058 66060 66062 66063 66065 66067 66082 66084 66088
45144 45146 45147 45178 45180 45182 45183 45190 45193 45195 45196 45207 45209 45210 45211 45213 45216 45219 45223 45228 45230 45234 45239 61725 61727 61728 61729 61730 61731 61733 61738 61739 61742 61752 61753 61758 61759 61761 61763 61765 61768 61769 61770 61794 61796 61798 61801 61806
47570 47572 47575 47577 48599 48601 48621 48623 48766 48768 48774 48776 61794 61796 61801 61806 62480 62482 62483 62485 62487 62488 62490 62491 62493 62497 62503 62504 62507 62518 62520 62521 62522 62524 62529 62531 62532 62536 62547 62549 62810 62813 62815 62816 62818 62819 62820 62821 62823 62828 62835 62844 62849 62851 62864 62870 62875 62877 62881 62883 62884 62921 62923 66323 66325 66326 66328 66332 66338 66340 66349 66351 66366 66373 66375
45144 45146 45147 45216 45219 45223 45228 45230 45234 45239 61794 61796 61798 61801 61806
15294 15296 15297 15402 15404 15406 15408 42043 42045 42055 42057 42059 42060 42082 42084 42086 42091 42093 42095 42096 42097 42099 42102 42108 42114 42119 42120 42122 42124 42128 42188 42191 42194 42196 42197 42199 42200 42201 42212 42215 42217 42219 42220 42231 42239 42241 42243 42245 42246 42249 42250 42254 42262 42264 42270 61725 61727 61728 61729 61730 61731 61733 61738 61739 61742 61752 61753 61758 61759 61761 61763 61765 61768 61769 61770 62290 62292 62305 62307 62309
47952 47954 47967 47970 47998 48000 48002
15336 15338 15402 15404 15408 16077 16079 16081 16082 16084 16086 16087 16089 16102 16104 19498 19500 19501 19503 19504 19524 19526 19527 19529 19530 19532 19535 19537 19541 19542 19572 19574 19576 19579 19581
49849 49851 49853 49858 49859 49860 49861 49862 49865 49867 49872 49873 49875 49879 49882 50943 50945 50946 50947 50990 50993
24184 24186 62157 62159 62161 62166 62167 62169 62171 62173
47009 47011
15320 15322 15336 15338 15352 15354 15402 15404 15408 16077 16079 16081 16082 16084 16086 16087 16089 16102 16104 16122 16125 16126 16127 16128 16130 16132 16134 16138 16140 16143 16145 16147 16150 16151 16153 16154 16161 19524 19526 19527 19529 19530 19532 19535 19537 19545 19547 19549 19550 19551 19553 19554 19556 19558 19560 19561 19563 19565 19568 19572 19574 19576 19579 19581
65740 65742 65743 65745 65747
41684 41686 41687 41690 41692 41693 41695 41696 41698 41713 41715 41717 41718 41723 41725 41746 41748 41753 41754 41756 41760 41763 41765 41767 41770 41771 41773 41774 41871 41873 41878 41883 41884 41886 41888 41889
20567 20569 29525 29527 29557 29559 29568 29570 30810 30812 61794 61796 61801 61806 62480 62482 62483 62485 62487 62488 62490 62491 62493 62497 62503 62504 62507 62518 62520 62521 62522 62524 62529 62531 62532 62536 62542 62543 62547 62552 62553 62555 62556 62560 62562 62566 62810 62813 62815 62816 62818 62819 62820 62821 62823 62825 62828 62835 62844 62849 62851 62864 62870 62875 62877 62881 62883 62884 62921 62923 63771 63773 63774 63775 63776 63778 63783 63789 63793 63812 63813 63820 63822 63830 63832 63840 63845 63859
15320 15322 15336 15338 15352 15354 15402 15404 15408 16057 16060 16077 16079 16081 16082 16084 16086 16087 16089 16102 16104 16122 16125 16126 16127 16128 16130 16132 16134 16138 16140 16143 16145 16147 16150 16151 16153 16154 16161 18741 18744 18746 18751 18753 18754 18756 18760 19524 19526 19527 19529 19530 19532 19535 19537 19545 19547 19549 19550 19551 19553 19554 19556 19558 19560 19561 19563 19565 19568 19572 19574 19576 19579 19581
36819 36821 36824 36827 36833 36835
15294 15296 15297 15402 15404 15406 15408 42043 42045 42055 42057 42059 42060 42082 42084 42086 42091 42093 42095 42096 42097 42099 42102 42108 42114 42119 42120 42122 42124 42128 42273 42275 42277 42279 42281 62290 62292 62305 62307 62309
61725 61727 61728 61729 61730 61731 61733 61738 61739 61742 61752 61753 61758 61759 61761 61763 61768 61769 61770
2702 2704 2705 2708 2710 2718 2720 3408 3410 3411 3412 3414 3415 3417 3421 3424 3426 3429 3430 3462 3464 3465 3466 3495 3497 3498 3499 3502 3504 3507 3509 3513 3516 3518 3521 3523 3632 3634
15294 15296 15297 15402 15404 15406 15408 42043 42045 42055 42057 42059 42060 42082 42084 42086 42091 42093 42095 42096 42097 42099 42102 42108 42114 42119 42120 42122 42124 42128 42188 42191 42194 42196 42197 42199 42200 42201 42204 42209 42215 42217 42219 42220 42223 42225 62290 62292 62305 62307 62309
2524 2526 15320 15322 15336 15338 15402 15404 15408 64223 64225 64343 64345 64348 64350 64356 64357 64358 64360 64364 64366 64403 64406 64407 64408 64409 64410 64411 64413 64415 64418 64420 64422 64424 64432 64434 64435 64439 64648 64650 64652 64654 64655 64658 64660 64661 64664 64665 64667 64668 64670 64672 64673 64674 64676 64677 64680 64681 64717 64719 64721 64722 64724 64730 64732
4110 4112 11829 11831 11832 11838 11841 11859 11861 11871 11873 11883 11885 11887 11890 14267 14269 62434 62436 62437 62439 62441 62442 62444 62446 62448 62453 62455 62459 62464 62467 63080 63082 63085 63087 63090 63093 63095 63096 63097 63098 63104 63115 63116 63117 63118 63119 63123 63134 63139 63141 63165 63166 63169 63171 63174 63176 63183 63185 63220 63222 63224 63225 63226 63227 63228 63230 63233 63237 63239 63240 63241 63242 63260 63263 63264 63266 63267 63268 63270 63272 63275 63277 63285 63290 63291 63293 63295 63297 63306 63308 63311 63312 63318 63319 63321 63322 63323 63334 63335 63337 63338 63339 63349 63352 63354 63356 63368 63370 63372 63394 63396 63401 63402
15294 15296 15297 15402 15404 15406 15408 42043 42045 42055 42057 42059 42060 42062 42063 42082 42084 42086 42091 42093 42095 42096 42097 42099 42102 42108 42114 42119 42120 42122 42124 42128 42141 42143 42153 42155 42163 42165 42555 42557 42560 42562 42565 42567 42570 42572 42575 42577 42580 42582 42585 42587 42590 42592 43020 43022 43023 43024 43026 43028 43030 43032 43034 43037 43045 43046 43047 43048 43049 43051 62290 62292 62305 62307 62309
20916 20918 30810 30812 31360 31362 31413 31415 31423 31425 62480 62482 62483 62485 62487 62488 62490 62491 62493 62497 62503 62504 62507 62518 62520 62521 62522 62524 62529 62531 62532 62536 62547 62549 62810 62813 62815 62816 62818 62819 62820 62821 62823 62825 62828 62835 62844 62849 62851 62864 62870 62875 62877 62881 62889 62907 62909 62910 62921 62923 63771 63773 63774 63775 63776 63778 63783 63789 63793 63812 63813 63820 63822 63830 63832 63840 63845 63859
17029 17031 17085 17087 43054 43056 43057 43058 43060 43062 43064 43072 43074
