22 23 24 82 83
199 200 219 220 223 224 225
195 215
30 92 93 112 113 114 115 116 117 118 119 120 121 122 123 124 125 126 127 148 149 163 164 165 166 189 192 193 194 211 212 233 235 240 251 252 253
82 88 155 156 157 158 159 160 161
0 3 4 5 6 22 23 24 30 33 35 36 37 38 39 40 41 42 43 44 45 46 47 76 82 83 84 86 87 88 151 152 153 154 164 165 167 168 169 170 171 172 189 192 193 194 195 211 212 215 218 226 228
82 83 88 128 137 138 140 141 142 143 145 146 147 155 157 158 159 160 161 202
22 23 24 30 31 35 36 37 38 39 40 41 43 44 45 46 47 76 82 83 84 87 88 148 149 155 156 157 158 159 160 161 164 165 189 192 193 194 211 212
0 4 5 6
82 86 87 88 130 133 134 135 157 158 159 161
70 71 72 75
22 23 24 29 30 31 35 36 37 38 39 40 43 44 45 46 70 71 72 75 76 82 83 84 86 87 88 92 93 94 95 96 98 99 100 101 112 113 114 115 116 117 118 119 120 121 122 123 124 125 126 127 148 149 163 164 165 166 167 168 169 170 171 172 189 192 193 194 195 211 212 215 216 233 235 237 238 239 240 251 252 253 255 256
82 83 157 159
22 23 24 29 30 31 35 36 37 38 39 40 43 44 45 46 75 76 78 79 80 81 82 83 84 86 87 88 92 93 94 95 96 98 99 100 101 112 113 114 115 116 117 118 119 120 121 122 123 124 125 126 127 148 149 163 164 165 166 167 168 169 170 171 172 189 192 193 194 195 211 212 215 218 233 237 238 239 240 251 252 253 255 256

82 86 87 88 163 164 165 169 170 171 189 192 193 194 211 212
0 2 4 5 6 22 23 24 30 34 35 36 37 38 39 40 43 44 45 46 47 74 75 76 82 83 84 86 87 88 148 149 151 153 163 164 165 167 169 170 171 172 189 192 193 194 195 211 212 215 218 232 240 241 249 250 259 260 262 264 265 266
30 148 149 163 164 165 189 192 193 194 211 212 232 237 240 246 249 250 259 260
22 23 24 31 35 36 37 38 39 40 43 44 45 46 74 75 76 82 83 84 86 87 88 167 168 169 170 171 172 195 215 255 256
0 2 4 5 6 22 23 24 30 34 35 36 37 38 39 40 41 43 44 45 46 47 76 82 83 84 86 87 88 151 152 153 154 155 156 157 158 159 160 161 260 261 264 265 266 267 268
215
82 86 87 88 165 167 169 170 171 172 189 192 193 194 195 211 212 215 216 217 218
22 23 82
196 199 200 219 220 221 222 223 224 225
22 23 24 30 32 35 36 37 38 39 40 41 43 44 45 46 74 75 76 82 83 84 86 87 88 148 149 164 165 167 168 169 170 171 172 189 192 193 194 195 211 212 215
185 188 203 204 205 206 207 209
0 3 4 5 6 22 23 24 30 34 35 36 37 38 39 40 41 43 44 45 46 47 76 82 83 84 86 87 88 151 152 153 154 164 165 167 168 169 170 171 172 189 192 193 194 195 211 212 215 218
82 174 176 177
0 3 4 5 6 22 23 24 26 30 33 35 36 37 38 39 40 43 44 45 46 47 76 82 83 84 86 87 88 149 151 153 162 164 165 167 169 170 171 172 189 192 193 194 195 211 212 215 218 228 229 230
82 131 133 135
22 23 24 29 30 31 35 36 37 38 39 40 43 44 45 46 70 71 72 75 76 82 83 84 86 87 88 92 93 94 95 96 98 99 100 101 112 113 114 115 116 117 118 119 120 121 122 123 124 125 126 127 148 149 163 164 165 166 167 168 169 170 171 172 189 192 193 194 195 211 212 215 216 233 235 237 238 239 240 251 252 253 255 256
22 23 24 30 31 35 36 37 38 39 40 43 44 45 46 74 75 76 82 83 84 86 87 88 92 93 94 95 112 113 114 115 116 117 118 119 120 121 122 123 124 125 126 127 148 149 163 164 165 166 167 168 169 170 171 172 189 192 193 194 195 211 212 215 218 233 235 240 251 252 253 255 256
196 199 200 219 220 223 224 225
82 150 153 162 229
70 71 72 75
22 23 24 30 31 35 36 37 38 39 40 41 43 44 45 46 47 76 82 83 84 87 88 148 149 155 156 157 158 159 160 161 164 165 189 192 193 194 211 212 253 255 256
93 112 113 114 115 116 117 118 119 120 121 122 123 124 125 126 127 148 149
189 190 191 195 211 212 214 215 216
22 23 24 29 30 31 35 36 37 38 39 40 43 44 45 46 70 71 72 75 76 82 83 84 86 87 88 92 93 94 95 96 98 99 100 101 112 113 114 115 116 117 118 119 120 121 122 123 124 125 126 127 148 149 163 164 165 166 167 168 169 170 171 172 189 192 193 194 195 211 212 215 216 233 235 237 238 239 240 251 252 253 255 256
228
189 211 212 216
82 83 163 164 165 170 171 189 192 193 194 211 212
102 103 104 106 107 108 110 210 211 212 214 226 228
22 23 24 29 30 31 35 36 37 38 39 40 43 44 45 46 82 83 84 86 87 88 148 149 164 165 167 168 169 170 171 172 189 192 193 194 195 211 212 215
82 140 142 145
22 23 24 30 31 35 36 37 38 39 40 43 44 45 46 74 75 76 82 83 84 86 87 88 148 149 164 165 167 168 169 170 171 172 189 192 193 194 195 211 212 215 253 255 256
22 23 24 27 31 35 36 37 39 40 44 45 76 82 83 84 86 87 91 167 168 170 171
201 202
0 3 4 5 6 22 23 24 30 33 35 36 37 38 39 40 43 44 45 46 47 74 75 76 82 83 84 86 87 88 151 152 153 164 165 167 169 170 171 172 189 192 193 194 195 211 212 215 218 228 229 230
186 187 188 196 199 200 203 204 205 206 207 209 219 220 223 224 225
29 30 52 53 54 148 149 163 164 165 166 189 192 193 194 211 212 232 235 236 240 244 245 249 250 259 260
82 83 88 137 139 140 141 142 144 145 146 147 157 158 159 161
203 204 205 206 208 209
102 103 104 105 106 107 108 109 110 111 210 211 212 213 214
195 215
0 3 4 5 22 39 40 82 151 157 159
0 3 4 5 6 22 23 24 30 34 35 36 37 38 39 40 41 43 44 45 46 47 76 82 83 84 86 87 88 148 149 151 152 153 154 164 165 167 168 169 170 171 172 189 192 193 194 195 211 212 215
82 86 87 88 164 165 167 169 170 171 172 189 192 193 194 195 211 212 215
0 3 4 5 6
193 194 195 212 215 216 217 218
82 136 138 140 142 143 145 212
82 128 129 130 131 133 135 157 159
0 3 4 5 6 22 23 24 29 34 35 36 37 38 39 40 43 44 45 46 47 52 53 58 59 60 61 62 77 82 83 84 86 87 88 148 149 151 152 153 164 165 167 169 170 171 172 189 192 193 194 195 211 212 215
227 229
102 103 104 105 106 107 108 109 110 111 210 211 212 214
22 23 24 28 31 35 37 39 40 44 45 47 82 83 89 168 170 171 229 231
82 83 140 142 145 201
214 215 218
0 1 4 5 6
22 23 24 30 32 35 36 37 38 39 40 41 43 44 45 46 76 82 83 84 86 87 88 148 149 164 165 167 168 169 170 171 172 189 192 193 194 195 211 212 215 253 254 255 256 257 258
82 175 176
48 54 58 59 60 61
22 23 24 29 31 35 36 37 38 39 40 44 45 46 47 75 76 82 83 84 86 87 88 148 149 164 165 167 168 169 170 171 172 189 192 193 194 195 211 212 215 218 229
22 23 24 30 31 35 36 37 38 39 40 41 43 44 45 46 47 74 75 76 82 83 84 86 87 88 148 149 164 165 167 168 169 170 171 172 189 192 193 194 195 211 212 215 218
0 2 4 5 6 22 23 24 26 29 30 34 35 36 37 38 39 40 43 44 45 46 47 70 71 72 75 76 82 83 84 86 87 88 92 93 94 95 97 98 99 100 101 112 113 114 115 116 117 118 119 120 121 122 123 124 125 126 127 148 149 151 152 153 154 163 164 165 166 167 168 169 170 171 172 189 192 193 194 195 211 212 215 218 232 233 234 235 239 240 241 242 243 248 249 250 251 252 253 259 260 264 265 266
22 23 24 29 30 31 35 36 37 38 39 40 43 44 45 46 48 52 53 54 55 56 57 59 60 61 62 63 65 67 68 82 83 84 86 87 88 92 93 94 95 96 98 99 100 101 112 113 114 115 116 117 118 119 120 121 122 123 124 125 126 127 148 149 163 164 165 166 167 168 169 170 171 172 189 192 193 194 195 211 212 215 218 233 237 238 239 240 251 252 253 255 256
89
82 136 140 142 145 212
22 23 24 28 31 35 36 37 38 39 40 43 44 45 46 74 75 76 82 83 84 86 87 88 90 91 167 168 169 170 171 172 195 215 218
7 8 11 12 13 16 17 18 19 20 21 22 23 24 29 30 31 35 36 37 38 39 40 41 43 44 45 46 47 48 49 51 52 53 54 55 56 57 59 60 61 62 63 64 65 66 67 68 82 83 84 86 87 88 148 149 163 164 165 166 167 168 169 170 171 172 189 192 193 194 195 211 212 215 218
7 8 9 10 11 12 13 14 15 16 17 18 19 20 21 22 23 24 29 30 31 35 36 37 38 39 40 41 43 44 45 46 47 69 70 71 72 73 75 76 82 83 84 86 87 88 148 149 163 164 165 166 167 168 169 170 171 172 189 192 193 194 195 211 212 215 218
22 23 24 27 31 35 36 37 39 40 44 45 76 82 83 84 86 87 89 167 168 170 171
70 71 72 75
77
82 128 130 131 133 135 157 159
82 88 128 156 157 158 159 161
22 23 24 30 31 35 36 37 38 39 40 44 45 46 47 76 82 83 84 148 149 155 156 157 159 160 164 165 189 192 193 194 211 212 228 230
22 23 24 30 31 35 36 37 38 39 40 43 44 45 46 74 75 76 82 83 84 86 87 88 148 149 164 165 167 168 169 170 171 172 189 192 193 194 195 211 212 215 218
30 148 149 163 164 165 189 192 193 194 211 212 232 234 240 243 249 250 259 260
0 2 4 5 6 22 23 24 30 34 35 36 37 38 39 40 41 43 44 45 46 47 76 82 83 84 86 87 88 151 152 153 154 155 156 157 158 159 160 161 260 261 264 265 266 267 268
82 83
214 215 216 218
189 190 194 195 211 212 214 215 216 217 218
82 83 157 159
82 86 87 88 157 158 159 161
22 23 24 29 30 31 35 36 37 38 39 40 43 44 45 46 48 52 53 54 58 59 60 61 62 82 83 84 86 87 88 92 93 94 95 96 98 99 100 101 112 113 114 115 116 117 118 119 120 121 122 123 124 125 126 127 148 149 163 164 165 166 167 168 169 170 171 172 189 192 193 194 195 211 212 215 218 233 237 238 239 240 251 252 253 255 256
22 23 24 31 35 36 37 38 39 40 41 43 44 45 46 47 74 75 76 82 83 84 86 87 88 167 168 169 170 171 172 195 215 218 255 256
189 190 191 195 211 212 214 215 216
82 86 87 88 181 182 183
0 2 4 5 6 22 23 24 34 35 36 37 38 39 40 43 44 45 46 47 76 82 83 84 86 87 88 151 153 155 157 158 159 160 161 264 265 266
0 2 4 5 6 22 23 24 30 34 35 36 37 38 39 40 43 44 45 46 47 74 75 76 82 83 84 86 87 88 151 152 153 154 164 165 167 168 169 170 171 172 189 192 193 194 195 211 212 215 260 264 265 266
196 199 219 220 221 222
82 162 173 176 229
22 23 24 29 30 31 35 36 37 38 39 40 43 44 45 46 70 71 72 75 76 82 83 84 86 87 88 92 93 94 95 96 98 99 100 101 112 113 114 115 116 117 118 119 120 121 122 123 124 125 126 127 148 149 163 164 165 166 167 168 169 170 171 172 189 192 193 194 195 211 212 215 218 233 237 238 239 240 251 252 253 255 256
7 8 9 10 11 12 14 15 16 17 18 19 20 21 22 23 24 29 30 31 35 36 37 38 39 40 41 43 44 45 46 47 48 49 51 52 53 54 55 56 57 59 60 61 62 63 64 65 66 67 68 82 83 84 86 87 88 148 149 163 164 165 166 167 168 169 170 171 172 189 192 193 194 195 211 212 215 218
228 230
102 103 104 105 106 107 108 109 110 111 210 211 212 213 214
0 1 4 5 6 22 23 24 30 33 35 36 37 38 39 40 43 44 45 46 74 75 76 82 83 84 86 87 88 148 149 151 153 154 164 165 167 168 169 170 171 172 189 190 192 193 194 195 211 212 214 215 216 218
214 215 218
0 2 4 5 6 22 23 24 29 30 34 35 36 37 38 39 40 43 44 45 46 47 72 75 76 77 82 83 84 86 87 88 148 149 151 153 163 164 165 166 167 169 170 171 172 189 192 193 194 195 211 212 215 218 232 235 238 240 242 244 247 249 250 259 260 263 264 265 266
22 23 24 30 31 35 36 37 38 39 40 43 44 45 46 74 75 76 82 83 84 86 87 88 148 149 164 165 167 168 169 170 171 172 189 192 193 194 195 211 212 215
82 88 128 130 131 133 134 135 157 158 159 161
22 23 24 29 30 31 35 36 37 38 39 40 41 43 44 45 46 47 70 71 76 82 83 84 86 87 88 92 93 94 95 96 98 99 100 101 112 113 114 115 116 117 118 119 120 121 122 123 124 125 126 127 148 149 163 164 165 166 167 168 169 170 171 172 189 192 193 194 195 211 212 215 216 217 233 235 237 238 239 240 251 252 253 255 256
82 152 153
82 87 88 164 165 167 169 170 171 172 189 192 193 194 195 211 212 215
82 136 138 140 142 143 145 212
82 128 130 131 133 135 157 159
203 204 205 206 207 209
189 190 195 211 212 214 215 216
82 130 132 133 135 157 159
54 64
22 23 24 31 35 36 37 39 40 44 45 76 82 83 84 86 87 167 168 170 171
48 58 59 60 61 62
22 23 24 30 31 35 36 37 39 40 44 45 76 82 83 84 148 149 155 156 157 159 160 164 165 189 192 193 194 211 212
82 86 87 163 164 165 167 170 171 189 192 193 194 211 212
0 1 4 5 6 22 23 24 30 34 35 36 37 38 39 40 41 43 44 45 46 76 82 83 84 86 87 88 151 153 154 164 165 167 169 170 171 172 189 190 191 192 193 194 195 211 212 214 215 216 218
82 88 178 179 180 181 182 183 184
199 200 219 220 223 224 225
7 8 9 10 12 16 17 18 19 20 21 22 23 24 29 30 31 35 36 37 38 39 40 41 43 44 45 46 47 48 49 51 52 53 54 55 56 57 59 60 61 62 63 64 65 66 67 68 82 83 84 86 87 88 148 149 163 164 165 166 167 168 169 170 171 172 189 192 193 194 195 211 212 215 218
214 215
211 212 215
0 2 4 5 6
82 86 87 88 163 164 165 166 167 169 170 171 172 189 192 193 194 195 211 212 215
229 231
82 130 132 133 135 157 159
30 148 149 163 164 165 189 192 193 194 211 212 232 240 249 250 259 260
22 23 24 25 31 35 36 37 38 39 40 42 43 44 45 46 47 76 82 83 84 85 86 87 88 148 149 164 165 167 168 169 170 171 172 189 192 193 194 195 211 212 215 218
0 2 4 5 6 22 23 24 30 34 35 36 37 38 39 40 43 44 45 46 47 74 75 76 82 83 84 86 87 88 128 151 153 157 158 159 161 260 264 265 266
82 86 87 163 164 165 166 167 170 171 189 192 193 194 211 212
30 148 149 163 164 165 166 189 192 193 194 211 212 232 235 240 244 249 250 259 260
22 23 24 30 31 35 36 37 38 39 40 43 44 45 46 74 75 76 82 83 84 86 87 88 148 149 164 165 167 168 169 170 171 172 189 192 193 194 195 211 212 215 218
0 3 4 5 6 22 23 24 26 30 33 35 36 37 38 39 40 41 42 43 44 45 46 47 76 82 83 84 86 87 88 148 149 151 152 153 154 164 165 167 168 169 170 171 172 189 192 193 194 195 211 212 215 218 226 228
0 2 4 5 6 22 23 24 30 34 35 36 37 38 39 40 43 44 45 46 47 74 75 76 82 83 84 86 87 88 151 152 153 154 164 165 167 168 169 170 171 172 189 192 193 194 195 211 212 215 260 264 265 266
22 23 24 30 31 35 36 37 38 39 40 41 43 44 45 46 47 74 75 76 82 83 84 86 87 88 148 149 164 165 167 168 169 170 171 172 189 192 193 194 195 211 212 215 218
216
82 83 181 183
91
22 23 24 30 32 35 36 37 38 39 40 41 43 44 45 46 76 82 83 84 86 87 88 148 149 164 165 167 168 169 170 171 172 189 192 193 194 195 211 212 215
82 86 87 88 157 158 159 161
48 52 53 58 59 60 61 62
226 228
29 30 148 149 163 164 165 166 189 192 193 194 211 212 232 235 238 240 244 247 249 250 259 260
189 190 191 194 195 211 212 214 215 216 217 218
53 64
0 3 4 5 6 22 23 24 26 30 34 35 36 37 38 39 40 41 43 44 45 46 47 76 82 83 84 86 87 88 149 151 152 153 154 164 165 167 168 169 170 171 172 189 192 193 194 195 211 212 215 218
198 200
90
228
7 8 9 10 11 12 13 14 15 16 17 18 19 20 21 22 23 24 29 30 31 35 36 37 38 39 40 41 43 44 45 46 47 48 49 50 51 52 53 54 55 56 57 58 59 60 61 62 64 82 83 84 86 87 88 148 149 163 164 165 166 167 168 169 170 171 172 189 192 193 194 195 211 212 215 218
188
102 103 104 105 106 107 108 109 110 111 210 211 212 214

22 23 24 27 30 31 35 36 37 38 39 40 41 43 44 45 46 47 76 82 83 84 87 88 89 91 155 156 157 158 159 160 161
0 3 4 5 22 38 39 40 82 86 88 151 153 155 157 158 159 160 161
52 64
0 3 4 5 6 22 23 24 26 30 33 35 36 37 38 39 40 43 44 45 46 47 74 75 76 82 83 84 86 87 88 148 149 151 152 153 154 164 165 167 168 169 170 171 172 189 192 193 194 195 211 212 215 218
0 2 4 5 6 22 23 24 34 35 36 37 38 39 40 43 44 45 46 47 76 82 83 84 86 87 88 151 153 155 157 158 159 160 161 264 265 266
0 2 4 5 6 22 23 24 30 34 35 36 37 38 39 40 41 42 43 44 45 46 47 76 82 83 84 86 87 88 151 152 153 154 155 156 157 158 159 160 161 226 228 260 264 265 266
0 3 4 5 22 37 38 39 40 82 86 88 151 153 154 155 156 157 158 159 160 161
22 23 24 29 30 32 35 36 37 38 39 40 41 43 44 45 46 70 71 72 75 76 82 83 84 86 87 88 92 93 94 95 96 98 99 100 101 102 103 104 105 106 107 108 109 110 111 112 113 114 115 116 117 118 119 120 121 122 123 124 125 126 127 148 149 163 164 165 166 167 168 169 170 171 172 189 192 193 194 195 210 211 212 214 215 216 233 235 237 238 239 240 251 252 253 254 255 256 257 258
82 151 153 154
201 202
82 83 86 87 88 140 141 142 145 146 147 157 158 159 161 201 202
22 23 24 31 35 36 37 38 39 40 43 44 45 46 74 75 76 82 83 84 86 87 88 148 149 164 165 167 168 169 170 171 172 189 192 193 194 195 211 212 215 218 255 256
229
215 216
82 83 133 135
215
197 200

229
189 190 191 194 195 211 212 214 215 216 217 218
22 23 24 31 35 36 37 38 39 40 42 43 44 45 46 47 76 82 83 84 85 86 87 88 148 149 164 165 167 168 169 170 171 172 189 192 193 194 195 211 212 215 218 226 228
0 3 4 5 22 23 24 29 30 34 35 36 37 38 39 40 43 44 45 46 47 82 83 84 86 87 88 148 149 151 153 164 165 167 169 170 171 172 189 192 193 194 195 211 212 215
22 23 24 31 35 36 37 39 40 44 45 76 82 83 84 86 87 148 149 164 165 167 168 170 171 189 192 193 194 211 212
