47 48 51 53 54 55 56 57 59 61 92 93 94 95 103 191 192 193
5 6 8 20 33 34 36 37 38 39 40 42 47 48 53 54 55 56 57 58 61 62 63 64 65 67 68 69 70 81 103 104 105 107 108 114 118 122 123 124 125 126 127 128 131 141 142 147 148 149 150 151 153 154 155 159 162 191 192 193
9 10 11 12 13 14 17 189 191 192
82 85 90 192
104 105 106 107 108 122 191 192
20 47 48 53 54 55 56 57 58 59 61 62 63 64 65 67 68 69 70 71 81 93 94 95 103 104 105 107 114 122 123 124 125 126 127 131 134 135 136 141 142 147 148 149 150 151 153 154 155 162 191 192 193
9 10 12 13 14 15 16 17 18 19 21 22 24 25 26 27 28 30 32 92 94 95 104 105 107 114 122 123 124 125 126 130 134 135 136 141 142 147 149 150 151 152 153 154 155 191 192
9 12 13 15 16 192
20 47 48 53 54 55 56 57 58 61 62 63 64 65 67 68 69 70 71 81 103 104 105 107 114 122 123 124 125 126 127 131 141 142 147 148 149 150 151 153 154 155 162 191 192 193
43 44 45 46 103 189 193
9 10 12 13 14 17 19 21 22 24 25 26 28 30 32 92 93 94 95 191 192
93 94 95 96 101 192
33 34 35 36 37 42 62 189 191 192
104 105 106 107 122 191 192
47 48 53 54 55 56 57 61 62 64 67 68 69 71 73 81 82 83 85 86 88 90 103 191 192 193
43 44 103 193
0 33 34 35 36 37 40 42 47 48 52 53 54 55 56 57 61 62 103 189 190 191 192 193
33 36 38 42 192
82 85 86 87 88 89 192
93 94 192
0 20 47 48 52 53 54 55 56 57 61 62 63 64 65 66 67 68 73 81 82 83 84 85 86 88 90 103 189 190 191 192 193
21 24 25 26 27 28 29 30 31 192
20 62 63 64 65 66 67 68 81 104 105 106 107 114 122 189 191 192
5 6 8 20 47 48 53 54 55 56 57 58 61 62 63 64 65 67 68 69 70 71 81 103 104 105 107 114 122 123 124 125 126 127 131 141 142 147 148 149 150 151 153 154 162 191 192 193
9 10 11 12 13 14 17 18 19 21 22 23 24 25 27 28 32 92 189 190 191 192
5 6 7 93 94 95 96 97 101 166 167 168 169 170 172 173 174 176 189 190 191 192
9 12 13 14 21 24 25 26 27 104 107 123 124 125 126 130 141 142 147 149 150 151 153 154 155 156 157 158 192
5 6 8 20 47 48 53 54 55 56 57 58 59 61 62 63 64 65 67 68 69 70 71 81 93 94 95 103 104 105 107 114 122 123 124 125 126 127 131 134 135 136 141 142 143 144 145 146 147 148 149 150 151 153 154 155 162 191 192 193
20 47 48 53 54 55 56 57 58 59 61 62 63 64 65 67 68 69 70 71 81 93 94 95 103 104 105 107 114 122 123 124 125 126 127 131 134 135 136 141 142 143 144 145 146 147 148 149 150 151 153 154 155 162 191 192 193
177 178 180 181 188 191 192
5 6 166 169 170 172 176 192
21 24 26 32 192
1 2 4 5 6 8 20 47 48 53 54 55 56 57 58 61 62 63 64 65 67 68 69 70 71 81 103 104 105 107 114 122 123 124 125 126 127 131 141 142 147 148 149 150 151 153 154 155 162 191 192 193
47 53 54 56 57 61 192
5 6 166 169 170 173 176 192
20 62 63 64 65 67 68 81 93 94 95 104 105 107 114 120 121 122 191 192
20 62 63 64 65 66 67 68 81 104 105 106 107 109 114 122 189 191 192
20 62 63 64 65 67 68 69 70 81 104 105 107 114 122 123 124 125 126 127 141 142 147 149 151 152 154 155 191 192
18 19 21 22 23 24 25 32 92 189 191 192
20 62 63 64 65 67 68 69 70 81 104 105 107 114 122 123 124 125 126 127 141 142 147 149 151 152 154 155 191 192
104 105 107 110 122 123 124 125 126 141 142 143 144 149 151 154 155 161 191 192
20 62 63 64 65 66 67 68 81 104 105 106 107 114 116 122 177 178 179 180 181 188 189 191 192
104 107 108 109 110 111 112 113 114 115 116 117 118 119 120 121 192
5 6 93 94 95 166 167 169 170 172 173 176 177 178 180 181 184 186 187 188 191 192
92 93 94 95 192
47 48 50 53 54 55 56 57 59 61 92 93 94 95 103 191 192 193
93 94 95 96 99 100 101 190 192
5 6 8 9 10 12 13 14 15 16 17 18 19 20 21 22 24 25 26 27 28 32 43 44 45 47 48 53 54 55 56 57 58 59 61 62 63 64 65 67 68 69 70 71 75 77 81 92 93 94 95 103 104 105 107 114 122 123 124 125 126 127 130 131 133 134 135 136 141 142 147 148 149 150 151 152 153 154 155 162 163 191 192 193
20 47 48 53 54 55 56 57 61 62 63 64 65 67 68 73 74 81 82 83 85 86 88 90 103 191 192 193
0 1 2 3 192
5 6 7 166 167 168 169 170 171 172 173 176 189 191 192
177 180 181 182 183 184 185 186 187 192
20 62 63 64 65 67 68 69 70 81 93 94 95 104 105 107 108 114 120 122 123 124 125 126 127 134 135 136 141 142 143 144 147 149 151 152 154 155 159 191 192
47 53 55 56 58 59 60 192
0 20 47 48 52 53 54 55 56 57 61 62 63 64 65 66 67 68 71 75 81 103 189 190 191 192 193
5 6 7 166 167 168 169 170 172 173 176 177 178 179 180 181 184 188 189 190 191 192
9 10 12 13 14 15 17 18 19 21 22 24 25 26 27 28 32 92 104 105 107 114 122 123 124 125 126 130 141 142 147 149 150 151 152 153 154 155 191 192
5 6 47 48 49 53 54 55 56 57 59 61 92 93 94 95 103 191 192 193
190
47 48 50 53 54 55 56 57 61 92 103 191 192 193
93 94 95 96 101 192
20 47 48 53 54 55 56 57 58 61 62 63 64 65 67 68 69 70 71 81 103 104 105 107 114 122 123 124 125 126 127 131 141 142 147 148 149 150 151 152 153 154 155 162 191 192 193
0 5 6 104 107 123 124 125 126 129 140 141 142 147 148 149 151 154 155 156 157 158 164 166 169 170 171 172 177 180 181 182 183 192
20 62 63 64 65 67 68 69 70 81 104 105 107 114 122 123 124 125 126 127 141 142 147 149 151 152 154 155 191 192
20 62 63 64 65 67 68 69 70 81 102 104 105 107 109 114 122 123 124 125 126 127 141 142 144 147 149 151 154 155 160 191 192
20 62 63 64 65 67 68 81 104 105 107 112 113 114 122 191 192
5 6 8 20 33 34 36 37 38 39 40 42 47 48 53 54 55 56 57 58 61 62 63 64 65 67 68 69 70 81 103 104 105 107 114 118 122 123 124 125 126 127 128 131 141 142 147 148 149 150 151 153 154 155 162 191 192 193
20 43 44 45 47 48 53 54 55 56 57 61 62 63 64 65 67 68 71 77 78 81 103 191 192 193
20 62 63 64 65 66 67 68 81 104 105 106 107 112 114 122 189 191 192
93 94 95 96 98 101 190 192
43 44 45 46 103 189 193
0 47 48 52 53 54 55 56 57 61 103 189 191 192 193
0 47 48 52 53 54 55 56 57 58 61 103 189 191 192 193
9 10 12 13 14 17 18 19 21 24 25 26 28 32 92 191 192
0 47 48 52 53 54 55 56 57 59 61 93 94 95 96 101 103 189 190 191 192 193
20 62 63 64 65 67 68 69 70 81 104 105 107 114 122 123 124 125 126 127 141 142 147 149 151 152 154 155 191 192
5 6 8 20 33 34 36 37 38 39 40 42 47 48 53 54 55 56 57 58 61 62 63 64 65 67 68 69 70 81 103 104 105 107 108 114 118 122 123 124 125 126 127 128 131 141 142 147 148 149 150 151 153 154 155 159 162 191 192 193
64 67 69 81 192
20 47 48 53 54 55 56 57 61 62 63 64 65 67 68 71 72 81 103 191 192 193
20 62 63 64 65 67 68 69 70 81 104 105 107 114 122 123 124 125 126 127 141 142 147 149 151 154 191 192
9 10 12 13 14 17 18 19 20 21 22 24 25 26 28 32 62 63 64 67 68 69 75 81 92 191 192
5 6 8 20 33 34 36 37 38 39 40 42 47 48 53 54 55 56 57 58 61 62 63 64 65 67 68 69 70 81 103 104 105 107 114 118 122 123 124 125 126 127 128 131 141 142 147 148 149 150 151 153 154 155 162 191 192 193
9 10 12 13 14 15 17 18 19 21 22 24 25 26 27 28 32 92 104 105 107 114 122 123 124 125 126 130 141 142 147 149 150 151 152 153 154 155 191 192
0 47 48 52 53 54 55 56 57 61 103 189 191 192 193
20 62 63 64 65 66 67 68 81 93 94 95 96 97 101 104 105 106 107 114 120 122 189 191 192
5 6 166 167 169 170 172 173 176 177 178 180 181 184 185 188 191 192
104 105 107 116 117 122 177 178 180 181 188 191 192
20 47 48 53 54 55 56 57 58 59 61 62 63 64 65 67 68 69 70 71 81 93 94 95 103 104 105 107 114 122 123 124 125 126 127 131 134 135 136 141 142 147 148 149 150 151 153 154 155 162 191 192 193
166 169 170 171 172 173 174 175 192
9 10 11 12 13 14 17 18 19 21 22 23 24 25 28 32 92 189 190 191 192
47 48 49 53 54 55 56 57 59 61 92 93 94 95 103 191 192 193
20 47 48 53 54 55 56 57 58 61 62 63 64 65 67 68 69 70 71 81 103 104 105 107 114 122 123 124 125 126 127 131 141 142 147 148 149 150 151 153 154 155 162 191 192 193
18 19 21 22 24 25 32 92 191 192
20 33 34 35 36 37 38 39 42 62 63 64 65 66 67 68 69 70 81 93 94 95 96 97 101 104 105 106 107 108 110 112 114 116 118 120 122 123 124 125 126 127 128 129 134 135 136 141 142 143 144 147 149 151 152 154 155 159 161 177 178 179 180 181 182 183 188 189 191 192
9 10 11 12 13 14 15 17 189 191 192
92 93 94 95 192
177 180 182 188 192
9 12 13 14 21 24 25 26 27 104 107 123 124 125 126 130 141 142 147 149 150 151 153 154 155 156 157 158 192
47 53 54 55 57 61 192
33 34 36 37 42 62 104 105 107 118 119 122 191 192
20 47 48 53 54 55 56 57 58 61 62 63 64 65 67 68 69 70 71 81 103 104 105 107 114 122 123 124 125 126 127 131 141 142 147 148 149 150 151 153 154 155 162 191 192 193
9 12 13 14 21 24 25 26 27 104 107 123 124 125 126 130 141 142 147 149 150 151 153 154 155 156 157 158 192
103
0 20 47 48 52 53 54 55 56 57 61 62 63 64 65 66 67 68 71 79 81 93 94 95 96 97 101 103 189 190 191 192 193
20 47 48 53 54 55 56 57 58 61 62 63 64 65 67 68 69 70 71 81 103 104 105 107 114 122 123 124 125 126 127 131 141 142 147 148 149 150 151 153 154 155 162 191 192 193
47 53 54 55 56 57 64 67 68 69 70 104 107 123 124 125 126 127 131 134 136 141 142 143 144 145 146 147 148 149 150 151 154 155 156 157 158 162 192
92 93 94 95 192
20 47 48 53 54 55 56 57 58 61 62 63 64 65 67 68 69 70 71 73 81 82 83 85 86 87 88 90 103 104 105 107 114 122 123 124 125 126 127 131 132 141 142 147 148 149 150 151 153 154 155 162 165 191 192 193
33 34 36 37 40 41 42 47 48 53 54 55 56 57 61 62 103 191 192 193
5 6 7 192
5 6 7 93 94 95 96 97 101 166 167 168 169 170 172 173 176 177 178 179 180 181 184 186 188 189 190 191 192
0 20 43 44 45 46 47 48 52 53 54 55 56 57 61 62 63 64 65 66 67 68 71 77 81 103 189 190 191 192 193
20 62 63 64 65 67 68 69 70 81 104 105 107 114 122 123 124 125 126 127 141 142 147 149 151 152 154 155 191 192
20 62 63 64 65 66 67 68 81 104 105 106 107 110 112 114 122 189 191 192
0 33 34 35 36 37 39 40 42 47 48 52 53 54 55 56 57 61 62 103 189 190 191 192 193
20 47 48 53 54 55 56 57 61 62 63 64 65 67 68 71 75 76 81 103 191 192 193
20 62 63 64 65 67 68 69 70 79 81 94 95 104 105 107 114 122 123 124 125 126 127 134 135 136 137 138 139 141 142 143 144 147 149 151 154 155 191 192
93 94 192
5 6 7 166 167 168 169 170 172 173 176 189 191 192
177 178 179 180 181 188 189 191 192
0 20 43 44 45 46 47 48 52 53 54 55 56 57 61 62 63 64 65 66 67 68 71 73 75 77 79 81 82 83 84 85 86 88 90 93 94 95 96 97 101 103 189 190 191 192 193
47 48 49 53 54 55 56 57 59 61 92 93 94 95 103 191 192 193
64 67 68 69 70 104 107 123 124 125 126 127 141 142 147 149 151 154 155 156 157 158 160 192
104 107 123 124 125 126 141 142 144 149 151 154 156 157 158 160 192
33 34 36 37 42 62 191 192
5 6 166 169 172 173 176 192
104 105 107 112 122 123 124 125 126 141 142 143 144 149 151 154 155 161 191 192
9 12 14 17 192
9 10 12 13 14 15 17 18 19 21 22 24 25 26 27 28 32 92 104 105 107 114 122 123 124 125 126 130 141 142 147 149 150 151 152 153 154 155 191 192
47 48 51 53 54 55 56 57 61 92 103 191 192 193
189
47 48 50 53 54 55 56 57 59 61 92 93 94 95 103 191 192 193
0 20 47 48 52 53 54 55 56 57 61 62 63 64 65 66 67 68 70 71 81 103 189 190 191 192 193
9 10 12 13 14 15 17 18 19 21 22 24 25 26 27 28 32 92 104 105 107 114 122 123 124 125 126 130 141 142 147 149 150 151 153 154 155 191 192
9 10 11 12 13 14 17 18 19 21 22 23 24 25 28 30 32 92 93 94 95 96 97 101 189 190 191 192
9 10 11 12 13 14 16 17 93 94 95 96 98 101 189 190 191 192
0
5 6 8 20 47 48 53 54 55 56 57 58 59 61 62 63 64 65 67 68 69 70 71 81 94 95 103 104 105 107 114 122 123 124 125 126 127 131 134 135 136 137 139 141 142 143 144 147 148 149 150 151 153 154 155 162 191 192 193
5 6 7 166 167 168 169 170 172 173 176 177 178 179 180 181 183 184 188 189 190 191 192
9 10 12 13 14 17 18 19 21 22 24 25 28 30 31 32 92 93 94 95 191 192
47 48 53 54 55 56 57 59 60 61 93 94 95 103 191 192 193
20 62 63 64 65 66 67 68 81 104 105 106 107 110 114 122 189 191 192
33 36 37 38 39 40 41 192
47 48 49 53 54 55 56 57 61 92 103 191 192 193
9 10 12 13 14 15 17 18 19 21 22 24 25 26 27 28 32 92 104 105 107 114 122 123 124 125 126 130 141 142 147 149 150 151 153 154 155 191 192
5 6 47 48 49 51 53 54 55 56 57 59 61 92 93 94 95 103 191 192 193
93 94 95 96 101 192
47 48 53 54 55 56 57 61 62 63 64 67 68 69 71 81 103 191 192 193
20 33 34 35 36 37 42 62 63 64 65 66 67 68 81 104 105 106 107 114 118 122 189 191 192
20 47 48 53 54 55 56 57 61 62 63 64 65 67 68 71 79 80 81 93 94 95 103 191 192 193
9 12 13 17 192
20 47 48 53 54 55 56 57 58 59 61 62 63 64 65 67 68 69 70 71 81 94 95 103 104 105 107 114 122 123 124 125 126 127 131 134 135 136 141 142 147 148 149 150 151 153 154 155 162 191 192 193
47 53 54 55 56 61 192
20 62 63 64 65 67 68 81 191 192
5 6 47 48 50 53 54 55 56 57 59 61 92 93 94 95 103 191 192 193
5 6 7 166 167 168 169 170 172 173 176 177 178 179 180 181 184 188 189 190 191 192
47 53 55 56 57 61 192
44 45 46 103 189 193
33 34 36 37 38 39 40 42 47 48 53 54 55 56 57 58 61 62 103 104 105 107 118 122 123 124 125 126 128 131 141 142 147 148 149 150 151 152 153 154 155 162 191 192 193
20 62 63 64 65 67 68 69 70 81 104 105 107 114 122 123 124 125 126 127 141 142 147 149 151 152 154 155 191 192
5 6 8 94 95 104 105 107 116 122 123 124 125 126 129 134 135 136 137 139 140 141 142 147 148 149 151 154 155 164 166 167 169 170 171 172 173 174 176 177 178 180 181 182 183 184 186 188 191 192
9 10 12 13 14 17 18 19 21 22 24 25 28 29 32 92 191 192
0 20 47 48 52 53 54 55 56 57 61 62 63 64 65 66 67 68 71 81 103 189 190 191 192 193
64 67 68 69 70 71 72 73 74 75 76 77 78 79 80 192
43 44 45 46 103 189 193
91 93 94 95 192
33 36 37 38 40 42 47 48 53 54 55 56 57 61 62 103 191 192 193
20 62 63 64 65 67 68 81 104 105 107 110 111 114 122 191 192
20 62 63 64 65 67 68 69 70 81 104 105 107 114 122 123 124 125 126 127 141 142 147 149 151 152 154 155 191 192
20 62 63 64 65 66 67 68 81 189 191 192
47 48 53 54 55 56 57 61 62 64 67 68 69 71 81 103 191 192 193
