0 2 5 12 14 24 25 28 29 125 126 127 129 131 132 133 134 135 139 142 143 144 145 146 147 149 150 151 160 161 162 166 167 168 169 173 174 175 176 177 180 181 182 183 184 190 191 192 193 195 196 197 198 199 200 202 203 204 205 206 207 208
0 2 5 21 28 29 30 125 129 161 166 180 181 182 183 184 190 193 198 202 203 204 205 206 208 215 216 217 221 223
0 2 5 28 29 125 129 161 166 180 181 182 183 184 190 193 198 202 203 204 205 206 208
0 2 5 12 14 24 25 28 29 32 52 53 54 55 56 68 69 70 71 72 73 77 78 79 86 96 125 126 127 129 131 132 133 134 135 139 142 143 144 145 146 147 149 150 151 160 161 162 166 167 168 169 173 174 175 176 177 178 179 180 181 182 183 184 190 191 192 193 195 196 197 198 199 200 202 203 204 205 206 207 208
0 2 5 7 8 12 14 15 19 20 22 23 24 25 28 29 32 34 52 53 54 55 56 57 72 73 77 78 79 81 86 95 96 97 98 111 112 113 114 125 126 127 129 130 131 132 133 134 135 139 141 142 143 144 145 146 147 148 149 150 151 160 161 162 166 167 168 169 173 174 175 176 177 178 179 180 181 182 183 184 190 191 192 193 195 196 197 198 199 200 202 203 204 205 206 207 208
0 2 5 7 8 9 10 11 12 13 14 15 19 22 23 24 25 28 29 32 33 125 126 127 129 130 131 132 133 134 135 137 138 139 140 141 142 143 144 145 146 147 148 149 150 151 152 160 161 162 163 165 166 167 168 169 173 174 175 176 177 178 179 180 181 182 183 184 185 190 191 192 193 194 195 196 197 198 199 200 201 202 203 204 205 206 207 208
0 2 5 7 8 12 14 15 19 22 23 24 25 28 29 32 38 39 125 126 127 129 130 131 132 133 134 135 139 142 143 144 145 146 147 148 149 150 151 160 161 162 166 167 168 169 173 174 175 176 177 180 181 182 183 184 190 191 192 193 195 196 197 198 199 200 202 203 204 205 206 207 208
178 179
0 2 5 28 29 125 129 161 166 180 181 182 183 184 190 193 198 202 203 204 205 206 208 209 210
0 2 5 6 7 8 12 14 15 16 18 22 23 24 25 26 28 29 32 34 37 42 44 45 46 47 48 49 125 126 127 129 130 131 132 133 134 135 139 141 142 143 144 145 146 147 148 149 150 151 156 157 158 159 160 161 162 166 167 168 169 173 174 175 176 177 180 181 182 183 184 187 190 191 192 193 195 196 197 198 199 200 202 203 204 205 206 207 208 209 210
0 1 2 3 5 7 8 12 14 15 22 23 24 25 28 29 32 33 125 126 127 129 130 131 132 133 134 135 139 141 142 143 144 145 146 147 148 149 150 151 160 161 162 166 167 168 169 173 174 175 176 177 180 181 182 183 184 190 191 192 193 195 196 197 198 199 200 202 203 204 205 206 207 208
0 2 5 12 14 24 25 28 29 32 52 53 54 58 62 63 76 77 78 79 87 90 91 95 96 115 116 125 126 127 129 131 132 133 134 135 139 142 143 144 145 146 147 149 150 151 160 161 162 166 167 168 169 173 174 175 176 177 178 179 180 181 182 183 184 188 190 191 192 193 195 196 197 198 199 200 202 203 204 205 206 207 208
0 2 5 12 14 16 17 24 25 26 27 28 29 32 36 125 126 127 129 131 132 133 134 135 139 141 142 143 144 145 146 147 149 150 151 160 161 162 166 167 168 169 170 171 172 173 174 175 176 177 180 181 182 183 184 190 191 192 193 195 196 197 198 199 200 202 203 204 205 206 207 208 211 212 213 214
0 2 5 7 8 9 10 12 13 14 15 22 23 24 25 28 29 32 33 125 126 127 129 130 131 132 133 134 135 136 138 139 140 141 142 143 144 145 146 147 148 149 150 151 152 153 154 155 160 161 162 163 164 165 166 167 168 169 173 174 175 176 177 180 181 182 183 184 185 190 191 192 193 195 196 197 198 199 200 201 202 203 204 205 206 207 208
0 2 5 7 8 12 14 15 19 20 22 23 24 25 28 29 32 52 53 54 55 56 57 72 73 77 78 79 83 86 95 96 97 98 107 108 109 110 125 126 127 129 130 131 132 133 134 135 139 141 142 143 144 145 146 147 148 149 150 151 160 161 162 166 167 168 169 173 174 175 176 177 178 179 180 181 182 183 184 190 191 192 193 195 196 197 198 199 200 202 203 204 205 206 207 208
0 2 5 12 14 24 25 28 29 32 52 53 54 58 62 63 66 67 76 77 78 79 87 90 92 95 96 115 116 125 126 127 129 131 132 133 134 135 139 142 143 144 145 146 147 149 150 151 160 161 162 166 167 168 169 173 174 175 176 177 178 179 180 181 182 183 184 190 191 192 193 195 196 197 198 199 200 202 203 204 205 206 207 208
0 1 2 3 5 7 8 12 14 15 22 23 24 25 28 29 30 31 33 125 126 127 129 130 131 132 133 134 135 139 141 142 143 144 145 146 147 148 149 150 151 160 161 162 166 167 168 169 173 174 175 176 177 180 181 182 183 184 190 191 192 193 195 196 197 198 199 200 202 203 204 205 206 207 208
0 1 2 3 4 5 8 28 29 125 129 161 166 180 181 182 183 184 190 193 198 202 203 204 205 206 208
0 2 5 12 14 24 25 28 29 32 125 126 127 129 131 132 133 134 135 139 142 143 144 145 146 147 149 150 151 160 161 162 166 167 168 169 173 174 175 176 177 180 181 182 183 184 190 191 192 193 195 196 197 198 199 200 202 203 204 205 206 207 208
0 1 2 5 16 17 26 28 29 36 125 129 135 142 161 166 168 170 171 172 180 181 182 184 190 193 197 198 202 203 204 205 206 207
0 2 5 8 9 10 11 12 13 14 19 24 25 28 32 33 125 126 127 129 130 131 132 133 134 135 137 138 139 140 141 142 143 144 145 146 147 148 149 150 151 152 160 161 162 163 165 166 167 168 169 173 174 175 176 177 178 179 180 181 182 183 185 190 191 192 193 194 195 196 197 198 199 200 201 202 203 204 205 206 207 208
178 179
0 2 5 12 14 24 25 28 29 32 52 53 54 72 73 77 78 79 86 95 96 125 126 127 129 131 132 133 134 135 139 142 143 144 145 146 147 149 150 151 160 161 162 166 167 168 169 173 174 175 176 177 178 179 180 181 182 183 184 190 191 192 193 195 196 197 198 199 200 202 203 204 205 206 207 208
0 2 5 12 14 24 25 28 29 32 52 53 54 55 56 77 78 79 87 89 95 96 115 116 117 118 125 126 127 129 131 132 133 134 135 139 142 143 144 145 146 147 149 150 151 160 161 162 166 167 168 169 173 174 175 176 177 178 179 180 181 182 183 184 190 191 192 193 195 196 197 198 199 200 202 203 204 205 206 207 208
0 2 5 12 14 16 17 24 25 26 27 28 29 31 35 125 126 127 129 131 132 133 134 135 139 141 142 143 144 145 146 147 149 150 151 160 161 162 166 167 168 169 170 171 172 173 174 175 176 177 180 181 182 183 184 190 191 192 193 195 196 197 198 199 200 202 203 204 205 206 207 208
0 2 5 7 8 12 14 15 19 20 22 23 24 25 28 29 32 52 53 54 55 56 57 72 73 77 78 79 82 86 95 96 97 98 99 100 101 102 125 126 127 129 130 131 132 133 134 135 139 141 142 143 144 145 146 147 148 149 150 151 160 161 162 166 167 168 169 173 174 175 176 177 178 179 180 181 182 183 184 190 191 192 193 195 196 197 198 199 200 202 203 204 205 206 207 208
0 2 5 7 8 9 10 12 13 14 15 19 22 23 24 25 28 29 32 125 126 127 129 130 131 132 133 134 135 138 139 140 141 142 143 144 145 146 147 148 149 150 151 152 160 161 162 163 165 166 167 168 169 173 174 175 176 177 180 181 182 183 184 185 190 191 192 193 195 196 197 198 199 200 201 202 203 204 205 206 207 208
0 2 5 7 8 12 14 15 19 20 22 23 24 25 28 29 32 52 53 54 55 56 57 72 73 77 78 79 81 86 95 96 97 98 111 112 113 114 125 126 127 129 130 131 132 133 134 135 139 141 142 143 144 145 146 147 148 149 150 151 160 161 162 166 167 168 169 173 174 175 176 177 178 179 180 181 182 183 184 190 191 192 193 195 196 197 198 199 200 202 203 204 205 206 207 208
0 2 5 8 9 10 12 13 14 19 24 25 28 29 30 32 125 126 127 129 130 131 132 133 134 135 138 139 140 141 142 143 144 145 146 147 148 149 150 151 152 160 161 162 163 165 166 167 168 169 173 174 175 176 177 180 181 182 183 184 185 190 191 192 193 195 196 197 198 199 200 201 202 203 204 205 206 207 208
0 1 2 3 5 7 8 9 10 12 13 14 15 22 23 24 25 28 32 33 34 119 120 121 122 123 124 125 126 127 128 129 130 131 132 133 134 135 138 139 140 141 142 143 144 145 146 147 148 149 150 151 152 160 161 162 163 165 166 167 168 169 173 174 175 176 177 180 181 182 183 185 190 191 192 193 195 196 197 198 199 200 201 202 203 204 205 206 207 208 209 210
0 2 5 7 8 12 14 15 22 23 24 25 28 29 32 34 119 120 122 124 125 126 127 129 130 131 132 133 134 135 139 141 142 143 144 145 146 147 148 149 150 151 160 161 162 166 167 168 169 173 174 175 176 177 180 181 182 183 184 190 191 192 193 195 196 197 198 199 200 202 203 204 205 206 207 208
0 1 2 5 7 8 12 14 15 19 22 23 24 25 28 29 125 126 127 129 130 131 132 133 134 135 139 141 142 143 144 145 146 147 148 149 150 151 160 161 162 166 167 168 169 173 174 175 176 177 180 181 182 183 184 190 191 192 193 195 196 197 198 199 200 202 203 204 205 206 207 208
0 2 5 7 8 12 14 15 19 22 23 24 25 28 29 32 34 125 126 127 129 130 131 132 133 134 135 139 141 142 143 144 145 146 147 148 149 150 151 160 161 162 166 167 168 169 173 174 175 176 177 180 181 182 183 184 190 191 192 193 195 196 197 198 199 200 202 203 204 205 206 207 208
0 2 5 7 8 9 10 12 13 14 15 22 23 24 25 28 29 32 33 125 126 127 129 130 131 132 133 134 135 136 138 139 140 141 142 143 144 145 146 147 148 149 150 151 152 153 154 155 160 161 162 163 164 165 166 167 168 169 173 174 175 176 177 180 181 182 183 184 185 190 191 192 193 195 196 197 198 199 200 201 202 203 204 205 206 207 208
178 179
0 2 5 7 8 9 10 12 13 14 19 24 25 28 32 125 126 127 128 129 130 131 132 133 134 135 138 139 140 141 142 143 144 145 146 147 148 149 150 151 152 160 161 162 163 165 166 167 168 169 173 174 175 176 177 180 181 182 183 185 189 190 191 192 193 195 196 197 198 199 200 201 202 203 204 205 206 207 208
0 2 5 7 8 12 14 15 22 23 24 25 28 29 32 34 40 41 42 43 44 45 46 47 48 49 50 51 125 126 127 129 130 131 132 133 134 135 139 141 142 143 144 145 146 147 148 149 150 151 156 157 158 159 160 161 162 166 167 168 169 173 174 175 176 177 180 181 182 183 184 190 191 192 193 195 196 197 198 199 200 202 203 204 205 206 207 208 209 210
0 2 5 7 8 12 14 15 19 20 22 23 24 25 28 29 32 52 53 54 55 56 57 72 73 77 78 79 84 86 95 96 97 98 103 104 105 106 125 126 127 129 130 131 132 133 134 135 139 141 142 143 144 145 146 147 148 149 150 151 160 161 162 166 167 168 169 173 174 175 176 177 178 179 180 181 182 183 184 190 191 192 193 195 196 197 198 199 200 202 203 204 205 206 207 208
0 2 5 21 28 29 30 125 129 161 166 180 181 182 183 184 190 193 198 202 203 204 205 206 208 215 216 217 221 222 224 225
0 2 5 7 8 12 13 14 15 22 23 24 25 28 29 32 33 125 126 127 129 130 131 132 133 134 135 136 139 140 141 142 143 144 145 146 147 148 149 150 151 160 161 162 163 164 165 166 167 168 169 173 174 175 176 177 180 181 182 183 184 185 190 191 192 193 195 196 197 198 199 200 201 202 203 204 205 206 207 208
0 2 5 7 8 12 13 14 15 22 23 24 25 28 29 32 33 125 126 127 129 130 131 132 133 134 135 136 139 140 141 142 143 144 145 146 147 148 149 150 151 160 161 162 163 164 165 166 167 168 169 173 174 175 176 177 180 181 182 183 184 190 191 192 193 195 196 197 198 199 200 201 202 203 204 205 206 207 208
0 2 5 7 8 12 14 15 19 22 23 24 25 28 29 32 125 126 127 129 130 131 132 133 134 135 139 141 142 143 144 145 146 147 148 149 150 151 160 161 162 166 167 168 169 173 174 175 176 177 178 179 180 181 182 183 184 190 191 192 193 195 196 197 198 199 200 202 203 204 205 206 207 208
0 2 5 7 8 12 14 15 19 20 22 23 24 25 28 29 32 52 53 54 55 56 57 72 73 77 78 79 80 81 86 95 96 97 98 111 112 113 114 125 126 127 129 130 131 132 133 134 135 139 141 142 143 144 145 146 147 148 149 150 151 160 161 162 166 167 168 169 173 174 175 176 177 178 179 180 181 182 183 184 190 191 192 193 195 196 197 198 199 200 202 203 204 205 206 207 208
0 2 5 12 14 24 25 28 29 32 52 53 54 58 62 63 64 65 76 77 78 79 87 90 93 95 96 115 116 125 126 127 129 131 132 133 134 135 139 142 143 144 145 146 147 149 150 151 160 161 162 166 167 168 169 173 174 175 176 177 178 179 180 181 182 183 184 190 191 192 193 195 196 197 198 199 200 202 203 204 205 206 207 208
160 161 162 166 167 168 169 190 191 192 193 194 195 196 197 198 199 200 202 203 204 205 206 207 208
0 2 5 7 8 12 13 14 15 19 22 23 24 25 28 29 32 38 39 125 126 127 129 130 131 132 133 134 135 136 139 140 142 143 144 145 146 147 148 149 150 151 160 161 162 163 164 165 166 167 168 169 173 174 175 176 177 180 181 182 183 184 190 191 192 193 195 196 197 198 199 200 201 202 203 204 205 206 207 208
0 2 5 7 8 9 10 12 13 14 15 22 23 24 25 28 29 32 33 125 126 127 129 130 131 132 133 134 135 136 138 139 140 141 142 143 144 145 146 147 148 149 150 151 152 160 161 162 163 164 165 166 167 168 169 173 174 175 176 177 180 181 182 183 184 185 190 191 192 193 195 196 197 198 199 200 201 202 203 204 205 206 207 208
0 2 5 7 8 12 13 14 15 19 20 22 23 24 25 28 29 32 34 52 53 54 55 56 57 72 73 77 78 79 81 86 95 96 97 98 111 112 113 114 125 126 127 129 130 131 132 133 134 135 136 139 140 141 142 143 144 145 146 147 148 149 150 151 160 161 162 163 164 165 166 167 168 169 173 174 175 176 177 178 179 180 181 182 183 184 190 191 192 193 195 196 197 198 199 200 201 202 203 204 205 206 207 208
0 1 2 3 5 7 8 12 14 15 22 23 24 25 28 29 32 33 125 126 127 129 130 131 132 133 134 135 139 141 142 143 144 145 146 147 148 149 150 151 160 161 162 166 167 168 169 173 174 175 176 177 180 181 182 183 184 190 191 192 193 195 196 197 198 199 200 202 203 204 205 206 207 208
0 2 5 8 28 29 125 129 161 166 180 181 182 183 184 190 193 198 202 203 204 205 206 208 215 216 218 219 220 222 224 225
0 2 5 6 7 8 12 14 15 16 18 22 23 24 25 26 28 29 32 34 37 125 126 127 129 130 131 132 133 134 135 139 141 142 143 144 145 146 147 148 149 150 151 160 161 162 166 167 168 169 173 174 175 176 177 180 181 182 183 184 186 187 190 191 192 193 195 196 197 198 199 200 202 203 204 205 206 207 208
0 2 5 7 8 12 14 15 22 23 24 25 28 29 32 34 125 126 127 129 130 131 132 133 134 135 139 141 142 143 144 145 146 147 148 149 150 151 160 161 162 166 167 168 169 173 174 175 176 177 180 181 182 183 184 190 191 192 193 195 196 197 198 199 200 202 203 204 205 206 207 208
0 2 5 8 28 29 125 129 161 166 180 181 182 183 184 190 193 198 202 203 204 205 206 208 215 216 218 219 220 222 224 225
0 2 5 8 9 10 12 13 14 21 24 25 28 29 30 32 34 125 126 127 129 130 131 132 133 134 135 138 139 140 141 142 143 144 145 146 147 148 149 150 151 152 160 161 162 163 165 166 167 168 169 173 174 175 176 177 180 181 182 183 184 185 190 191 192 193 195 196 197 198 199 200 201 202 203 204 205 206 207 208
160 161 162 166 168 169 202 203 204 205 206 207 208
0 2 5 7 8 9 12 14 15 22 23 24 25 28 29 32 34 125 126 127 129 130 131 132 133 134 135 139 141 142 143 144 145 146 147 148 149 150 151 152 160 161 162 166 167 168 169 173 174 175 176 177 180 181 182 183 184 190 191 192 193 195 196 197 198 199 200 202 203 204 205 206 207 208

0 2 5 7 8 9 10 12 13 14 15 21 22 23 24 25 28 29 30 32 34 125 126 127 128 129 130 131 132 133 134 135 136 138 139 140 141 142 143 144 145 146 147 148 149 150 151 152 160 161 162 163 164 165 166 167 168 169 173 174 175 176 177 180 181 182 183 184 185 190 191 192 193 195 196 197 198 199 200 201 202 203 204 205 206 207 208
0 2 5 12 14 24 25 28 29 32 52 53 54 55 56 59 60 61 72 73 77 78 79 86 94 96 125 126 127 129 131 132 133 134 135 139 142 143 144 145 146 147 149 150 151 160 161 162 166 167 168 169 173 174 175 176 177 178 179 180 181 182 183 184 190 191 192 193 195 196 197 198 199 200 202 203 204 205 206 207 208
0 2 5 12 14 24 25 28 29 32 52 53 54 74 75 77 78 79 85 86 95 96 125 126 127 129 131 132 133 134 135 139 142 143 144 145 146 147 149 150 151 160 161 162 166 167 168 169 173 174 175 176 177 178 179 180 181 182 183 184 190 191 192 193 195 196 197 198 199 200 202 203 204 205 206 207 208
0 2 5 7 8 12 14 15 19 22 23 24 25 28 29 125 126 127 129 130 131 132 133 134 135 139 141 142 143 144 145 146 147 148 149 150 151 160 161 162 166 167 168 169 173 174 175 176 177 178 179 180 181 182 183 184 190 191 192 193 195 196 197 198 199 200 202 203 204 205 206 207 208
0 2 5 7 8 12 14 15 22 23 24 25 28 29 32 33 125 126 127 129 130 131 132 133 134 135 139 141 142 143 144 145 146 147 148 149 150 151 160 161 162 166 167 168 169 173 174 175 176 177 180 181 182 183 184 190 191 192 193 195 196 197 198 199 200 202 203 204 205 206 207 208
0 2 5 12 14 24 25 28 29 32 52 53 54 55 56 72 73 77 78 79 86 87 88 95 96 115 116 125 126 127 129 131 132 133 134 135 139 142 143 144 145 146 147 149 150 151 160 161 162 166 167 168 169 173 174 175 176 177 178 179 180 181 182 183 184 190 191 192 193 195 196 197 198 199 200 202 203 204 205 206 207 208
0 2 5 7 8 9 10 11 12 13 14 15 19 22 23 24 25 28 29 32 33 125 126 127 129 130 131 132 133 134 135 136 137 138 139 140 141 142 143 144 145 146 147 148 149 150 151 152 160 161 162 163 164 165 166 167 168 169 173 174 175 176 177 178 179 180 181 182 183 184 185 190 191 192 193 194 195 196 197 198 199 200 201 202 203 204 205 206 207 208
0 2 5 7 8 9 10 12 13 14 15 19 22 23 24 25 28 29 32 125 126 127 129 130 131 132 133 134 135 136 138 139 140 141 142 143 144 145 146 147 148 149 150 151 152 160 161 162 163 164 165 166 167 168 169 173 174 175 176 177 180 181 182 183 184 185 190 191 192 193 195 196 197 198 199 200 201 202 203 204 205 206 207 208
