4332 4334 4341 4344 4351
4308 4311 4318 4321 4328
4096 4098 4106 4107 14634 14636 14638 14798 14800 14802 14997 14999 15001 15054 15056 15061 15063 15216 15219 15220 15227 15233 15234 15235 15242 15246 15248 15250 15252 15255 15306 15308 15311 15410 15412
209 211 212 233 235 242 244 251 277 280 285 286 296 299 304 305 367 369 371 378 380 382 385 415 417 418 419 422 426 428 429 432 435 437 441 445 447 448 459 462 464 468 472 474 476 478 482 484 486 488 492 494 495 496 498 504 507 511 513 676 679 682 683 691 692 695 698 702 706 1112 1117 1118 1120 1138 1163 1165 1169 1176 1178 1179 1181 1183 1187 1695 1697 1701 1708 1710 1712 1718 1722 1724 1750 1752 1756 1767 1769 1772 1774 1778 1780 1784 1786 1790 1792 1798 1802 1804 3141 3144 3145 3148 3151 3152 3155 3156 3157 3164 3166 3168 3170 3173 3177 3179 3183 3185 3186 3189 3193 3198 3202 3203 3204 3205 3206 3209 3210 3211 3214 3215 3218 3219 3221 3225 3227 3232 3234 3236 3241 3242 3245 3249 3251 3255 3257 3264 3266 3282 3286 3289 3291 4012 4014 4019 4021 4211 4213 4215 4217 4219 4223 4230 4232 4234 4236 4238 4242 4870 4872 4944 4946 5151 5154 5176 5179 5182 5194 5216 5219 5241 5245 5246 5249 5253 5257 5260 5276 5279 5283 5285 5300 5304 5305 5309 5313 5320 5322 5326 5337 5340 5342 5351 5352 5353 5371 5374 5377 5384 5415 5429 5449 5455 5458 5461 5464 5468 5471 5477 5480 8764 8766 8771 8773 8775 8781 8785 8787 8810 8811 13499 13502 13508 13509 14619 14621 14634 14636 14638 14648 14650 14663 14665 14667 14798 14800 14802 14836 14838 14854 14856 14997 14999 15004 15014 15016 15054 15056 15061 15063 15084 15086 15091 15336 15338 15355 15357 15390 15392 15628 15631 15638 15646 15655 15661 15665 15668 15675 15679 15686 15689 15691 15695 15697 15700 15712 15716 15724 15731 15737 15741 15744 15754 15758 15761 15762 15764 15768 15769 15770 15772 15775 15776 15779 15780 15783 15786 15789
4308 4311 4318 4321 4328
4870 4872 4950 4952 4956 4960 4962 4993 4995 4999 5003 5007 5009 5021 5023 5035 5037 5039 5041 5045 5053 5055 5060 5062 5064 5071 5073 8764 8766 8771 8773 8775 8781 8785 8787 8810 8811 8816 8818 8823 8825 8827 13418 13420 13422 13442 13444 13499 13502 13508 13509 13555 13557 13613 13616 13623 13626 13633 13635 13688 13690 13696 13698 13705 13707 13714 13717 13720 13723 13730 13732 13740 13742 13744 13753 13756 13760 13762 13767 13771 13773 13775
8836 8838 8843 8848 8849 8850 8853 8855 8857 8859 8860 8863 8864 8867
4332 4334 4341 4344 4351
8816 8818 8823 8825 8830 8832 8836 8838 8843 8845
8764 8766 8768
8764 8766 8768
8764 8766 8771 8773 8775 8781 8785 8787 8810 8811
8836 8838 8843 8848 8849 8850 8853 8855 8857 8859 8860 8863 8864 8867
4870 4872 4950 4952 4956 4960 4962 4965 4981 4983 4987 4989 4993 4995 4999 5003 5005 5007 5009 5021 5023 5024 5026 5031 5035 5037 5039 5049 5053 5055 5060 5062 5064 5071 5076 8764 8766 8771 8773 8775 8781 8785 8787 8810 8811 8816 8818 8823 8825 8827 13499 13502 13508 13509 13555 13557 13613 13616 13623 13626 13633 13635 13688 13690 13696 13698 13705 13707 13714 13717 13720 13723 13730 13732 13740 13742 13744 13753 13756 13760 13762 13767 13771 13773 13775
4870 4872 4950 4952 4956 4960 4962 4993 4995 4999 5003 5007 5014 8764 8766 8771 8773 8775 8781 8785 8787 8810 8811 13418 13420 13422 13442 13444 13499 13502 13508 13509 13555 13557 13613 13616 13623 13633 13635 13688 13690 13696 13698 13705 13707 13714 13717 13720 13723 13730 13732 13740 13742 13753 13756 13760 13762 13764 13771 13773 13775
4870 4872 4950 4952 4956 4960 4962 4965 4969 4971 4975 4977 4993 4995 4997 4999 5001 8764 8766 8771 8773 8775 8781 8785 8787 8810 8811 13499 13502 13508 13509 13555 13557 13613 13616 13623 13633 13635 13688 13690 13696 13698 13705 13707 13714 13717 13720 13723 13730 13732 13740 13742 13753 13756 13760 13762 13764 13771 13773 13775
8816 8818 8823 8825 8827
4870 4872 4950 4952 4956 4960 4962 4993 4995 4999 5003 5005 5021 5023 5035 5037 5039 5041 5045 5053 5055 5057 8764 8766 8771 8773 8775 8781 8785 8787 8810 8811 13418 13420 13422 13442 13444 13499 13502 13508 13509 13555 13557 13613 13616 13623 13633 13635 13688 13690 13696 13698 13705 13707 13714 13717 13720 13723 13730 13732 13740 13742 13753 13756 13760 13762 13764 13771 13773 13775
8816 8818 8823 8825 8827
4870 4872 4950 4952 4956 4960 4962 4993 4995 4999 5003 5007 5009 5021 5023 5035 5037 5039 5041 5045 5053 5055 5057 8764 8766 8771 8773 8775 8781 8785 8787 8810 8811 13418 13420 13422 13442 13444 13499 13502 13508 13509 13555 13557 13613 13616 13623 13633 13635 13688 13690 13696 13698 13705 13707 13714 13717 13720 13723 13730 13732 13740 13742 13753 13756 13760 13762 13764 13771 13773 13775
8764 8766 8771 8773 8775 8777 8785 8787 8806 8808
4870 4872 4950 4952 4956 4960 4965 4969 4971 4975 4977 4981 4983 4987 4989 8764 8766 8771 8773 8775 8781 8785 8787 8810 8811 13499 13502 13508 13509 13555 13557 13688 13690 13696 13698 13705 13707 13714 13717 13756 13771 13773 13775
4308 4311 4318 4321 4328
8816 8818 8823 8825 8827
8816 8818 8823 8825 8827
4870 4872 4950 4952 4956 4960 4962 4993 4995 4999 5003 5005 5021 5023 5035 5037 5039 5041 5045 5053 5055 5060 5062 5064 5071 5073 8764 8766 8771 8773 8775 8781 8785 8787 8810 8811 8816 8818 8823 8825 8827 13418 13420 13422 13442 13444 13499 13502 13508 13509 13555 13557 13613 13616 13623 13626 13633 13635 13688 13690 13696 13698 13705 13707 13714 13717 13720 13723 13730 13732 13740 13742 13744 13753 13756 13760 13762 13767 13771 13773 13775
8764 8766 8771 8773 8775 8781 8785 8787 8810 8811 8816 8818 8823 8825 8830 8832 8836 8838 8843 8845 13499 13502 13508 13509 13543 13545 13585 13587 13613 13616 13623 13626 13633 13635 13688 13690 13696 13698 13705 13707 13714 13717 13720 13723 13730 13732 13740 13742 13744 13753 13756 13760 13762 13767 13771 13773 13778
4012 4014 4019 4021 4096 4098 4103 4104 14634 14636 14638 14663 14665 14667 14798 14800 14802 14997 14999 15004 15054 15056 15061 15063 15084 15086 15091 15216 15219 15220 15221 15227 15229 15230 15231 15242 15246 15248 15250 15258 15262 15265 15273 15275 15278 15390 15392
4096 4098 4106 4107 14634 14636 14638 14798 14800 14802 14997 14999 15004 15054 15056 15061 15063 15216 15219 15220 15227 15233 15234 15235 15242 15246 15248 15250 15258 15269 15306 15308 15314 15316 15319 15322 15410 15412
8816 8818 8823 8825 8830 8832 8836 8838 8843 8848 8849 8850 8853 8855 8857 8859 8860 8863 8864 8867
4308 4311 4318 4321 4328
4276 4279 4281 4283
4096 4098 4103 4104 14634 14636 14638 14798 14800 14802 14997 14999 15001 15054 15056 15061 15063 15084 15086 15088 15216 15219 15220 15227 15229 15230 15231 15242 15246 15248 15250 15252 15255 15273 15275 15278 15390 15392
209 211 212 233 235 242 244 251 277 280 285 286 296 299 304 305 367 369 371 378 380 382 385 415 417 418 419 422 426 428 429 432 435 437 441 445 447 448 459 462 464 468 472 474 476 478 482 484 486 488 492 494 495 496 498 504 507 511 513 676 679 682 683 691 692 695 698 702 706 1112 1117 1118 1120 1138 1163 1165 1169 1176 1178 1179 1181 1183 1187 1722 1724 1802 1804 3249 3251 3255 3257 3264 3266 3282 3286 3289 3291 4012 4014 4019 4021 4870 4872 4944 4946 5151 5154 5176 5179 5182 5194 5216 5219 5241 5245 5246 5249 5253 5257 5260 5276 5279 5283 5285 5300 5302 5305 5309 5313 5320 5322 5326 5337 5340 5342 5351 5352 5353 5371 5377 5384 5415 5429 5449 5455 5458 5461 5464 5468 5471 5477 5480 8764 8766 8771 8773 8775 8781 8785 8787 8810 8811 13499 13502 13508 13509 14619 14621 14634 14636 14638 14648 14650 14663 14665 14667 14798 14800 14802 14836 14838 14854 14856 14997 14999 15004 15014 15016 15054 15056 15061 15063 15084 15086 15091 15336 15338 15355 15357 15390 15392 15628 15631 15638 15646 15655 15665 15668 15675 15679 15686 15689 15691 15695 15697 15700 15712 15716 15724 15731 15737 15741 15754 15758 15761 15762 15764 15768 15769 15770 15772 15775 15776 15779 15780 15783 15786 15789
4332 4334 4341 4344 4351
8836 8838 8843 8845
4308 4311 4318 4321 4328
8816 8818 8820
4308 4311 4318 4321 4328
4276 4279 4281 4283
4332 4334 4341 4344 4351
4308 4311 4318 4321 4328
4012 4014 4019 4021 4034 4036 4041 4048 4050 4055 4057 14619 14621 14634 14636 14638 14798 14800 14802 14818 14820 14836 14838 14854 14856 14997 14999 15004 15014 15016 15027 15029 15034 15054 15056 15061 15063 15084 15086 15091 15336 15338 15355 15357 15390 15392 15628 15631 15634 15712 15716 15724 15731 15737 15741 15754 15758 15761 15762 15764 15768 15769 15770 15772 15775 15776 15779 15780 15783 15786 15789
4096 4098 4106 4107 14634 14636 14638 14663 14665 14667 14798 14800 14802 14997 14999 15004 15054 15056 15061 15063 15216 15219 15220 15221 15227 15233 15234 15235 15242 15246 15248 15250 15258 15262 15265 15306 15308 15311 15410 15412
4332 4334 4341 4344 4351
4870 4872 4950 4952 4956 4960 4962 4993 4995 4999 5003 5005 5021 5023 5035 5037 5039 5041 5045 5053 5055 5060 5062 5064 5071 5073 8764 8766 8771 8773 8775 8781 8785 8787 8810 8811 8816 8818 8823 8825 8827 13418 13420 13422 13442 13444 13499 13502 13508 13509 13555 13557 13613 13616 13623 13626 13633 13635 13688 13690 13696 13698 13705 13707 13714 13717 13720 13723 13730 13732 13740 13742 13744 13753 13756 13760 13762 13767 13771 13773 13775
4012 4014 4019 4021 4034 4036 4041 4048 4050 4055 4057 4096 4098 4103 4104 14634 14636 14638 14798 14800 14802 14997 14999 15004 15027 15029 15034 15054 15056 15061 15063 15084 15086 15091 15216 15219 15220 15227 15229 15230 15231 15242 15246 15248 15250 15258 15269 15273 15275 15281 15282 15283 15390 15392
4308 4311 4318 4321 4328
4332 4334 4341 4344 4351
4870 4872 4950 4952 4956 4960 4962 4993 4995 4999 5003 5005 5021 5023 5035 5037 5039 5041 5045 5053 5055 5060 5062 5064 5071 5073 8764 8766 8771 8773 8775 8781 8785 8787 8810 8811 8816 8818 8823 8825 8827 13418 13420 13422 13442 13444 13499 13502 13508 13509 13555 13557 13613 13616 13623 13626 13633 13635 13688 13690 13696 13698 13705 13707 13714 13717 13720 13723 13730 13732 13740 13742 13744 13753 13756 13760 13762 13767 13771 13773 13775
8816 8818 8823 8825 8830 8832 8836 8838 8843 8848 8849 8850 8853 8855 8857 8859 8860 8863 8864 8867
8836 8838 8840
4870 4872 4950 4952 4956 4960 4962 4993 4995 4999 5003 5007 5009 5021 5023 5035 5037 5039 5041 5045 5053 5055 5060 5062 5064 5071 5073 8764 8766 8771 8773 8775 8781 8785 8787 8810 8811 8816 8818 8823 8825 8827 13418 13420 13422 13442 13444 13499 13502 13508 13509 13555 13557 13613 13616 13623 13626 13633 13635 13688 13690 13696 13698 13705 13707 13714 13717 13720 13723 13730 13732 13740 13742 13744 13753 13756 13760 13762 13767 13771 13773 13775
4870 4872 4950 4952 4956 4960 4962 4993 4995 4999 5003 5005 5021 5023 5035 5037 5039 5041 5045 5053 5055 5060 5062 5064 5068 8764 8766 8771 8773 8775 8781 8785 8787 8810 8811 8816 8818 8823 8825 8827 13418 13420 13422 13442 13444 13499 13502 13508 13509 13555 13557 13613 13616 13623 13626 13633 13635 13688 13690 13696 13698 13705 13707 13714 13717 13720 13723 13730 13732 13740 13742 13744 13753 13756 13760 13762 13767 13771 13773 13775
4276 4279 4281 4283
8764 8766 8771 8773 8775 8781 8785 8787 8810 8811 13499 13502 13508 13509 13543 13545 13688 13690 13696 13698 13705 13707 13714 13717 13756 13771 13773 13778
4332 4334 4341 4344 4351
4332 4334 4341 4344 4351
4276 4279 4281 4283
8836 8838 8843 8848 8849 8850 8853 8855 8857 8859 8860 8863 8864 8867
8764 8766 8768 8771 8773 8775 8781 8785 8787 8810 8811 8816 8818 8823 8825 8827 13499 13502 13508 13509 13543 13545 13570 13572 13688 13690 13696 13698 13705 13707 13714 13717 13720 13723 13730 13732 13740 13742 13744 13748 13756 13760 13762 13767 13771 13773 13778
4332 4334 4341 4344 4351
8764 8766 8771 8773 8775 8781 8785 8787 8810 8811 8816 8818 8823 8825 8827 13499 13502 13508 13509 13543 13545 13585 13587 13613 13616 13623 13626 13633 13635 13688 13690 13696 13698 13705 13707 13714 13717 13720 13723 13730 13732 13740 13742 13744 13753 13756 13760 13762 13767 13771 13773 13778
4870 4872 4950 4952 4956 4960 4962 4993 4995 4999 5003 5007 5009 5021 5023 5035 5037 5039 5041 5045 5053 5055 5060 5062 5064 5071 5073 8764 8766 8771 8773 8775 8781 8785 8787 8810 8811 8816 8818 8823 8825 8827 13418 13420 13422 13442 13444 13499 13502 13508 13509 13555 13557 13613 13616 13623 13626 13633 13635 13688 13690 13696 13698 13705 13707 13714 13717 13720 13723 13730 13732 13740 13742 13744 13753 13756 13760 13762 13767 13771 13773 13775
4308 4311 4318 4321 4328
4276 4279 4281 4283
4332 4334 4341 4344 4351
4870 4872 4950 4952 4956 4960 4962 4993 4995 4999 5003 5007 5009 5021 5023 5035 5037 5039 5041 5045 5053 5055 5060 5062 5064 5068 8764 8766 8771 8773 8775 8781 8785 8787 8810 8811 8816 8818 8823 8825 8827 13418 13420 13422 13442 13444 13499 13502 13508 13509 13555 13557 13613 13616 13623 13626 13633 13635 13688 13690 13696 13698 13705 13707 13714 13717 13720 13723 13730 13732 13740 13742 13744 13753 13756 13760 13762 13767 13771 13773 13775
4332 4334 4341 4344 4351
4012 4014 4019 4021 4034 4036 4041 4048 4050 4055 4057 14619 14621 14634 14636 14638 14798 14800 14802 14818 14820 14836 14838 14854 14856 14997 14999 15004 15014 15016 15027 15029 15034 15054 15056 15061 15063 15084 15086 15091 15336 15338 15355 15357 15373 15375 15712 15716 15724 15731 15747 15754 15758 15761 15762 15764 15768 15769 15770 15772 15775 15776 15779 15780 15783 15789
8764 8766 8771 8773 8775 8781 8785 8787 8810 8811 13499 13502 13508 13509 13543 13545 13570 13572 13585 13587 13613 13616 13623 13633 13635 13688 13690 13696 13698 13705 13707 13714 13717 13720 13723 13730 13732 13740 13742 13753 13756 13760 13762 13764 13771 13773 13778
4332 4334 4341 4344 4351
8836 8838 8843 8845
