0 1 2 3 4 5 6 7 8 9 10 11
10 11 12 13 14 15 16 17 18 19 20 21 22 23 24 25 26 27 28 29 30 31 32 33 34 35
0 36 37
6 7 8 10 11 38 39 40
0 3 4 6 8 9 10 11 37 41 42
43 44
6 8 10 11 39 42 45 46 47
0 1 2
0 3 4 6 8 10 11 38 39 42 45 48 49 50
0 1 2 36
10 11 12 13 14 15 16 17 18 19 20 21 22 23 24 25 26 27 28 29 30 31 32 33 34 35
10 11 18 19 20 21 22 27 28 29 30 31 32 33 51 52 53 54 55 56 57
10 11 18 19 20 21 22 27 28 29 30 31 32 33 34 51 52 53 54 55 56
0 36 37
0 1 2 3 4 5 6 7 8 9 10 11
0 1 2 36
10 11 12 18 19 20 21 22 23 24 25 26 27 28 29 30 31 32 33 34 35
6 7 8 10 11 39 40 48 50 58 59
6 8 10 11 39 42 46 47 48 50 60
0 36 37
10 11 12 13 14 15 16 17 18 19 20 21 22 23 24 25 26 27 28 29 30 31 32 33 34 35
0 3 4 6 8 10 11 38 39 45 48 49 50
10 11 18 19 20 21 22 27 28 29 30 31 32 33 51 52 53 54 55 56 61 62
6 7 8 10 11 39 40 48 50 58 59
10 11 12 13 14 15 16 17 18 19 20 21 22 23 24 25 26 27 28 29 30 31 32 33 34 35 63
0 3 4 6 8 9 10 11 37 41 42
10 11
10 11 18 19 20 21 22 27 28 29 30 31 32 33 43 44 64 65 66 67
10 18 19 20 21 22 27 28 29 30 31 32 33 34 68 69 70 71
6 7 8 10 11 39 40 45 58
10 11 18 19 20 21 22 27 30 31 32 33 43 44 51 52 53 54 55 56 64 66 67 72
6 7 8 10 11 39 40 49 50
0 36 37
6 7 8 10 11 39 40 45 58
0 1 2
10 11 12 13 14 15 16 17 18 19 20 21 22 23 24 25 26 27 28 29 30 31 32 33 34 35
