0 1 2 3 4 5 6 7 8 9 10 11 12 13 14 15 16 17 18 19 20 21 22 23 24 25 26 27 28 29 30 31 32 108 113 130 135 136 148 149 177 178 179 180 181 188 189 190 192 205 206 237 238 250 251 256 257 258 259 260 261 262 263 275 276 277 282 283 287 288 305 306 307 308 325 326 327 329 330 347 348 354 355 356 357 378 379 416 417 418 420 421 441 442 443 445 446 452 454 455 456 457 458 473 474
26 27 28 29 31 32 33 34 35 36 37 38 39 40 41 42 43 44 45 46 47 48 49 50 51 52 53 54 55 56 57 58 59 60 61 62 63 64 65 66 67 68 69 70 71 72 73 74 75 76 77 78 79 80 81 82 83 84 85 86 87 88 89 90 91 92 93 94 95 96 97 98 99 100 101 102 103 104 105 106 107 108 109 110 111 112 113 135 136 148 149 177 178 188 189 193 194 195 196 197 198 199 200 201 202 203 204 205 206 208 212 230 232 233 237 238 239 241 247 248 249 250 251 260 261 264 265 266 267 268 270 271 272 273 274 275 276 282 283 287 288 293 294 295 296 297 298 299 300 301 302 303 304 305 306 307 308 310 312 319 320 321 325 326 329 330 333 334 335 336 337 338 339 340 341 342 343 344 347 348 354 355 356 357 358 364 366 373 374 378 379 387 388 411 412 413 416 417 420 421 422 430 439 440 441 442 445 446 454 455 459 460 461 462 463 464 465 466 467 468 469 470 473 474
0 114 115 116 117 118 119 120 121 122 123 124 125 126 127 128 137 138 142 252 253 255 289 290 292 349 350 352 447 448 451
19 20 21 22 23 26 27 28 29 30 31 32 108 113 129 130 131 132 133 134 135 136 148 149 177 178 188 189 205 206 237 238 250 251 259 260 261 275 276 277 278 282 283 287 288 305 306 307 308 325 326 327 328 329 330 347 348 354 355 356 357 378 379 416 417 418 419 420 421 441 442 443 444 445 446 452 453 454 455 473 474
0 16 17 19 22 23 24 25 26 27 28 29 30 31 32 108 113 115 116 117 118 119 120 121 123 124 125 126 127 128 135 136 137 138 139 140 141 142 143 144 145 146 147 148 149 172 177 178 184 188 189 205 206 237 238 250 251 252 253 254 255 260 261 275 276 282 283 284 287 288 289 290 291 292 305 306 307 308 325 326 329 330 347 348 349 350 351 352 353 354 355 356 357 378 379 416 417 420 421 441 442 445 446 447 448 449 451 454 455 473 474
150 151 152 153 154 155 156 157 158 159 160 161 162 163 164 165 166 167 168 169 170 367 368 369 370 371 372 431 432 433 434 435 436
19 22 23 26 27 28 29 30 31 32 108 113 131 135 136 146 147 148 149 171 172 173 174 175 176 177 178 184 188 189 205 206 237 238 250 251 260 261 275 276 282 283 284 285 287 288 305 306 307 308 325 326 329 330 347 348 353 354 355 356 357 378 379 416 417 420 421 441 442 445 446 454 455 473 474
0 1 2 3 4 5 6 7 8 9 10 11 12 13 14 15 179 180 181 190 192 256 257 258 262 263 456 457 458
0 16 17 19 22 23 26 27 28 29 30 31 32 108 113 129 131 135 136 146 148 149 171 172 177 178 182 183 184 185 186 187 188 189 205 206 237 238 250 251 260 261 275 276 282 283 284 287 288 305 306 307 308 325 326 329 330 347 348 353 354 355 356 357 378 379 416 417 420 421 441 442 445 446 454 455 473 474
0 1 7 8 9 10 11 12 13 14 15 114 179 181 190 191 192 256 258 262 263 456 458
26 27 28 29 31 32 33 34 35 36 37 38 39 40 41 42 43 44 45 46 47 48 49 50 51 52 53 54 55 56 57 58 59 60 61 62 63 64 65 66 67 68 69 70 71 72 73 74 75 76 77 79 80 81 82 83 84 85 86 87 88 89 90 91 92 93 94 95 96 97 98 99 100 101 102 103 104 105 106 107 108 109 110 111 112 113 135 136 148 149 177 178 188 189 193 194 195 196 197 198 199 200 201 202 203 204 205 206 208 212 230 232 233 237 238 239 241 247 248 249 250 251 260 261 264 265 266 267 268 270 271 272 273 274 275 276 282 283 287 288 293 294 295 296 297 298 299 300 301 302 303 304 305 306 307 308 310 312 319 320 321 325 326 329 330 333 334 335 336 337 338 339 340 341 342 343 344 347 348 354 355 356 357 358 364 366 373 374 378 379 387 388 411 412 413 416 417 420 421 422 430 439 440 441 442 445 446 454 455 459 460 461 462 463 464 465 466 467 468 469 470 473 474
26 27 28 29 31 32 42 43 44 45 46 47 80 81 82 83 84 85 86 87 88 90 91 92 93 94 95 96 97 98 99 100 101 102 108 111 112 113 135 136 148 149 177 178 188 189 193 201 202 203 204 205 206 207 208 209 210 211 212 213 214 215 216 217 218 219 220 221 222 223 224 225 226 227 228 229 230 231 232 233 234 235 236 237 238 239 240 241 242 244 245 246 247 248 249 250 251 260 261 264 271 272 273 274 275 276 282 283 287 288 293 301 302 303 304 305 306 307 308 310 311 312 313 314 315 317 319 320 321 325 326 329 330 333 341 342 343 344 347 348 354 355 356 357 358 364 366 373 374 378 379 387 388 411 412 413 416 417 420 421 422 423 425 427 428 429 430 439 440 441 442 445 446 454 455 459 467 468 469 470 473 474
26 27 28 29 31 32 42 43 44 45 46 47 80 81 82 83 84 85 86 87 88 89 90 91 92 93 94 95 96 97 98 99 100 101 102 103 104 105 108 111 112 113 135 136 148 149 177 178 188 189 193 201 202 203 204 205 206 207 208 209 210 211 212 213 214 215 216 217 218 219 220 222 223 224 225 226 227 228 229 230 231 232 233 237 238 239 240 241 242 243 244 245 246 247 248 249 250 251 260 261 264 271 272 273 274 275 276 282 283 287 288 293 301 302 303 304 305 306 307 308 310 311 312 313 314 315 317 319 320 321 325 326 329 330 333 341 342 343 344 347 348 354 355 356 357 358 364 366 373 374 378 379 387 388 411 412 413 416 417 420 421 422 423 425 427 428 429 430 439 440 441 442 445 446 454 455 459 467 468 469 470 473 474
0 114 115 116 121 123 124 125 127 128 137 138 139 140 141 142 252 253 254 255 289 290 291 292 349 350 351 352 447 448 449 451
0 1 2 3 4 5 6 7 8 9 10 11 12 13 14 15 16 17 18 19 20 21 22 23 24 25 26 27 28 29 30 31 32 108 113 130 135 136 148 149 177 178 179 180 181 188 189 190 192 205 206 237 238 250 251 256 257 258 259 260 261 262 263 275 276 277 282 283 287 288 305 306 307 308 325 326 327 329 330 347 348 354 355 356 357 378 379 416 417 418 420 421 441 442 443 445 446 452 454 455 456 457 458 473 474
0 1 7 8 9 10 13 14 15 114 179 181 190 191 192 256 258 262 263 456 458
26 27 28 29 31 32 33 42 43 44 45 46 47 48 49 50 51 57 58 59 60 61 62 71 72 73 74 75 76 77 79 80 81 82 83 84 85 86 88 89 90 91 92 93 94 95 96 97 98 99 100 101 102 103 104 105 106 107 108 109 110 111 112 113 135 136 148 149 177 178 188 189 193 194 197 198 199 200 201 202 203 204 205 206 208 212 230 232 233 237 238 239 241 247 248 249 250 251 260 261 264 265 266 267 268 269 270 271 272 273 274 275 276 282 283 287 288 293 294 297 298 299 300 301 302 303 304 305 306 307 308 310 312 319 320 321 325 326 329 330 333 334 337 338 339 340 341 342 343 344 347 348 354 355 356 357 358 364 366 373 374 378 379 387 388 411 412 413 416 417 420 421 422 430 439 440 441 442 445 446 454 455 459 460 463 464 465 466 467 468 469 470 473 474
19 20 21 22 23 26 27 28 29 30 31 32 108 113 130 131 132 133 135 136 148 149 177 178 182 187 188 189 205 206 237 238 250 251 259 260 261 275 276 277 278 279 280 281 282 283 287 288 305 306 307 308 325 326 327 328 329 330 347 348 354 355 356 357 378 379 416 417 418 419 420 421 441 442 443 444 445 446 452 453 454 455 473 474
19 22 23 26 27 28 29 30 31 32 108 113 131 135 136 146 147 148 149 172 173 174 175 176 177 178 182 184 187 188 189 205 206 237 238 250 251 260 261 275 276 282 283 284 285 286 287 288 305 306 307 308 325 326 329 330 347 348 353 354 355 356 357 378 379 416 417 420 421 441 442 445 446 454 455 473 474
0 114 115 116 121 123 124 125 127 128 137 138 139 140 141 142 252 253 254 255 289 290 291 292 349 350 351 352 447 448 449 451
26 27 28 29 31 32 33 34 35 36 37 38 39 40 41 42 43 44 45 46 47 48 49 50 51 52 53 54 55 56 57 58 59 60 61 62 63 64 65 66 67 68 69 70 71 72 73 74 75 76 77 79 80 81 82 83 84 85 86 87 88 89 90 91 92 93 94 95 96 97 98 99 100 101 102 103 104 105 106 107 108 109 110 111 112 113 135 136 148 149 177 178 188 189 193 194 195 196 197 198 199 200 201 202 203 204 205 206 208 212 230 232 233 237 238 239 241 247 248 249 250 251 260 261 264 265 266 267 268 270 271 272 273 274 275 276 282 283 287 288 293 294 295 296 297 298 299 300 301 302 303 304 305 306 307 308 310 312 319 320 321 325 326 329 330 333 334 335 336 337 338 339 340 341 342 343 344 347 348 354 355 356 357 358 364 366 373 374 378 379 387 388 411 412 413 416 417 420 421 422 430 439 440 441 442 445 446 454 455 459 460 461 462 463 464 465 466 467 468 469 470 473 474
0 16 17 19 22 23 26 27 28 29 30 31 32 108 113 129 131 135 136 148 149 171 177 178 182 183 187 188 189 205 206 237 238 250 251 260 261 275 276 282 283 287 288 305 306 307 308 325 326 329 330 347 348 354 355 356 357 378 379 416 417 420 421 441 442 445 446 454 455 473 474
26 27 28 29 31 32 42 43 44 45 46 47 80 81 82 83 84 85 86 87 88 90 91 92 93 94 95 96 97 98 99 100 101 102 108 111 112 113 135 136 148 149 177 178 188 189 193 201 202 203 204 205 206 207 208 209 210 211 212 213 214 215 216 217 218 219 220 222 223 224 225 226 227 228 229 230 231 232 233 237 238 239 240 241 242 244 245 246 247 248 249 250 251 260 261 264 271 272 273 274 275 276 282 283 287 288 293 301 302 303 304 305 306 307 308 309 310 311 312 313 314 315 316 317 318 319 320 321 322 323 324 325 326 329 330 333 341 342 343 344 347 348 354 355 356 357 358 364 366 373 374 378 379 387 388 411 412 413 416 417 420 421 422 423 425 427 428 429 430 439 440 441 442 445 446 454 455 459 467 468 469 470 473 474
19 20 21 22 23 26 27 28 29 30 31 32 108 113 130 131 132 133 135 136 148 149 177 178 182 187 188 189 205 206 237 238 250 251 259 260 261 275 276 277 278 279 280 281 282 283 287 288 305 306 307 308 325 326 327 328 329 330 347 348 354 355 356 357 378 379 416 417 418 419 420 421 441 442 443 444 445 446 452 453 454 455 473 474
26 27 28 29 31 32 33 34 35 36 37 38 39 40 41 42 43 44 45 46 47 48 49 50 51 52 53 54 55 56 57 58 59 60 61 62 63 64 65 66 67 68 69 70 71 72 73 74 75 76 77 79 80 81 82 83 84 85 86 87 88 89 90 91 92 93 94 95 96 97 98 99 100 101 102 103 104 105 106 107 108 109 110 111 112 113 135 136 148 149 177 178 188 189 193 194 195 196 197 198 199 200 201 202 203 204 205 206 208 212 230 232 233 237 238 239 241 247 248 249 250 251 260 261 264 265 266 267 268 270 271 272 273 274 275 276 282 283 287 288 293 294 295 296 297 298 299 300 301 302 303 304 305 306 307 308 310 312 319 320 321 325 326 329 330 331 332 333 334 335 336 337 338 339 340 341 342 343 344 345 346 347 348 354 355 356 357 358 364 366 373 374 378 379 387 388 411 412 413 416 417 420 421 422 430 439 440 441 442 445 446 454 455 459 460 461 462 463 464 465 466 467 468 469 470 473 474
0 16 17 19 22 23 24 25 26 27 28 29 30 31 32 108 113 115 116 117 118 119 120 121 123 124 125 126 127 128 135 136 137 138 139 140 141 142 143 144 145 146 147 148 149 172 177 178 184 188 189 205 206 237 238 250 251 252 253 254 255 260 261 275 276 282 283 284 287 288 289 290 291 292 305 306 307 308 325 326 329 330 347 348 349 350 351 352 353 354 355 356 357 378 379 416 417 420 421 441 442 445 446 447 448 449 451 454 455 473 474
26 27 28 29 31 32 108 113 135 136 148 149 177 178 188 189 205 206 237 238 250 251 260 261 275 276 282 283 287 288 305 306 307 308 325 326 329 330 347 348 354 355 356 357 378 379 416 417 420 421 441 442 445 446 454 455 473 474
26 27 28 29 31 32 42 43 44 45 46 47 80 81 82 83 84 85 86 87 88 90 91 92 93 94 95 96 97 98 99 100 101 102 108 111 112 113 135 136 148 149 150 151 152 153 154 155 156 157 158 159 160 161 162 163 164 165 166 167 168 169 170 177 178 188 189 193 201 202 203 204 205 206 208 212 230 231 232 233 237 238 239 241 247 248 249 250 251 260 261 264 271 272 273 274 275 276 282 283 287 288 293 301 302 303 304 305 306 307 308 310 312 319 320 321 325 326 329 330 333 341 342 343 344 347 348 354 355 356 357 358 359 360 361 362 363 364 365 366 367 368 369 370 371 372 373 374 375 376 377 378 379 387 388 411 412 413 416 417 420 421 422 430 431 432 433 434 435 436 439 440 441 442 445 446 454 455 459 467 468 469 470 473 474
26 27 28 29 31 42 43 44 45 46 47 80 81 82 83 84 85 86 87 88 89 90 91 92 93 94 95 96 97 98 99 100 101 102 103 104 105 108 111 112 113 135 136 148 149 177 178 188 189 193 201 202 203 204 205 206 208 212 230 231 232 233 237 238 239 241 247 248 249 250 251 260 261 264 271 272 273 274 275 276 282 283 287 288 293 301 302 303 304 305 306 307 308 310 312 319 320 321 325 326 329 330 333 341 342 343 344 347 348 354 355 356 357 358 364 366 373 374 378 379 380 381 382 383 384 385 386 387 388 389 390 391 392 393 394 395 396 397 398 399 400 401 402 403 404 405 406 407 408 409 410 411 412 413 414 415 416 417 420 421 422 430 439 440 441 442 445 446 454 455 459 467 468 469 470 473 474
19 20 21 22 23 26 27 28 29 30 31 32 108 113 130 131 132 133 135 136 148 149 171 177 178 188 189 205 206 237 238 250 251 259 260 261 275 276 277 278 279 280 282 283 287 288 305 306 307 308 325 326 327 328 329 330 347 348 354 355 356 357 378 379 416 417 418 419 420 421 441 442 443 444 445 446 452 453 454 455 473 474
26 27 28 29 31 32 42 43 44 45 46 47 80 81 82 83 90 91 92 93 94 95 96 97 98 99 100 101 102 108 111 112 113 135 136 148 149 150 151 152 153 154 155 156 157 158 159 160 161 162 163 165 166 167 168 169 170 177 178 188 189 193 202 203 204 205 206 207 208 209 210 211 213 214 215 216 217 218 219 220 222 223 224 225 226 227 228 229 230 231 232 233 237 238 239 240 242 244 245 246 247 248 249 250 251 260 261 264 272 273 274 275 276 282 283 287 288 293 302 303 304 305 306 307 308 310 311 313 314 315 317 319 320 321 325 326 329 330 333 342 343 344 347 348 354 355 356 357 358 359 361 362 363 366 367 368 369 370 371 372 373 374 375 376 377 378 379 387 411 412 413 416 417 420 421 422 423 424 425 426 427 428 429 430 431 432 433 434 435 436 437 438 439 440 441 442 445 446 454 455 459 468 469 470 473 474
19 20 21 22 23 26 27 28 29 30 31 32 108 113 130 131 132 133 134 135 136 148 149 177 178 183 187 188 189 205 206 237 238 250 251 259 260 261 275 276 277 278 282 283 287 288 305 306 307 308 325 326 327 328 329 330 347 348 354 355 356 357 378 379 416 417 418 419 420 421 441 442 443 444 445 446 452 453 454 455 473 474
0 114 115 116 121 123 124 125 127 128 137 138 139 140 142 252 253 254 255 289 290 291 292 349 350 351 352 447 448 449 450 451
19 20 21 22 23 26 27 28 29 30 31 32 108 113 130 131 132 133 135 136 148 149 171 177 178 188 189 205 206 237 238 250 251 259 260 261 275 276 277 278 279 280 282 283 287 288 305 306 307 308 325 326 327 328 329 330 347 348 354 355 356 357 378 379 416 417 418 419 420 421 441 442 443 444 445 446 452 453 454 455 473 474
0 1 2 3 4 5 6 7 8 9 10 11 12 13 14 15 179 180 181 190 192 256 257 258 262 263 456 457 458
26 27 28 29 31 32 33 34 35 36 37 38 39 40 41 42 43 44 45 46 47 48 49 50 51 52 53 54 55 56 57 58 59 60 61 62 63 64 65 66 67 68 69 70 71 72 73 74 75 76 77 78 79 80 81 82 83 84 85 86 87 88 89 90 91 92 93 94 95 96 97 98 99 100 101 102 103 104 105 106 107 108 109 110 111 112 113 135 136 148 149 177 178 188 189 193 194 195 196 197 198 199 200 201 202 203 204 205 206 208 212 230 231 232 233 237 238 239 241 247 248 249 250 251 260 261 264 265 266 267 268 270 271 272 273 274 275 276 282 283 287 288 293 294 295 296 297 298 299 300 301 302 303 304 305 306 307 308 310 312 319 320 321 325 326 329 330 333 334 335 336 337 338 339 340 341 342 343 344 347 348 354 355 356 357 358 364 366 373 374 378 379 387 388 411 412 413 416 417 420 421 422 430 439 440 441 442 445 446 454 455 459 460 461 462 463 464 465 466 467 468 469 470 471 472 473 474
