451 452 453 460 461 468 469 478 479 480 482 491 492 493 495 505 506 509 519 520 523 563 565 568 569 572 573 576 597 599 602 605 606 647 648 651 654 655 661 662 684 685 915 916 917 941 942 951 952 970 971 1341 1350 1354 1357 1361 1362 1363 1364 1371 1372 1460 1462 1463 1465 1537 1538 1541 1544 1547 1550 1551 1554 1557 1560 12362 12364 12367 12369 12370 12371 12372 12375 12378 12380 12381 12382 12383 12386 12388 12389 12390 12405 12407 12410 12411 12414 12416 12417 12420 12424 12426 12434 12436 12437 12439 12440 12569 12571 12572 12574 12577 12579 12587 12589 12619 12620 12627 12630 12634 12639 12640 12641 12642 12645 12648 12654 12655 12664 12665 12666 12667 12669 12670 12677 12678 12679 12682 12684 12685 12686 12688 12689 12690 12692 12693 12694 12709 12710 12711 12712 12760 12761 12764 12765 12766 12779 12780 12783 12784 12788 12791 12794 12795 12796 12800 12803 12807 12811 12813 12817 12820 12821 12825 12826 12828 12829 12830 12832 12833 12836 34602 34603 34612 34613 34614 34615
915 916 917 980 981 996 997 1015 1016 1017 1018 1022 1025 1028 1042 1043 1044 1045 1046 1052 1054 1123 1125 1126 1129 1130 1131 1132 1133 1134 1135 1139 1140 1141 1144 1147 1152 1154 1155 1156 1163 1166 1167 1169 1171 1172 1177 14391 14392 14393
451 452 453 460 461 468 469 478 479 480 491 492 493 647 648 651 654 655 661 662 684 685 795 797 800 804 805 12367 12369 12370 12371 12372 12373 12375 12476 12478 12479 12483 12485 12486 12490 12492 12493 12521 12523 12524 12528 12530 12587 12589 12682 12684 12685 12688 12689 12709 12710 12711 12712 12779 12780 34602 34603 34612 34613 34614 34615
451 452 453 460 461 468 469 478 479 480 482 491 492 493 495 505 506 509 519 520 523 563 565 568 569 572 573 576 597 599 602 605 606 647 648 651 654 655 661 662 684 685 915 916 917 941 942 951 952 1279 1280 1281 1299 1300 1321 1328 1341 1350 1354 1357 1361 1362 1363 1364 1371 1372 1537 1538 12367 12369 12370 12371 12372 12375 12414 12416 12417 12424 12426 12587 12589 12619 12620 12627 12630 12634 12635 12639 12640 12641 12642 12645 12648 12654 12655 12664 12665 12666 12667 12669 12670 12682 12684 12685 12688 12689 12709 12710 12711 12712 12760 12761 12779 12780 12783 12784 12788 12791 12794 12795 12796 12800 12803 12807 12811 12813 12817 34602 34603 34612 34613 34614 34615
915 916 917 996 997 1015 1016 1017 1018 1022 1023 1025 1028
915 916 917
451 452 453 460 461 468 469 478 479 480 482 491 492 493 495 505 506 509 519 520 523 563 565 568 569 572 573 576 597 599 602 605 606 647 648 651 654 655 661 662 684 685 915 916 917 941 942 951 952 1279 1280 1281 1299 1300 1321 1328 1341 1350 1354 1357 1361 1362 1363 1364 1371 1372 1537 1538 12367 12369 12370 12371 12372 12375 12414 12416 12417 12424 12426 12552 12553 12554 12555 12558 12559 12560 12561 12587 12589 12619 12620 12627 12630 12634 12635 12639 12640 12641 12642 12645 12648 12649 12654 12655 12664 12665 12666 12667 12669 12670 12677 12678 12679 12682 12684 12685 12688 12689 12709 12710 12711 12712 12760 12761 12779 12780 12783 12784 12788 12791 12794 12795 12796 12800 12803 12807 12811 12813 12817 34602 34603 34612 34613 34614 34615
451 452 453 460 461 468 469 478 479 480 482 491 492 493 495 505 506 509 519 520 523 563 565 568 569 572 573 576 597 599 602 605 606 647 648 651 654 655 661 662 684 685 795 797 800 804 805 915 916 917 941 942 951 952 970 971 1341 1350 1354 1357 1361 1362 1363 1364 1371 1372 1460 1462 1463 1465 1537 1538 1541 1544 1547 1550 1551 1554 1557 1560 12362 12364 12367 12369 12370 12371 12372 12375 12414 12416 12417 12420 12424 12426 12434 12436 12437 12439 12440 12533 12535 12569 12571 12572 12574 12577 12579 12582 12584 12587 12589 12619 12620 12627 12630 12634 12639 12640 12641 12642 12645 12648 12654 12655 12664 12665 12666 12667 12669 12670 12682 12684 12685 12688 12689 12690 12692 12693 12694 12696 12697 12698 12699 12700 12703 12704 12709 12710 12711 12712 12760 12761 12764 12765 12766 12779 12780 12783 12784 12788 12791 12794 12795 12796 12800 12803 12807 12811 12813 12817 12820 12821 12825 12826 12828 12829 12830 12832 12833 12836 34602 34603 34612 34613 34614 34615
597 599 602 605 606 647 648 651 654 655 661 662 684 685 795 797 800 804 805 1541 1544 1547 1550 1551 1554 1557 1560 12362 12364 12414 12416 12417 12424 12426 12569 12571 12574 12577 12579 12587 12589 12779 12780 12820 12821 12825 12826 12828 12829 12830
915 916 917 980 981 996 997 1015 1016 1017 1018 1022 1023 1025 1028 1042 1043 1044 1045 1046 1047 1048 1049 1052 1054 1123 1125 1129 1130 1131 1132 1133 1134 1135 1139 1140 1141 1144 1147 1149 1152 1163 1166 1167 1171 1172 1177
451 452 453 460 461 468 469 478 479 480 482 491 492 493 495 597 599 602 605 606 647 648 651 654 655 661 662 684 685 12367 12369 12370 12371 12372 12375 12400 12402 12405 12407 12410 12411 12414 12416 12417 12424 12426 12587 12589 12682 12684 12685 12688 12689 12709 12710 12711 12712 12779 12780 34602 34603 34612 34613 34614 34615
451 452 453 460 461 468 469 478 479 480 482 491 492 493 495 505 506 509 563 565 568 569 570 572 573 576 647 648 651 654 655 661 662 684 685 915 916 917 941 942 951 952 1279 1280 1281 1299 1300 1321 1328 1341 1350 1354 1357 1361 1362 1363 1364 1371 1372 1460 1462 1465 1537 1538 1541 1544 1547 1550 1551 1554 1557 1560 12367 12369 12370 12371 12372 12375 12405 12407 12410 12411 12564 12566 12569 12571 12574 12577 12579 12587 12589 12619 12620 12627 12630 12634 12639 12640 12641 12642 12643 12645 12646 12648 12654 12655 12682 12684 12685 12688 12689 12709 12710 12711 12712 12779 12780 12783 12784 12788 12791 12794 12795 12796 12800 12803 12804 12805 12807 12808 12809 12811 12813 12815 12817 12820 12821 12825 12828 12829 12832 12833 12834 12836 34602 34603 34612 34613 34614 34615
451 452 453 460 461 468 469 491 492 495 505 506 509 563 565 568 569 570 572 573 576 597 599 602 605 606 661 662 684 685 915 916 917 941 942 951 952 1279 1280 1281 1299 1300 1321 1328 1341 1350 1354 1357 1361 1362 1363 1364 1371 1372 1537 1538 12414 12416 12417 12424 12426 12552 12553 12554 12555 12558 12559 12560 12561 12564 12566 12569 12571 12574 12577 12579 12587 12589 12619 12620 12627 12630 12634 12639 12640 12641 12642 12645 12648 12654 12655 12779 12780 12783 12784 12788 12791 12794 12795 12796 12800 12803 12807 12811 12813 12817 12820 12821 12825 12828 12829 12832 12833 12836
451 452 453 460 461 468 469 491 492 495 505 506 509 563 565 568 569 572 573 576 661 662 684 685 915 916 917 941 942 951 952 970 971 1279 1280 1281 1284 1321 1328 1341 1350 1354 1357 1361 1362 1363 1364 1371 1372 1460 1462 1465 1537 1538 1541 1544 1547 1550 1551 1554 1557 1560 12434 12436 12439 12440 12444 12446 12449 12451 12454 12456 12457 12458 12461 12463 12466 12468 12569 12571 12574 12577 12579 12619 12620 12627 12630 12634 12639 12640 12641 12642 12645 12648 12654 12655 12779 12780 12783 12784 12788 12791 12794 12795 12796 12800 12803 12807 12811 12813 12817 12820 12821 12825 12828 12829 12832 12833 12836
451 452 453 460 461 468 469 478 479 480 482 491 492 493 495 505 506 509 519 520 523 563 565 568 569 572 573 576 597 599 602 605 606 647 648 651 654 655 661 662 684 685 915 916 917 941 942 951 952 1279 1280 1281 1299 1300 1321 1328 1341 1350 1354 1357 1361 1362 1363 1364 1371 1372 1537 1538 1541 1544 1547 1550 1551 1554 1557 1560 12367 12369 12370 12371 12372 12375 12414 12416 12417 12424 12426 12564 12566 12569 12571 12574 12577 12579 12587 12589 12619 12620 12627 12630 12631 12632 12634 12639 12640 12641 12642 12645 12648 12654 12655 12664 12665 12666 12667 12669 12670 12682 12684 12685 12688 12689 12709 12710 12711 12712 12760 12761 12779 12780 12783 12784 12788 12791 12794 12795 12796 12800 12803 12807 12811 12813 12815 12817 12820 12821 12825 12828 12829 12832 12833 12836 34602 34603 34612 34613 34614 34615
451 452 453 460 461 468 469 478 479 480 482 491 492 493 495 505 506 509 519 520 523 563 565 568 569 572 573 576 647 648 651 654 655 661 662 684 685 915 916 917 941 942 951 952 970 971 1341 1350 1354 1357 1361 1362 1363 1364 1371 1372 1460 1462 1463 1465 1537 1538 1541 1544 1547 1550 1551 1554 1557 1560 12362 12364 12367 12369 12370 12371 12372 12375 12434 12436 12437 12439 12440 12587 12589 12592 12594 12600 12601 12602 12603 12604 12605 12606 12608 12609 12611 12615 12619 12620 12627 12630 12634 12639 12640 12641 12642 12645 12648 12649 12654 12655 12664 12665 12666 12667 12669 12670 12677 12678 12679 12682 12684 12685 12688 12689 12709 12710 12711 12712 12760 12761 12775 12776 12779 12780 12783 12784 12788 12791 12794 12795 12796 12800 12803 12807 12811 12813 12817 34602 34603 34612 34613 34614 34615
451 452 453 460 461 468 469 478 479 480 482 491 492 493 495 505 506 509 563 565 568 569 570 572 573 576 661 662 684 685 915 916 917 941 942 951 952 970 971 1341 1350 1354 1357 1361 1362 1363 1364 1371 1372 1460 1462 1463 1465 1537 1538 1541 1544 1547 1550 1551 1554 1557 1560 12362 12364 12393 12395 12396 12397 12400 12402 12405 12407 12410 12411 12434 12436 12439 12440 12569 12571 12574 12577 12579 12587 12589 12619 12620 12621 12622 12623 12627 12630 12634 12639 12640 12641 12642 12645 12648 12654 12655 12677 12678 12679 12709 12710 12711 12712 12760 12761 12770 12771 12772 12779 12780 12783 12784 12788 12791 12794 12795 12796 12800 12803 12807 12811 12813 12817 12820 12821 12825 12828 12829 12830 12832 12833 12836 14419 14420 14421 14422 14425 14426 14431 14432 14434
915 916 917
11507 11508 11519 11520 11545 11546 11563 11564 11568 11572 11573 11574 11578 11580 11581 11582 11583 11584 11585 11594 11595 11603 11604 11610 11611 11617 11618 11711 11712 11713 11714 11715 11716 11717 11718 11719 11720 11721 11724 11725 11726 11727 11728 11729 11730 11731 11736 11738 11740 11741 11742 11744 11746 11748 11750 11752 11754 11756 11758 11760 11762 11764 11765 11799
915 916 917
451 452 453 460 461 468 469 478 479 480 491 492 493 495 505 506 509 563 565 568 569 572 573 576 597 599 602 605 606 647 648 651 654 655 661 662 684 685 915 916 917 941 942 951 952 1279 1280 1281 1299 1300 1321 1328 1341 1350 1354 1357 1361 1362 1363 1364 1371 1372 1537 1538 1541 1544 1547 1550 1551 1554 1557 1560 12367 12369 12370 12371 12372 12375 12393 12395 12396 12397 12405 12407 12410 12411 12414 12416 12417 12424 12426 12552 12553 12554 12555 12558 12559 12560 12561 12564 12566 12569 12571 12574 12577 12579 12587 12589 12619 12620 12627 12630 12634 12639 12640 12641 12642 12645 12648 12654 12655 12677 12678 12679 12682 12684 12685 12688 12689 12709 12710 12711 12712 12760 12761 12770 12771 12772 12779 12780 12783 12784 12788 12791 12794 12795 12796 12800 12803 12807 12811 12813 12817 12820 12821 12825 12828 12829 12830 34602 34603 34612 34613 34614 34615

915 916 917
451 452 453 460 461 468 469 478 479 480 482 491 492 493 495 505 506 509 519 520 523 563 565 568 569 572 573 576 597 599 602 605 606 647 648 651 654 655 661 662 684 685 915 916 917 941 942 951 952 970 971 1341 1350 1354 1357 1361 1362 1363 1364 1371 1372 1460 1462 1465 1537 1538 1541 1544 1547 1550 1551 1554 1557 1560 12367 12369 12370 12371 12372 12375 12400 12402 12405 12407 12410 12411 12414 12416 12417 12424 12426 12434 12436 12439 12440 12569 12571 12574 12577 12579 12587 12589 12619 12620 12627 12630 12634 12635 12639 12640 12641 12642 12645 12648 12654 12655 12664 12665 12666 12667 12669 12670 12682 12684 12685 12688 12689 12709 12710 12711 12712 12760 12761 12779 12780 12783 12784 12788 12791 12792 12794 12795 12796 12800 12803 12807 12811 12813 12817 12820 12821 12825 12828 12829 12832 12833 12836 34602 34603 34612 34613 34614 34615
451 452 453 460 461 468 469 478 479 480 482 491 492 493 495 519 520 523 597 599 602 605 606 647 648 651 654 655 661 662 684 685 795 797 800 804 805 12367 12369 12370 12371 12372 12375 12414 12416 12417 12420 12424 12426 12434 12436 12437 12587 12589 12664 12665 12666 12667 12669 12670 12682 12684 12685 12688 12689 12709 12710 12711 12712 12760 12761 12779 12780 34602 34603 34612 34613 34614 34615
915 916 917 980 981 996 997 1015 1016 1017 1018 1022 1023 1025 1028
451 452 453 460 461 468 469 491 492 495 505 506 509 563 565 568 569 572 573 576 597 599 602 605 606 661 662 684 685 915 916 917 941 942 951 952 970 971 1341 1350 1354 1357 1361 1362 1363 1364 1371 1372 1460 1462 1463 1465 1537 1538 1541 1544 1547 1550 1551 1554 1557 1560 12362 12364 12414 12416 12417 12424 12426 12434 12436 12439 12440 12569 12571 12574 12577 12579 12587 12589 12619 12620 12627 12630 12634 12639 12640 12641 12642 12645 12648 12654 12655 12779 12780 12783 12784 12788 12791 12794 12795 12796 12800 12803 12807 12811 12813 12817 12820 12821 12825 12826 12828 12829 12830 12832 12833 12836
451 452 453 1653 1654 1655 2186 2187 2190 2191 2197 2201 2202 13240 13241 13244 13245 13246 13247 13248 13457 13458 13459 13460 13461 13462 13463 13471 13472 13481 13482 13492 13493 13496 13499 13500 13513 13514 13515 13519 13520 13521 13522 13523 13524 13527 13528 13529 15706 15709 15710 15711 15713 15714 15717 15718 15719 15722 15723 15726 15727 15728 15729 15732 15740 15741 15742 15744 15745 15746 15749 15750 15751 15789 15790 15791 15793 15794 15810 15811 15812 15813 15815 15816 15819 15820 15821 15822 15823 15825 15826 15827 15831 15832 15833 15834 15836 15837 15838 15842 15843 15844 15845 15847 15848 15849 15854 15855 15967 15968 15969 15972 15974 15975 15976 15977 15979 15981 15982 15985 15988 15990 15991 15992 15993 15995 16004 16006 16007 16008 16009 16011 16013 16014 16017 16033 16034 16035 16036 16037 16038 16039 16040 16041 16042 16043 16046 16047 16048 16049 16052 16053 16054 16055 16057 16058 16060 16061 16063 16064 16066 16067 16069 16070 16072 16073 16075 16084 16085 16088 16089 16090 16091 16092 16093 16094 16095 16096 16103 16106 16107 16108 16110 16111 16112 16115 17029 17031 17034 17035 17036 17044 17045 17046 17049 17053 17054 17055 17058
915 916 917
915 916 917 1066 1067 1085 1086 1087 1090 1091 1092 1093 1094 1095 1097 1098 1099 1102 1103 1104 1105 1106 1109 1112
451 452 453 460 461 468 469 478 479 482 491 492 493 495 505 506 509 519 520 523 563 565 568 569 572 573 576 597 599 602 605 606 661 662 684 685 915 916 917 941 942 951 952 970 971 1341 1350 1354 1357 1361 1362 1363 1364 1371 1372 1460 1462 1465 1537 1538 1541 1544 1547 1550 1551 1554 1557 1560 12362 12364 12414 12416 12417 12424 12426 12434 12436 12437 12439 12440 12569 12571 12574 12577 12579 12587 12589 12619 12620 12627 12630 12634 12639 12640 12641 12642 12645 12648 12654 12655 12664 12665 12666 12667 12669 12670 12682 12684 12685 12688 12689 12709 12710 12711 12712 12760 12761 12779 12780 12783 12784 12788 12791 12794 12795 12796 12800 12803 12807 12811 12813 12815 12817 12820 12821 12825 12828 12829 12830 12832 12833 12836
915 916 917 1042 1043 1044 1045 1046 1047 1048 1049 1052 1054
11545 11546 11563 11564 11568 11578 11580 11581 11582 11583 11584 11585 11684 11687 11690 11693 11694 11697 11700 12497 12499 12502 12504 12505 12543 12545
451 452 453 460 461 468 469 478 479 480 482 491 492 493 495 505 506 509 519 520 523 563 565 566 568 569 572 573 576 597 599 602 605 606 647 648 651 654 655 661 662 684 685 915 916 917 941 942 951 952 1279 1280 1281 1299 1300 1321 1328 1341 1350 1354 1357 1361 1362 1363 1364 1371 1372 1460 1462 1463 1465 1537 1538 1541 1544 1547 1550 1551 1554 1557 1560 12362 12364 12367 12369 12370 12371 12372 12375 12405 12407 12410 12411 12414 12416 12417 12424 12426 12434 12436 12437 12533 12535 12548 12549 12569 12571 12574 12577 12579 12587 12589 12619 12620 12627 12630 12634 12639 12640 12641 12642 12645 12648 12654 12655 12664 12665 12666 12667 12669 12670 12682 12684 12685 12688 12689 12690 12692 12693 12694 12696 12697 12698 12699 12700 12703 12704 12709 12710 12711 12712 12760 12761 12764 12765 12766 12779 12780 12783 12784 12788 12791 12792 12794 12795 12796 12800 12803 12807 12811 12813 12817 12820 12821 12825 12828 12829 12830 12832 12833 12836 34602 34603 34612 34613 34614 34615
