124.605708838
206.198869944
258.617933035
292.340572834
318.457268953
338.834033012
357.679350853
372.627362967
384.090607882
392.842795849
399.75342989
405.220072985
410.268118858
414.138074875
417.524355888
421.055775881
423.554586887
426.003927946
428.311647892
430.388916016
432.439201832
434.395130873
436.201297998
437.929309845
439.612094879
441.413209915
443.423687935
444.980761051
446.50193882
447.863762856
449.198596954
452.269677877
455.011765003
456.894551992
458.075018883
459.164520979
460.221096039
461.260772943
462.250362873
463.203212023
463.973912954
464.86627388
465.615286827
467.921248913
469.064321041
469.978101969
470.656734943
471.722612858
472.36421895
472.760467052
473.073206902
473.289417982
473.424057007
473.528059006
473.639890909
473.701311827
473.747028828
473.797700882
473.834102869
473.84333396
