19 20 22 24 25 46 47 52 62 71 78 79
90 92 93
16 18 46 48 52 65 71 76 78 79 90 94
2 3 6 7 33 35 37 38 39 40 41 42 44 45 52 53 54 55 57 58 59 60 66 67 74 78 79
16 17 46 47 52 65 71 76 78 79 90 92 93
2 3 6 7
19 20 22 46 47 52 61 71 78 79
2 3 8 9 10 11 12 13 14 15 31 32 33 34 36 40 41 42 52 53 54 57 59 66 67 69 72 78 79
2 3 8 9 10 11 12 13 14 15 31 32 33 34 36 40 41 42 52 53 54 57 59 66 67 69 72 78 79
2 3 8 9 10 11 12 13 14 15 31 32 33 34 36 40 41 42 52 53 54 57 59 66 67 69 72 77 78 79
2 3 12 13 14 15 31 33 34 36 40 41 42 52 53 54 57 59 66 67 69 72 78 79
90 92 93
2 3 8 9 10 11 12 13 14 15 31 32 33 34 36 40 41 42 52 53 54 57 59 66 67 69 72 78 79
90 91 94
83 84 85 86 89 95 96 97 98
33 34 35 36 37 38 39 40 41 42 52 53 54 55 57 58 59 66 67 69 78 79
49 50 51 52 78 79 95 96 97 98 99
19 20 22 24 25 46 47 52 62 71 78 79
2 3 8 9 10 11 12 13 14 15 31 32 33 34 36 40 41 42 52 53 54 57 59 66 67 69 72 78 79
2 3 4 5 27 28 29 30 52 73 78 79 80 82
19 20 22 46 47 52 61 71 78 79
49 50 51 52 78 79 95 96 97 98 99
90 91 92 93
2 3 4 5 27 28 29 30 52 73 78 79 80 81 82
2 3 6 7 33 34 36 40 41 42 43 45 52 53 54 57 59 60 66 67 74 78 79
16 18 46 48 52 65 71 76 78 79 90 94
33 34 35 36 37 38 39 40 41 42 52 53 54 55 56 57 58 59 66 67 68 78 79
19 20 24 46 47 52 64 71 78 79
90 91 94
16 19 24 46 61 62 63 64 65 71 78 79 90
83 84 85 86 87 88 89 95 96 97 98
19 21 23 46 48 52 61 71 78 79
19 20 46 47 52 63 71 78 79
33 34 35 36 37 38 39 40 41 42 52 53 54 55 57 58 59 66 67 70 78 79
0 1 2 3 4 5 33 34 36 40 41 42 52 53 54 57 59 66 67 69 75 78
83 84 85 86 89 95 96 97 98
16 19 24 46 48 52 61 62 63 64 65 71 78 79 90
90 91 94
49 50 51 52 78 79 95 96 97 98 99
52 78 79
19 21 23 24 26 46 48 52 62 71 78 79
49 50 51 52 78 79 95 96 97 98 99
83 84 85 86 87 88 89 95 96 97 98
90 91 94
83 84 85 87 89 95 96 97 98
16 17 46 47 52 65 71 76 78 79 90 92 93
90 91 92 93
