1.28477120399
2.49324321747
3.6657910347
4.75475406647
5.75961709023
6.6288330555
7.34367418289
7.97684001923
8.50572919846
8.90951609612
9.30651712418
9.66923117638
10.0263411999
10.3778882027
10.7748670578
11.0891170502
11.3993041515
11.7948942184
12.0948381424
12.3904361725
12.6802520752
12.965072155
13.2456622124
13.5215780735
13.7929890156
14.0599491596
14.323059082
14.5811591148
14.8348021507
15.0840110779
15.3287320137
15.5690450668
15.8073160648
16.038695097
16.2655301094
16.4881341457
16.7060201168
16.9193711281
17.1282629967
17.3327281475
17.5326781273
17.7279901505
17.9187731743
18.1050291061
18.2866840363
18.4343931675
18.5795872211
18.7221570015
18.8621220589
18.9997420311
19.1346871853
19.2670722008
19.396846056
19.5240662098
19.6486890316
19.7708060741
19.8903131485
20.007196188
20.1215391159
20.2333981991
20.342618227
20.4492239952
20.5533220768
20.6548111439
20.7536900043
20.8500020504
20.9437382221
21.0348892212
21.1234631538
21.20946908
21.2928791046
21.3736071587
21.4517841339
21.5273020267
21.6002411842
21.6706051826
21.7383441925
21.8034861088
21.8660101891
21.9259412289
21.9832510948
22.0379800797
22.0901241302
22.1396071911
22.1864671707
22.2307181358
22.2723371983
22.3113451004
22.3477301598
22.3814821243
22.4126131535
22.44110322
22.4669761658
22.4902210236
22.5108401775
22.5288331509
22.5400440693
22.5501840115
22.5548920631
