18629.9575069
26164.947669
29666.870801
31544.4486599
32638.3880601
33301.235059
33731.447192
34037.640564
34249.1800981
34409.897583
34524.7132261
34605.2745359
34670.0245669
34715.0274501
34745.267575
34768.34185
34791.88937
34806.0600801
34819.4267011
34830.8050921
34840.4086671
34848.9924209
34856.1130459
34862.949477
34870.0042181
34876.7257781
34881.288528
34885.269187
34888.211288
34891.119597
34893.988699
34896.7631109
34899.6015589
34902.393698
34905.147629
34907.8593159
34910.532429
34913.168884
34915.7624049
34917.9241729
34920.072916
34922.1959419
34924.185607
34926.1802721
34928.1149199
34929.9520249
34931.9468849
34933.86778
34935.8375099
34937.8476
34939.8259809
34941.785094
34942.1602979
