1111111111111111111111111111111110000000000000000000000000000000000000000000000000000000000000000000000000001000010000000000000000100001100000000000110000000000000000000000000001111100000011101000000000000110000000000000000000000000000001100000000000110000111111110000000000011100001100011000000000000000011110000000000000000111011000000000000000011000001111000000000000000000001100000000000000000000000000000000000011101100000000000000000001110110000010111110000000000000011
0000000000000000000000000011110111111111111111111111111111111111111111111111111111111111111111111111111111111111110000000000000000000001100000000000110000000000000000000000000001100000000011000111111111111110100010000000000000000010110001110100000111110000000011001111101111111000001100011000011111111111111110101000000111000110011001111111111110011000001111100000101000000110001100000001100000000000000000000001110011001110000000100000000111100110000000110001111111111110011
1000000000000000000000000000000000000000000000000000000000000000000000000000000000000000000000000000000000000000001111111111111110000000011000100000000000000000000000000000000000000000000000000000000000000000000000000000000000000000000000000000000000001101000000000000000000000000000000000110100000000000000000000000000000000000000000000000000000000110100000000000000000000000000000000000000000000000000000000000000000000000000000000000000000000001100100000000000000000000000
0000000000000000000111110011111110000000000000000000000000000000000000000000000000000000000000000000000000001000010000000000000001111111100000000000110000000000000000000000000001100000000011000000000000000110000000000000000000000000000001100000000000110000000111000000000000011110001100011000000000000000011110000000000000000111111000000000000000011000001111000000000000000000001100000000000000000000000000000000000011111100000000000000000001111110000011110000000000000000011
1000000000000000110100111111111110000000000000000000000000000000000000000000000000000000000000000000000000001000010111111101111110000001111111111111110000000000000000000000100001100000100011000000000000000110000000000000000000000000000001100000000000111111000011000000000000011000001110011111100000000000011110000000000000000110011000000000000000011111111111000000000000000000001100000000000000000000000000000000000011001100000000000000000001100111110100110000000000000000011
0000000000000000000000000000000000000000000000000000000000000000000000000000000000000000000000000000000000000000000000000000000000000000000000000000001111111111111111111110000000000000000000000000000000000000000000000000000000000000000000000000000000000000000000000000000000000000000000000000000000000000000000000000000000000000000000000000000000000000000000000000000111111000000000000000000000000000000000000000000000000000000000011111100000000000000000000000000000000000000
0000000000000000000100110011111110000000000000000000000000000000000000000000000000000000000000000000000000001000010000000000000000010001100000000011110000000000000000000001111111100000100011000000000000000110000000000000000000000000000001100000000000110000000011000000000000011000001111011000000000000000011110000000000000000110011000000000000000011000011111000000000000000000001100000000000000000000000000000000000011001100000000000000000001100110000000110000000000000000011
1111111111111111000000000000000000000000000000000000000000000000000000000000000000000000000000000000000000000000000000000000000000000000000000000000000000000000000000000000000000011100000000101000000000000000000000000000000000000000000000000000000000000000111000110000000000000000000000000000000000000000000000000000000000000000000000000000000000000000000000000000000000000000000000000000000000000000000000000000000000000000000000000000000000000000000000001110000000000000000
1000000000000000110100110011111110000000000000000000000000000000000000000000000000000000000000000000000000001000010000000000000001010001100000000010110000000000000000000001100001100011111111000000000000000110000000000000000000000000000001100000000000110000000011000000000000011000001110011000000000000000011110000000000000000110011000000000000000011000011111000000000000000000001100000000000000000000000000000000000011001100000000000000000001100110000000110000000000000000011
1100000111111111000000000000000000000000000000000000000000000000000000000000000000000000000000000000000000000000001000000000000000000000000000000000000000000000000000000000000000010100000000111000000000000000000000000000000000000000000000000000000000000000101000110000000000000000000000000000000000000000000000000000000000000000000000000000000000000000000000000000000000000000000000000000000000000000000000000000000000000000000000000000000000000000000000001010000000000000000
0000000000000000000000000011110111111111111111111111111111111111111111111111110111111111111111111111111111111111110000000000000000000001100000000000110000000000000000000000000001100000000011000111111111111110100010000000000000000010110001110100000111110000000011001111101111111000001100011000011111111111111110101000000111000110011001111111111110011000001111100000101000000110001100000001100000000000000000000001110011001110000000100000000111100110000000110001111111111110011
0000000000000000000000000011110110000000001111110000000000000000000000000000000011111111101111111111111000001001110000000000000000000001100000000000110000000000000000000000000001100000000011000100000001111111111111111111111111111111111111111110111111110000000011001000000111111000001100011000010000000111111110111111010111000110011001000000011110011000001111100000101000000110001100000001100000000000000000000001110011001111010111100000000111100110000000110001000000011110011
0000000000000000000000000011110110000000001111110000000000000000000000000000000011111111111111111111111111001001110000000000000000000001100000000000110000000000000000000000000001100000000011000100000001111111111111111111101111111111110001111111111111110000000011001000000111111000001100011000010000000111111110111111010111000110011001000000011110011000001111100000101000000110001100000001100000000000000000000001110011001111010111100000000111100110000000110001000000011110011
1000000000000000000000000000000000000000000000000000000000000000000000000000000000000000000000000000000000000000001110000101110110000000011111100000000000000000000000000000000000000000000000000000000000000000000000000000000000000000000000000000000000001111000000000000000000000000000000000111100000000000000000000000000000000000000000000000000000000111100000000000000000000000000000000000000000000000000000000000000000000000000000000000000000000001110100000000000000000000000
1111111111111111111111111111111110000000000000000000000000000000000000000000000000000000000000000000000000001000010000000000000000100001100000000000110000000000000000000000000001111100000011101000000000000110000000000000000000000000000001100000000000110000111111110000000000011100001100011000000000000000011110000000000000000111011000000000000000011000001111000000000000000000001100000000000000000000000000000000000011101100000000000000000001110110000010111110000000000000011
1100000111100111000000000000000000000000000000000000000000000000000000000000000000000000000000000000000000000000001000000000000000000000000000000000000000000000000000000000000000010100000000111000000000000000000000000000000000000000000000000000000000000000101000110000000000000000000000000000000000000000000000000000000000000000000000000000000000000000000000000000000000000000000000000000000000000000000000000000000000000000000000000000000000000000000000001010000000000000000
0000000000000000000000000011110111000000001111111111000001111110000000011111110111111110111111111111111111111111110000000000000000000001100000000000110000000000000000000000000001100000000011000110011111111110100010000000000000000010110001110100000111110000000011001111111111111000001100011000011001111111111110101000000111000110011001100111111110011000001111100000101000000110001100000001100000000000000000000001110011001110000000100000000111100110000000110001100111111110011
0000000000000000000111110011111110000000000000000000000000000000000000000000000000000000000000000000000000001000010000000000000000111101100000000000110000000000000000000000000001100010000111000000000000000110000000000000000000000000000001100000000000110000000111000000000000011111111100011000000000000000011110000000000000000111111000000000000000011000001111000000000000000000001100000000000000000000000000000000000011111100000000000000000001111110000011110000000000000000011
0000000000000000000100110011111110000000000000000000000000000000000000000000000000000000000000000000000000001000010000000000000000010001100000000011110000000000000000000000111111100010100111000000000000000110000000000000000000000000000001100000000000110000000011000000000000011000001111111000000000000000011110000000000000000110011000000000000000011000011111000000000000000000001100000000000000000000000000000000000011001100000000000000000001100110000000110000000000000000011
1000000000000000000000000000000000000000000000000000000000000000000000000000000000000000000000000000000000000000001110000101110110000000011111100000000000000000000000000000000000000000000000000000000000000000000000000000000000000000000000000000000000001111000000000000000000000000000000000111100000000000000000000000000000000000000000000000000000000111100000000000000000000000000000000000000000000000000000000000000000000000000000000000000000000001110100000000000000000000000
0000000000000000000000000011110111111111111111111111111111111111111111111111110111111111111111111111111111111111110000000000000000000001100000000000110000000000000000000000000001100000000011000111111111111110100010000000000000000010110001110100000111110000000011001111101111111000001100011000011111111111111110101000000111000110011001111111111110011000001111100000101000000110001100000001100000000000000000000001110011001110000000100000000111100110000000110001111111111110011
1000000000000000110100110011111110000000000000000000000000000000000000000000000000000000000000000000000000001000010000000000000001010001100000000000110000000000000000000001000001100011000111000000000000000110000000000000000000000000000001100000000000110000000011000000000000011000001100011000000000000000011110000000000000000110011000000000000000011000001111000000000000000000001100000000000000000000000000000000000011001100000000000000000001100110000000110000000000000000011
0000000000000000000000000011110110000000001111110000000000000000000000000000000011111111101111111111111000001001110000000000000000000001100000000000110000000000000000000000000001100000000011000100000001111111111111111111101111111111110001111110111111110000000011001000000111111000001100011000010000000111111111111111111111111110011001000000011110011000001111100000101000000110001100000001100000000000000000000001110011001111010111100000000111100110000000110001000000011110011
0000000000000000000111110011111110000000000000000000000000000000000000000000000000000000000000000000000000001000010000000000000000111101100000000000110000000000000000000000000001100010000111000000000000000110000000000000000000000000000001100000000000110000000111000000000000011111111100011000000000000000011110000000000000000111111000000000000000011000001111000000000000000000001100000000000000000000000000000000000011111100000000000000000001111110000011110000000000000000011
0000000000000000000000000011110111111111111111111111111111111111111111111111110111111111111111111111111111111111110000000000000000000001100000000000110000000000000000000000000001100000000011000111111111111110100010000000000000000010110001110100000111110000000011001111101111111000001100011000011111111111111110101000000111000110011111111111111111111000001111100000101000000110001100000001100000000000000000000001110011001110000000100000000111100110000000110001111111111110011
1000000000000000110100111111111110000000000000000000000000000000000000000000000000000000000000000000000000001000010111111101111110000001111111111111110000000000000000000000100001100000100011000000000000000110000000000000000000000000000001100000000000111111000011000000000000011000001110011111100000000000011110000000000000000110011000000000000000011111111111000000000000000000001100000000000000000000000000000000000011001100000000000000000001100111110100110000000000000000011
0000000000000000000000000011110110000000000000000000000000000000000000000000000000000000000000000000000000001000010000000000000000000001100000000000110000000000000000000000000001100000000011000000000000000110000000000000000000000000000001100000000000110000000011000000000000011000001100011000000000000000011110000000000000000110011000000000000000011000001111000000000000000000001100000000000000000000000000000000000011001100000000000000000001100110000000110000000000000000011
0000000000000000000000000011110110000000001111110000000000000000000000000000000011111111101111111111111000001001110000000000000000000001100000000000111111111111111111111110000001100000000011000100000001111110100010000000000000000011110001110100000111110000000011001000000111111000001100011000010000000111111110101000000111000110011001000000011110011000001111111111111111111111111100000001100000000000000000000001110011001110000000111111100111100110000000110001000000011110011
0000000000000000000000000011110100000000001111110000000000000000000000000000000011111111111111111111111111001001110000000000000000000001100000000000110000000000000000000000000001100000000011000100000001111110100010000000000000000011110001110100000111110000000011001000000111111000001100011000010000000111111110101000000111000110011001000000011110011000001111100000101000000110001111111111111111111111111111111111111111001110000000100000000111100110000000110001000000011110011
0000000000000000000111110011111110000000000000000000000000000000000000000000000000000000000000000000000000001000010000000000000000111101100000000000110000000000000000000001000001100000000011000000000000000110000000000000000000000000000001100000000000110000000111000000000000011111101100011000000000000000011110000000000000000111111000000000000000011000001111000000000000000000001100000000000000000000000000000000000011111100000000000000000001111110000011110000000000000000011
0000000000000000000000000011110110000000001111110000000000000000000000000000000011110000001111111111111000001001110000000000000000000001100000000000111111111111111101111110000001100000000011000100000000111111111101111111101111111111110001111010111111110000000011001000000011111000001100011000010000000011111110110111010111000110011001000000001110011000001111110111001111111111111100000001000000000000000000000001110011001111111111111111111111100110000000110001000000001110011
0000000000000000000111110011111110000000000000000000000000000000000000000000000000000000000000000000000000001000010000000000000000111111100000000000110000000000000000000000000001100001000111000000000000000110000000000000000000000000000001100000000000110000000111000000000000011110001100011000000000000000011110000000000000000111111000000000000000011000001111000000000000000000001100000000000000000000000000000000000011111100000000000000000001111110000011110000000000000000011
1000000000000000000000000000000000000000000000000000000000000000000000000000000000000000000000000000000000000000001110000101110110000000011110100000000000000000000000000000000000000000000000000000000000000000000000000000000000000000000000000000000000001111000000000000000000000000000000000111100000000000000000000000000000000000000000000000000000000111100000000000000000000000000000000000000000000000000000000000000000000000000000000000000000000001111100000000000000000000000
0000000000000000000111110011111110000000000000000000000000000000000000000000000000000000000000000000000000001000010000000000000000111101100000000000110000000000000000000001000001100000000011000000000000000110000000000000000000000000000001100000000000110000000111000000000000011111101100011000000000000000011110000000000000000111111000000000000000011000001111000000000000000000001100000000000000000000000000000000000011111100000000000000000001111110000011110000000000000000011
1111111111111111000000000000000000000000000000000000000000000000000000000000000000000000000000000000000000000000000000000000000000000000000000000000000000000000000000000000000000011100000000101000000000000000000000000000000000000000000000000000000000000000111000110000000000000000000000000000000000000000000000000000000000000000000000000000000000000000000000000000000000000000000000000000000000000000000000000000000000000000000000000000000000000000000000001110000000000000000
0000000000000000000000000011110111111111111111111111111111111111111111111111111111111111111111111111111111111111110000000000000000000001100000000000110000000000000000000000000001100000000011000111111111111110100010000000000000000011110001110100000111110000000011001111101111111000001100011000011111111111111110101000000111000110011001111111111110011000001111100000101000000110001100000001100000000000000000000001110011001110000000100000000111100110000000110001111111111111111
