158.880757093
226.789751053
251.118057966
263.516999006
269.90643096
274.063184977
277.49019599
278.785171986
279.602092981
280.280621052
280.886925936
281.384089947
281.791836977
282.130482912
282.439337969
282.69431901
282.933953047
283.157259941
283.364195108
283.535511971
283.699644089
283.857383013
284.008090973
284.151336908
284.287589073
284.416938066
284.539027929
284.654036999
284.762058973
284.863636971
284.95779109
285.044800043
285.124758005
285.19807291
285.26415801
285.323125124
285.33256793
