0 1 2
3 4 5 6 7 8 9 10 11 12
13 14 15 16 17 18 19 20 21
22 23 24 25 26 27 28 29
22 23 24 25 28 29 30 31 32 33 34 35
36 37 38 39 40 41 42 43 44
45
37 38 43 46 47 48 49 50 51 52 53
37 38 39 43 44 54 55 56 57
29 58 59 60 61 62 63 64
44 65 66 67 68 69 70 71 72 73 74 75 76 77 78 79
22 23 24 25 26 28 29 80 81 82 83 84
3 4 5 6 7 8 9 10 11 12 85 86 87 88 89 90 91 92 93
3 4 6 7 8 9 10 11 12 90 91 92 93 94 95 96 97 98 99 100 101 102 103 104 105 106 107 108 109
11 12 29 44 46 47 49 51 52 62 63 110 111 112 113 114 115 116 117 118 119 120 121 122 123 124 125 126 127 128 129 130 131 132 133 134 135 136 137 138 139 140 141 142 143 144 145 146 147 148 149 150 151 152 153 154 155 156 157 158 159 160 161 162 163 164 165 166
167 168 169 170 171 172 173 174 175 176 177 178
29 37 38 39 43 44 45 62 179 180 181 182 183
25
171 176 177 178 184 185 186 187 188 189 190
53
29 49 51 52 62 132 147 148 150 151 152 153 154 191
192 193
194
53
195 196 197 198
199 200 201
22 23 24 25 26 28 29 80 81 82 83 84
195
13 14 17 21
37 38 39 43 44 202 203 204 205
29 37 38 39 43 44 45 62 179 180 181 182 183
206 207 208
200
195 196 198 209
37 38 43 45 48 49 50 51 52 53 210 211 212 213 214
3 4 5 6 7 8 9 10 11 12
37 38 39 43 44 53 215 216 217
13 14 15 16 17 18 19 20 218
11 12 29 44 46 47 49 51 52 62 63 110 111 112 113 114 117 118 120 121 122 123 124 125 126 127 128 132 133 135 136 137 138 139 140 141 142 143 144 145 146 147 148 149 150 151 152 153 154 155 156 157 158 159 160 161 162 163 164 165 166 214 219 220 221
29 37 38 43 44 48 49 50 51 52 53 62 110 147 150 151 156 194 222 223 224 225 226 227 228 229 230 231
195
3 4 6 11 12 232 233 234
235 236
22 23 24 25 28 29 30 31 32 33 34 35 237
37 38 43 48 49 50 51 52 53 214 238 239 240 241 242 243 244 245
37 38 39 43 44 53 246 247 248 249 250
29 37 38 39 43 44 62 110 156 194 202 203 204 205 224 226 231 251
252 253 254
37 38 43 48 49 50 51 52 53
37 38 39 43 44 53 255 256 257 258 259
260
35
22 23 24 25 28 29 30 31 32 33 34 35
3 4 6 7 8 9 10 11 12 91 93 94 95 96 97 98 99 100 101 102 103 104 105 106 107 108 109 261
195
195 262 263 264 265 266
13 14 16 17 21
29 37 39 43 44 62 179 180 267
35
12 29 49 51 52 62 63 123 124 125 126 127 128 132 136 137 138 139 140 147 148 149 150 151 152 153 154 219 268 269 270
3 4 5 6 7 8 9 10 11 12
9 10
29 62 63 119 120 121 122 123 219 271
195
22 23 24 25 28 29 30 31 33 35
22 23 24 25 26 28 29 80 272 273 274 275 276 277 278 279 280 281
195 196 198 209
58 59 282
283 284 285
13 14 17
22 23 24 25 28 29 286
29 58 59 60 61 62 63 64 282 287 288
29 37 39 43 44 62 179 180 267
11 29 44 62 129 133 134 155 157 158 159 160 161 162 163 164 165 166 259 289 290 291 292 293 294 295 296 297 298 299 300 301 302 303 304
22 23 24 25 26 28 29 80 82 83 84
305 306 307
22 23 24 25 28 29 272
37 38 39 43 44 53 147 148 308 309 310 311 312
37 38 39 43 44 53 259 289 296 303 313
29 49 51 52 62 132 150 151 152 153 154 191
195
29 62 63 123 124 125 126 136 139
314 315 316 317 318
3 4 5 6 7 8 9 10 11 12
53 319 320
321 322
323 324
53 319 325
168 175 176 184 185 186 187 188 189 326 327 328 329 330 331 332 333 334
195 196 198 209
29 39 191
29 37 38 39 43 44 62 179 180 267
22 23 24 25 28 29 335
192 193 283 336 337
252 254
195 338 339 340
195 262 266
37 38 39 43 44 54 55 57 341 342
4 6 11 12 321 322 343 344 345 346 347
199 200
29 44 63 110 156 194 224 231
252 253
22 23 24 25 26 28 29 30 31 32 33 34 35 80 272 286 335 348 349 350 351 352 353 354 355
37 38 39 43 44 53 215 356 357

29 39 63
22 23 24 25 26 28 29 81 82 83 84
3 4 5 6 7 8 9 10 11 12 358 359 360 361 362 363 364 365 366 367
37 38 39 43 44 158 259 289 296 368
11 12 29 44 62 63 110 119 120 121 122 123 124 125 126 127 128 133 135 136 137 139 141 142 143 144 145 155 156 157 158 159 160 161 162 163 164 165 166 219 271 369 370
29 37 38 39 43 44 45 62 179 180 181 182 183
29 49 51 52 62 132 147 148 150 151 152 153 154 191
269
29 132 191
44 65 66 79
22 28 29 62 371 372 373 374 375 376 377 378 379 380 381 382 383 384 385 386 387 388 389 390
37 38 43 48 49 50 51 52 53
11 12 29 44 46 47 49 51 52 62 63 64 110 111 112 113 114 115 116 117 118 122 123 124 125 126 127 128 130 131 132 133 134 135 136 137 138 139 140 141 142 143 144 145 146 147 148 149 150 151 152 153 154 155 156 157 158 159 160 161 162 163 164 165 166 219 231 270 391 392
3 4 6 7 8 9 10 11 12 91 93 94 95 96 97 98 99 100 101 102 103 104 105 106 107 108 109 261
195
393 394 395 396
192 193 283 397 398 399
3 4 6 7 8 9 10 11 12 90 91 92 93 94 95 96 97 98 99 100 101 102 103 104 105 106 107 108 109
37 38 39 43 44 53 255 256 257 258 259
400 401 402
323 324
53 319 325
3 4 6 7 8 9 10 11 12 90 91 92 93 94 95 96 97 98 99 100 101 102 103 104 106 107 108 109 403
22 23 24 25 26 28 29 80 81 82 83 84
124 125 126 136 139 322
44 404 405 406 407 408 409
195 262 263 264 266 410
35 53 319 320 325 411
412 413
22 28 29 62 371 372 373 374 375 376 377 378 379 380 381 382 383 384 385 387 388 389 390 414
415 416
29 37 39 43 44 62 179 180 267
37 38 39 43 44 53 255 256 257 258 259
22 23 24 25 26 27 28 29
22 23 24 25 28 29 30 31 32 33 34 35
58 59 282 417
29 37 38 39 43 44 62 110 156 194 202 203 204 205 224 226 231 251
13 14 15 16 17 285
37 38 39 43 44 53 418 419 420
29 37 38 39 43 44 53 62 110 156 194 224 226 231 251 314 315 316 317 318 421 422 423 424
44 425 426 427
22 28 29 428 429
393 394 430 431
305 306 307
0 1 2
199 200 201 432
37 38 43 48 49 50 51 52 53 214 433 434 435 436 437 438
13 14 17 285
44 309 439 440 441 442 443
13 14 17 285 444
35 53 319 325 411
29 62 63 120 121 122 123
22 23 24 25 28 29 351
44 426 427 445
195 196 198 209
11 12 29 44 46 47 49 51 52 62 63 110 111 112 113 114 115 116 117 118 122 123 124 125 126 127 128 130 131 132 133 134 135 136 137 138 139 140 141 142 143 144 145 146 147 148 149 150 151 152 153 154 155 156 157 158 159 160 161 162 163 164 165 166 191 219 231 270 271 391 392 446 447
37 38 39 43 44 53 259 448 449 450
29 37 39 43 44 62 179 180 267
37 38 43 48 49 50 51 52 53 152 214 221
29 58 59 60 61 62 63 64 287 288
37 38 39 43 44 53 65 66 70 451
29 37 39 43 44 62 110 156 194 224 226 231 251 308 309 310
29 58 59 60 61 63 452
110 393 394 453 454
455 456 457 458
29 37 38 43 44 48 49 50 51 52 53 62 110 147 152 156 194 214 224 226 227 228 229 230 231
292 293 295 459 460

37 38 43 48 49 50 51 52 53 150 151 214 221
292 295 459
12 29 49 51 52 62 63 123 124 125 126 127 128 132 136 137 138 139 140 147 148 149 150 151 152 153 154 322 461
29 58 60 61 63 462
195 262 263 264 265 266 410
37 38 39 43 44 53 463 464 465 466
35 53 319 320 325 411
179 180
37 38 43 45 48 49 50 51 52 53 210 211 212 213 214
22 23 24 25 28 29 30 31 32
11 12 29 44 62 63 110 119 123 124 125 126 127 128 133 135 136 137 139 143 144 145 155 156 157 158 159 160 161 162 163 164 165 166 271 322 344 461
37 38 39 43 44 202 203 204 205
29 62 179 180
11 12 29 44 46 47 49 51 52 62 63 110 111 112 113 114 115 116 117 118 122 123 124 125 126 127 128 130 131 132 133 134 135 136 137 138 139 140 141 142 143 144 145 146 147 148 149 150 151 152 153 154 155 156 157 158 159 160 161 162 163 164 165 166 219 231 270 391 392
236 467
3 4 5 6 7 8 9 10 11 12
171 176 177 178 468 469 470 471 472 473 474 475
200 476
13 14 15 16 17 18 19 20 21
37 38 39 43 44 53 477 478 479
480 481
37 38 39 43 44 53 255 256 257 258 259
22 28 29 62 371 372 373 374 375 376 377 378 379 380 381 382 383 384 385 387 388 389 390 414
37 38 39 43 44 54 55 482 483
305 306 307
29 44 62 63 110 135 143 144 145 155 156 158 166 194 224 231
22 23 24 25 26 27 28 29
44 309 439 440 441 442 443
13 14 17 444 484
8
13 14 15 16 17 21
485 486 487
22 23 24 25 26 28 29 80 81 82 83 84
35
200 206 207 208
35 53 319 325 411
3 4 5 6 7 8 9 10 11 12 44 91 93 155 157 158 159 160 161 162 163 261 267 488 489 490 491 492 493 494
22 23 24 25 28 29 30 31 32 33 34 35
13 14 15 16 17 18 19 20 21
22 23 24 25 28 29 30 31 32
22 23 24 25 28 29 30 31 32
13 14 15 16 17 18 19 20 218
13 14 15 16 17 18 218
13 14 17 444 484
