11.1864261627
18.6450080872
25.2162251472
30.2752029896
34.5965161324
37.7022180557
39.9602890015
41.6998569965
43.2768371105
44.5033020973
45.5957791805
46.3288161755
47.0194289684
47.6084640026
48.0775279999
48.5594501495
48.9848470688
49.3523621559
49.6084430218
49.837157011
50.036937952
50.2043349743
50.3317301273
50.447685957
50.5525150299
50.6453061104
50.7261431217
50.7903900146
50.8423440456
50.8938529491
50.9357600212
50.967813015
50.9932949543
51.0167729855
51.0385460854
51.0586571693
51.076677084
51.0940949917
51.0966320038
