654 781 782 785 787 6354 6355 6356 6359 6360 6363 6364 6365 6366 6367 6368 6375 6377 6378
781 782 785 787 836 838 1480 1481 1482 1486 1487 1489 1490 1491 1492 1493 1494 1495 1496 1497 1499 1511 1512
1217 1218 1219 1220 1221 1222 1223 1224 1225 1227 1230 1231 1232 1233 1234 1235 1236 1237 1238 1239 1243 1249 1250 1251 1252 1253 1254
1480 1481 1482 1486 1487 1489 1490 1491 1492 1493 1494 1495 1496 1497 1499 1511 1512
778 924 926 929 930 931
619 621 657 658 659 743 745 781 782 785 787 796 798 799 800 803 908 909 910 988 990 999 1001 1002 1005 1007 1010 1012 1015 1017 1020 1022 1040 1041 1069 1071 1072 1074 1077 1078 1101 1103 1104 5779 5782 5785 5792 5793 5796 5798 5799 5801 5806 5813 5814 5815 5816 5886 5887 5888 5889 5890 5913 5915 5916 5919 5920 5921 5925 5939 5940 5941 5962 5963 5964 5965 5966 5967 5968 5971 5975 5977 5981 5982 5983 5986 5987 5988 5991 5992 5994 5997 5998 5999 6002 6482 6484 6565 6569 6589 6590 6591 6592 6593 6594 6595 6597 6603 6604 6605 6606 6609 6610 6611 6612 6613 6619 6620 6621 6622 6623 6626 6628 6629 6632 6634 6637 6639 6641 6642 6643 6644 6646 6648 6649 6650 6651 6655 6656 6657 6660 6678 6679 6682 6684 6687 6688 6692
619 621 657 658 659 743 745 781 782 785 787 796 798 803 988 990 999 1001 1002 1005 1007 1010 1012 1015 1017 1020 1022 1069 1071 1072 1074 1077 1078 1081 1082 1097 1098 1101 1103 1104 1107 1108 1332 1333 1334 1335 1336 1339 1341 1686 1687 1688 1689 1690 1709 1710 1711 1714 5769 5770 5773 5774 5775 5776 5779 5782 5785 5792 5793 5796 5798 5799 5801 5806 5813 5814 5815 5816 5886 5887 5888 5889 5890 5913 5915 5916 5919 5920 5921 5925 5928 5929 5930 5931 5934 5935 5936 5981 5982 5983 5986 5987 5988 5991 5992 5994 5997 5998 5999 6002 6005 6006 6007 6010 6068 6069 6070 6071 6072 6079 6080 6083 6084 6279 6280 6482 6484 6565 6569 6619 6620 6621 6622 6623 6626 6628 6629 6632 6634 6663 6665 6666 6669 6671 6674 6675 6682 6684 6687 6688 6692
2380 2381 2382 2385 2387 2388 2391
778
496 497 576 578 579 614 616 624 626 627
1353 1355 1356 1357 1361 1362 1439 1440 1441 1442 1445 1446 1449 1451 1452 1453 1454 1460 1461 3372 3373 3374 3375 3439 3443 3444 3445 3448 3451 3715 3716 3717 3718 3719 3720 3723 3727 3728 3729 3731 3736 3738 3739 4399 4405 4406 4407 4408 4409 4410 4412 4420 4422 4423 4429 4430 4431 4432 4434 4435 4439 4440 4442 4443 4516 4525 4526 4527 4528 4529 4530 4531 4532 4533 4535 4536 4539 4541 4544 4546 4549 4551 4552 4553 4554 4555 4556 4557 4610 4612 4615 4617 4700 4701 4702 4703 4704 4707 4709 4903 4907 4908 4909 4910 4911 4912 4932 4934 4935 4936 4937 4945 4947 4948 4950 4952 4955 4957 4958 4961 4963 4964 4967 4969 5010 5012 5013 5017 5045 5047 5048 5051 5052 5054 5055 5056 5057 5191 5193 5196 5198 5201 5215 5217 5218 5221 5223 5236 5238 5239 5241 5246 5249 5250 5252 5253 5254 5255 5262 5263 5264 5265 5266 5267 5268 5269 5270 5271 5275 5276 5277 5283 5285 5286 5287 5288 5289 5290 5291 5292 5297 5298 5299 5302 5303 5416 5417 5420 5421 5549 5550 5551 5554 5556 5557 5560 5562 5563 5566 5567 5568 5570 6050 6052 6053 6055 6354 6355 6356 6359 6360 6363 6364 6365 6366 6367 6368 6375 6377 6378 6473 6475 6476
1353 1355 1356 1357 1361 1362 1395 1396 1397 1398 1400 1403 1404 1405 1406 1407 1408 1409 1411 1412 1413 1414 1415 1417 1439 1440 1441 1442 1445 1446 1449 1451 1452 1453 1454 1460 1461 3372 3373 3374 3375 3439 3443 3444 3445 3448 3451 3715 3716 3717 3718 3719 3720 3723 3727 3728 3729 3731 3736 3738 3739 4399 4405 4406 4407 4408 4409 4410 4412 4420 4422 4423 4429 4430 4431 4432 4434 4435 4439 4440 4442 4443 4516 4525 4526 4527 4528 4529 4530 4531 4532 4533 4535 4536 4539 4541 4544 4546 4549 4551 4552 4553 4554 4555 4556 4557 4700 4701 4702 4703 4704 4723 4725 4733 4735 4903 4907 4908 4909 4910 4911 4912 4921 4923 4945 4947 4948 4950 4952 4955 4957 4958 4961 4963 4964 4967 4969 4987 4989 5002 5003 5006 5007 5045 5047 5048 5051 5052 5054 5055 5056 5057 5066 5067 5068 5191 5193 5196 5198 5201 5215 5217 5218 5236 5238 5239 5241 5246 5249 5250 5252 5253 5254 5255 5262 5263 5264 5265 5266 5267 5268 5269 5270 5271 5275 5276 5277 5283 5285 5286 5287 5288 5289 5290 5291 5292 5297 5298 5299 5302 5303 5416 5417 5420 5421 5549 5550 5551 5554 5556 5557 5560 5562 5563 5566 5567 5568 5570 6050 6052 6053 6055 6473 6475 6476
1635 1636 1637 1641 1642 1644 1648 1650 1652 1653 1659 1664 1665 1666 1667 1668
619 621 657 658 659 743 745 781 782 785 787 796 798 803 988 990 1005 1007 1010 1012 1015 1017 1020 1022 1069 1071 1072 1074 1077 1078 1081 1082 1101 1103 1104 1290 1291 1292 1293 1296 1297 1299 1300 1301 1332 1333 1334 1335 1336 1337 1339 1341 1686 1687 1688 1689 1690 1706 1707 1708 1709 1710 1711 1714 5764 5765 5766 5769 5770 5773 5774 5775 5776 5779 5782 5785 5792 5793 5796 5798 5799 5801 5806 5813 5814 5815 5816 5886 5887 5888 5889 5890 5913 5915 5916 5919 5920 5921 5925 5928 5931 5934 5935 5936 5981 5982 5983 5986 5987 5988 5991 5992 5994 5997 5998 5999 6002 6068 6069 6070 6071 6072 6079 6080 6083 6084 6205 6207 6216 6217 6218 6219 6222 6224 6225 6226 6229 6231 6243 6245 6246 6247 6250 6252 6253 6254 6265 6266 6267 6270 6279 6280 6482 6484
1353 1355 1356 1357 1361 1362 1439 1440 1441 1442 1445 1446 1449 1451 1452 1453 1454 1460 1461 3372 3373 3374 3375 3439 3443 3444 3445 3448 3451 3715 3716 3717 3718 3719 3720 3723 3727 3728 3729 3731 3736 3738 3739 4399 4405 4406 4407 4408 4409 4410 4412 4420 4422 4423 4429 4430 4431 4432 4434 4435 4439 4440 4442 4443 4516 4525 4526 4527 4528 4529 4530 4531 4532 4533 4535 4536 4539 4541 4544 4546 4549 4551 4552 4553 4554 4555 4556 4557 4610 4612 4615 4617 4700 4701 4702 4703 4704 4707 4709 4718 4720 4826 4828 4903 4907 4908 4909 4910 4911 4912 4921 4923 4945 4947 4948 4950 4952 4955 4957 4958 4961 4963 4964 4967 4969 4997 4999 5002 5003 5006 5007 5045 5047 5048 5051 5052 5054 5055 5056 5057 5066 5067 5068 5191 5193 5196 5198 5201 5215 5217 5218 5236 5238 5239 5241 5246 5249 5250 5252 5253 5254 5255 5262 5263 5264 5265 5266 5267 5268 5269 5270 5271 5275 5276 5277 5283 5285 5286 5287 5288 5289 5290 5291 5292 5297 5298 5299 5302 5303 5416 5417 5420 5421 5549 5550 5551 5554 5556 5557 5560 5562 5563 5566 5567 5568 5570 5779 5782 5785 5792 5793 5796 5798 5799 5801 5806 5813 5814 5815 5816 5886 5887 5888 5889 5890 5913 5915 5916 5919 5920 5921 5925 5928 5931 5932 5933 5962 5963 5964 5965 5966 5967 5968 5971 5975 5977 5981 5982 5983 5986 5987 5988 5991 5992 5994 5997 5998 5999 6002 6050 6052 6053 6055 6205 6207 6216 6217 6218 6219 6222 6224 6225 6226 6229 6231 6243 6245 6246 6247 6257 6258 6259 6265 6266 6267 6270 6473 6475 6476 6482 6484
1353 1355 1356 1357 1361 1362 1439 1440 1441 1442 1445 1446 1449 1451 1452 1453 1454 1460 1461 3372 3373 3374 3375 3439 3443 3444 3445 3448 3451 3715 3716 3717 3718 3719 3720 3723 3727 3728 3729 3731 3736 3738 3739 4399 4405 4406 4407 4408 4409 4410 4412 4420 4422 4423 4429 4430 4431 4432 4434 4435 4439 4440 4442 4443 4516 4525 4526 4527 4528 4529 4530 4531 4532 4533 4535 4536 4539 4541 4544 4546 4549 4551 4552 4553 4554 4555 4556 4557 4700 4701 4702 4703 4704 4903 4907 4908 4909 4910 4911 4912 4945 4947 4948 4950 4952 4955 4957 4958 4961 4963 4964 4967 4969 4972 4974 4975 4976 4977 4978 4979 4980 4981 4982 4983 4984 5045 5047 5048 5051 5052 5054 5055 5056 5057 5066 5067 5068 5191 5193 5196 5198 5201 5215 5217 5218 5236 5238 5239 5241 5246 5249 5250 5252 5253 5254 5255 5262 5263 5264 5265 5266 5267 5268 5269 5270 5271 5275 5276 5277 5283 5285 5286 5287 5288 5289 5290 5291 5292 5297 5298 5299 5302 5303 5416 5417 5420 5421 5549 5550 5551 5554 5556 5557 5560 5562 5563 5566 5567 5568 5570 6050 6052 6053 6055 6473 6475 6476
2380 2381 2382 2385 2387 2388 2389
1439 1440 1441 1442 1445 1446 1449 1451 1452 1453 1454 1460 1461 3142 3143 3372 3373 3374 3375 3439 3443 3444 3445 3448 3451 3455 3456 3457 3458 3460 3462 3715 3716 3717 3718 3719 3720 3723 3727 3728 3729 3731 3732 3736 3738 3741 3784 3785 3786 3794 3796 3797 3798 3799 3800 3803 3805 4399 4405 4406 4407 4408 4409 4410 4412 5159 5160 5161 5162 5166 5170 5172 5175 5176 5177 5196 5198 5199 5215 5217 5218 5236 5238 5239 5241 5246 5249 5250 5252 5253 5254 5255 5262 5263 5264 5265 5266 5267 5268 5269 5270 5271 5275 5276 5277 5283 5285 5286 5287 5288 5289 5290 5291 5292 5297 5298 5299 5302 5303 5306 5308 5309 5311 5312 5314 5315 5316 5318 5319 5323 5324 5327 5329 5330 5333 5338 5339 5340 5344 5345 5346 5348 5363 5365 5366 5369 5371 5372 5416 5417 5420 5421 5549 5550 5551 5554 5556 5557 5560 5562 5563 5566 5567 5568 5570 6469 6470 6711 6712 6715 6716 6717 6718
1635 1636 1637 1641 1642 1644 1648 1650 1652 1653 1659 1664 1665 1666 1667 1668
1480 1481 1482 1486 1487 1489 1490 1491 1492 1493 1494 1495 1496 1497 1499 1506 1507 1508 1511 1512 4700 4701 4702 4703 4704 4707 4709 4748 4750 4778 4779 4780 4782
778 2601 2604 2605 2606 2609 2610 2611 2638 2639 2651 2652 2653
2601 2609 2610 2611 2623 2624 2625 2638 2639 2642 2643 2644 2645 2646 2648 2651 2652 2653
1353 1355 1356 1357 1361 1362 1439 1440 1441 1442 1445 1446 1449 1451 1452 1453 1454 1460 1461 3372 3373 3374 3375 3439 3443 3444 3445 3448 3451 3715 3716 3717 3718 3719 3720 3723 3727 3728 3729 3731 3736 3738 3739 4399 4405 4406 4407 4408 4409 4410 4412 4420 4422 4423 4429 4430 4431 4432 4434 4435 4439 4440 4442 4443 4516 4525 4526 4527 4528 4529 4530 4531 4532 4533 4535 4536 4539 4541 4544 4546 4549 4551 4552 4553 4554 4555 4556 4557 4610 4612 4615 4617 4700 4701 4702 4703 4704 4707 4709 4718 4720 4826 4828 4903 4907 4908 4909 4910 4911 4912 4921 4923 4945 4947 4948 4950 4952 4955 4957 4958 4961 4963 4964 4967 4969 4997 4999 5002 5003 5006 5007 5045 5047 5048 5051 5052 5054 5055 5056 5057 5066 5067 5068 5191 5193 5196 5198 5201 5215 5217 5218 5236 5238 5239 5241 5246 5249 5250 5252 5253 5254 5255 5262 5263 5264 5265 5266 5267 5268 5269 5270 5271 5275 5276 5277 5283 5285 5286 5287 5288 5289 5290 5291 5292 5297 5298 5299 5302 5303 5416 5417 5420 5421 5549 5550 5551 5554 5556 5557 5560 5562 5563 5566 5567 5568 5570 5779 5782 5785 5792 5793 5796 5798 5799 5801 5806 5813 5814 5815 5816 5886 5887 5888 5889 5890 5913 5915 5916 5919 5920 5921 5925 5939 5940 5941 5962 5963 5964 5965 5966 5967 5968 5971 5975 5977 5981 5982 5983 5986 5987 5988 5991 5992 5994 5997 5998 5999 6002 6050 6052 6053 6055 6205 6207 6216 6217 6218 6219 6222 6224 6225 6226 6229 6231 6234 6236 6239 6257 6258 6259 6265 6266 6267 6270 6473 6475 6476 6482 6484
2601 2628 2629 2630 2638 2639 2642 2643 2644 2645 2646 2648
778
2601 2609 2610 2611 2614 2615 2616 2638 2639 2651 2652 2653
1353 1355 1356 1357 1361 1362 1439 1440 1441 1442 1445 1446 1449 1451 1452 1453 1454 1460 1461 3372 3373 3374 3375 3393 3394 3395 3439 3443 3444 3445 3448 3451 3715 3716 3717 3718 3719 3720 3723 3727 3728 3729 3731 3736 3738 3739 4399 4405 4406 4407 4408 4409 4410 4412 4420 4422 4423 4429 4430 4431 4432 4434 4435 4439 4440 4442 4443 4451 4453 4454 4455 4456 4516 4525 4526 4527 4528 4529 4530 4531 4532 4533 4535 4536 4539 4541 4544 4546 4549 4551 4552 4553 4554 4555 4556 4557 4700 4701 4702 4703 4704 4813 4815 4816 4817 4818 4903 4907 4908 4909 4910 4911 4912 4921 4923 4945 4947 4948 4950 4952 4955 4957 4958 4961 4963 4964 4967 4969 4987 4989 5002 5003 5006 5007 5045 5047 5048 5051 5052 5054 5055 5056 5057 5066 5067 5068 5191 5193 5196 5198 5201 5215 5217 5218 5236 5238 5239 5241 5246 5249 5250 5252 5253 5254 5255 5262 5263 5264 5265 5266 5267 5268 5269 5270 5271 5275 5276 5277 5283 5285 5286 5287 5288 5289 5290 5291 5292 5297 5298 5299 5302 5303 5363 5365 5366 5369 5371 5372 5416 5417 5420 5421 5549 5550 5551 5554 5556 5557 5560 5562 5563 5566 5567 5568 5570 6050 6052 6053 6055 6473 6475 6476
781 782 785 787 831 833 836 838 1480 1481 1482 1486 1487 1489 1490 1491 1492 1493 1494 1495 1496 1497 1499 1506 1507 1508 1511 1512

1439 1440 1441 1442 1445 1446 1449 1451 1452 1453 1454 1460 1461 3455 3456 3457 3458 3460 3462 5155 5156 5159 5160 5161 5162 5166 5170 5172 5175 5176 5177 5215 5217 5218 5236 5238 5239 5241 5246 5249 5275 5276 5277 5283 5285 5286 5287 5288 5289 5290 5291 5292 5297 5298 5299 5302 5303 5306 5308 5309 5311 5312 5314 5315 5316 5318 5319 5323 5324 5327 5329 5330 5333 5338 5339 5340 5344 5345 5346 5348 5363 5365 5366 5369 5371 5372 5407 5408 5409 5549 5550 5551 6469 6470
1480 1481 1482 1486 1487 1489 1490 1491 1492 1493 1494 1495 1496 1497 1499 1506 1507 1508 1511 1512
1353 1355 1356 1357 1361 1362 1439 1440 1441 1442 1445 1446 1449 1451 1452 1453 1454 1460 1461 3372 3373 3374 3375 3439 3443 3444 3445 3448 3451 3715 3716 3717 3718 3719 3720 3723 3727 3728 3729 3731 3736 3738 3739 4399 4405 4406 4407 4408 4409 4410 4412 4420 4422 4423 4429 4430 4431 4432 4434 4435 4439 4440 4442 4443 4516 4525 4526 4527 4528 4529 4530 4531 4532 4533 4535 4536 4539 4541 4544 4546 4549 4551 4552 4553 4554 4555 4556 4557 4700 4701 4702 4703 4704 4808 4810 4903 4907 4908 4909 4910 4911 4912 4921 4923 4945 4947 4948 4950 4952 4955 4957 4958 4961 4963 4964 4967 4969 4987 4989 5002 5003 5006 5007 5045 5047 5048 5051 5052 5054 5055 5056 5057 5066 5067 5068 5191 5193 5196 5198 5201 5215 5217 5218 5236 5238 5239 5241 5246 5249 5250 5252 5253 5254 5255 5262 5263 5264 5265 5266 5267 5268 5269 5270 5271 5275 5276 5277 5283 5285 5286 5287 5288 5289 5290 5291 5292 5297 5298 5299 5302 5303 5416 5417 5420 5421 5549 5550 5551 5554 5556 5557 5560 5562 5563 5566 5567 5568 5570 6050 6052 6053 6055 6473 6475 6476
657 658 659 690 692 700 702 743 745 781 782 785 787 999 1001 1002 1005 1007 1097 1098 1101 1103 1104 1107 1108 5779 5782 5886 5887 5888 5889 5890 5893 5895 5896 5898 5913 5915 5916 5919 5920 5921 5922 5923 5997 5998 5999 6002 6565 6569 6619 6620 6621 6622 6623 6626 6628 6629 6682 6684 6687 6688 6690
1217 1218 1219 1220 1221 1222 1223 1224 1225 1227 1230 1231 1232 1233 1234 1235 1236 1237 1238 1239 1243 1249 1250 1251 1252 1253 1254 1256
619 621 657 658 659 743 745 781 782 785 787 796 798 803 988 990 1005 1007 1010 1012 1015 1017 1020 1022 1069 1071 1072 1074 1077 1078 1081 1082 1097 1098 1101 1103 1104 1107 1108 1332 1333 1334 1341 5773 5774 5775 5776 5779 5782 5785 5792 5793 5796 5798 5799 5801 5806 5813 5814 5815 5816 5886 5887 5888 5889 5890 5913 5915 5916 5919 5920 5921 5925 5928 5931 5934 5935 5936 5981 5982 5983 5986 5987 5988 5991 5992 5994 5997 5998 5999 6002 6482 6484 6565 6569 6619 6620 6621 6622 6623 6626 6628 6629 6632 6634 6663 6665 6666 6669 6671 6674 6675 6682 6684 6687 6688 6692
778 919 921 944 945 946
2601 2623 2624 2625 2638 2639 2642 2643 2644 2648
1353 1355 1356 1357 1361 1362 1439 1440 1441 1442 1445 1446 1449 1451 1452 1453 1454 1460 1461 3252 3253 3260 3261 3264 3265 3266 3267 3372 3373 3374 3375 3393 3394 3397 3398 3399 3401 3439 3443 3444 3445 3448 3451 3715 3716 3717 3718 3719 3720 3723 3727 3728 3729 3731 3736 3738 3739 4399 4405 4406 4407 4408 4409 4410 4412 4420 4422 4423 4429 4430 4431 4432 4434 4435 4439 4440 4442 4443 4451 4453 4454 4455 4456 4457 4458 4459 4460 4462 4463 4464 4516 4525 4526 4527 4528 4529 4530 4531 4532 4533 4535 4536 4539 4541 4544 4546 4549 4551 4552 4553 4554 4555 4556 4557 4700 4701 4702 4703 4704 4903 4907 4908 4909 4910 4911 4912 4921 4923 4945 4947 4948 4950 4952 4955 4957 4958 4961 4963 4964 4967 4969 4987 4989 5002 5003 5006 5007 5020 5022 5023 5025 5027 5028 5029 5030 5031 5034 5037 5038 5039 5040 5041 5042 5051 5052 5054 5055 5056 5057 5066 5067 5068 5191 5193 5196 5198 5201 5215 5217 5218 5236 5238 5239 5241 5246 5249 5250 5252 5253 5254 5255 5262 5263 5264 5265 5266 5267 5268 5269 5270 5271 5275 5276 5277 5283 5285 5286 5287 5288 5289 5290 5291 5292 5297 5298 5299 5302 5303 5363 5365 5366 5369 5371 5372 5416 5417 5420 5421 5549 5550 5551 5554 5556 5557 5560 5562 5563 5566 5567 5568 5570 6050 6052 6053 6055 6473 6475 6476
619 621 657 658 659 743 745 781 782 785 787 796 798 803 988 990 1005 1007 1010 1012 1015 1017 1020 1022 1069 1071 1072 1074 1077 1078 1081 1082 1097 1098 1101 1103 1104 1107 1108 5769 5770 5773 5774 5775 5776 5779 5782 5785 5792 5793 5796 5798 5799 5801 5806 5813 5814 5815 5816 5886 5887 5888 5889 5890 5913 5915 5916 5919 5920 5921 5925 5928 5931 5932 5933 5962 5963 5964 5965 5966 5967 5968 5971 5975 5977 5981 5982 5983 5986 5987 5988 5991 5992 5994 5997 5998 5999 6002 6482 6484 6565 6569 6619 6620 6621 6622 6623 6626 6628 6629 6632 6634 6663 6665 6666 6678 6679 6682 6684 6687 6688 6692
657 658 659 690 692 700 702 743 745 781 782 785 787 999 1001 1002 1005 1007 1097 1098 1101 1103 1104 1107 1108 5779 5782 5886 5887 5888 5889 5890 5893 5895 5896 5898 5913 5915 5916 5919 5920 5921 5922 5923 5997 5998 5999 6002 6565 6569 6619 6620 6621 6622 6623 6626 6628 6629 6682 6684 6687 6688 6692
781 782 785 787 6354 6355 6356 6359 6360 6363 6364 6365 6366 6367 6372 6375 6377 6380
778 781 782 785 787 790 792 793
778 888 890 898 899 900
1376 1377 1378 1379 1381 1635 1636 1637 1641 1642 1644 1648 1650 1652 1655 1656 1659 1664 1665 1666 1667 1668
1217 1218 1219 1220 1221 1222 1223 1224 1225 1227 1230 1231 1232 1233 1234 1235 1236 1237 1238 1239 1243 1249 1250 1251 1252 1253
619 621 657 658 659 743 745 781 782 785 787 796 798 803 988 990 1005 1007 1010 1012 1013 1015 1017 1020 1022 1069 1071 1072 1074 1097 1098 1101 1103 1104 1107 1108 5779 5782 5785 5792 5793 5796 5798 5799 5801 5806 5813 5814 5815 5816 5886 5887 5888 5889 5890 5913 5915 5916 5919 5920 5921 5925 5928 5931 5932 5933 5939 5940 5941 5962 5963 5964 5965 5966 5967 5968 5971 5975 5977 5981 5982 5983 5984 5986 5987 5988 5991 5992 5994 5997 5998 5999 6000 6002 6482 6484 6565 6569 6589 6590 6591 6592 6593 6594 6595 6597 6603 6604 6605 6606 6619 6620 6621 6622 6623 6626 6628 6629 6632 6634 6637 6639 6641 6642 6643 6644 6646 6648 6655 6656 6657 6660 6663 6665 6666 6678 6679 6682 6684 6687 6688 6692
619 621 657 658 659 743 745 781 782 785 787 796 798 803 988 990 1005 1007 1010 1012 1015 1017 1020 1022 1069 1071 1072 1074 1097 1098 1101 1103 1104 1107 1108 5779 5782 5785 5792 5793 5796 5798 5799 5801 5806 5813 5814 5815 5816 5886 5887 5888 5889 5890 5913 5915 5916 5919 5920 5921 5925 5928 5931 5932 5933 5962 5963 5964 5965 5966 5967 5968 5971 5975 5977 5981 5982 5983 5986 5987 5988 5991 5992 5994 5997 5998 5999 6002 6205 6207 6216 6217 6218 6219 6222 6224 6225 6226 6229 6231 6243 6245 6246 6247 6257 6258 6259 6265 6266 6267 6270 6482 6484
1353 1355 1356 1357 1361 1362 1439 1440 1441 1442 1445 1446 1449 1451 1452 1453 1454 1460 1461 3372 3373 3374 3375 3439 3443 3444 3445 3448 3451 3715 3716 3717 3718 3719 3720 3723 3727 3728 3729 3731 3736 3738 3739 4399 4405 4406 4407 4408 4409 4410 4412 4420 4422 4423 4429 4430 4431 4432 4434 4435 4439 4440 4442 4443 4516 4525 4526 4527 4528 4529 4530 4531 4532 4533 4535 4536 4539 4541 4544 4546 4549 4551 4552 4553 4554 4555 4556 4557 4700 4701 4702 4703 4704 4707 4709 4712 4714 4715 4903 4907 4908 4909 4910 4911 4912 4915 4917 4918 4921 4923 4945 4947 4948 4950 4952 4955 4957 4958 4961 4963 4964 4967 4969 4987 4989 5002 5003 5006 5007 5045 5047 5048 5051 5052 5054 5055 5056 5057 5066 5067 5068 5191 5193 5196 5198 5201 5215 5217 5218 5221 5223 5236 5238 5239 5241 5246 5249 5250 5252 5253 5254 5255 5262 5263 5264 5265 5266 5267 5268 5269 5270 5271 5275 5276 5277 5283 5285 5286 5287 5288 5289 5290 5291 5292 5297 5298 5299 5302 5303 5416 5417 5420 5421 5549 5550 5551 5554 5556 5557 5560 5562 5563 5566 5567 5568 5570 6025 6026 6029 6031 6032 6050 6052 6053 6055 6354 6355 6356 6359 6360 6363 6364 6365 6366 6367 6368 6375 6377 6378 6473 6475 6476 6711 6712 6715 6716 6717 6718 6721 6723
619 621 657 658 659 743 745 781 782 785 787 796 798 799 800 803 908 909 910 999 1001 1002 1005 1007 1010 1012 1013 1015 1017 1020 1022 1040 1041 1069 1071 1072 1074 1077 1078 1081 1082 1097 1098 1101 1103 1104 1107 1108 5779 5782 5785 5792 5793 5796 5798 5799 5801 5802 5813 5814 5815 5819 5820 5824 5825 5827 5837 5843 5844 5845 5849 5855 5856 5862 5867 5869 5886 5887 5888 5889 5890 5913 5915 5916 5919 5920 5921 5925 5939 5940 5941 5962 5963 5964 5965 5966 5967 5968 5971 5975 5977 5981 5982 5983 5984 5997 5998 5999 6002 6482 6484 6565 6569 6589 6590 6591 6592 6593 6594 6595 6597 6603 6604 6605 6606 6619 6620 6621 6622 6623 6626 6628 6629 6632 6634 6637 6639 6641 6642 6643 6644 6646 6648 6655 6656 6657 6660 6678 6679 6682 6684 6687 6688 6692
1217 1218 1219 1220 1227 1230 1231 1232 1233 1234 1243
1353 1355 1356 1357 1361 1362 1439 1440 1441 1442 1445 1446 1449 1451 1452 1453 1454 1460 1461 3372 3373 3374 3375 3439 3443 3444 3445 3448 3451 3715 3716 3717 3718 3719 3720 3723 3727 3728 3729 3731 3736 3738 3739 4399 4405 4406 4407 4408 4409 4410 4412 4420 4422 4423 4429 4430 4431 4432 4434 4435 4439 4440 4442 4443 4516 4525 4526 4527 4528 4529 4530 4531 4532 4533 4535 4536 4539 4541 4544 4546 4549 4551 4552 4553 4554 4555 4556 4557 4610 4612 4615 4617 4700 4701 4702 4703 4704 4707 4709 4718 4720 4826 4828 4903 4907 4908 4909 4910 4911 4912 4921 4923 4945 4947 4948 4950 4952 4955 4957 4958 4961 4963 4964 4967 4969 4997 4999 5002 5003 5006 5007 5045 5047 5048 5051 5052 5054 5055 5056 5057 5066 5067 5068 5191 5193 5196 5198 5201 5215 5217 5218 5236 5238 5239 5241 5246 5249 5250 5252 5253 5254 5255 5262 5263 5264 5265 5266 5267 5268 5269 5270 5271 5275 5276 5277 5283 5285 5286 5287 5288 5289 5290 5291 5292 5297 5298 5299 5302 5303 5416 5417 5420 5421 5549 5550 5551 5554 5556 5557 5560 5562 5563 5566 5567 5568 5570 5748 5749 5750 5751 5752 5779 5782 5785 5792 5793 5796 5798 5799 5801 5806 5813 5814 5815 5816 5886 5887 5888 5889 5890 5913 5915 5916 5919 5920 5921 5925 5939 5940 5941 5962 5963 5964 5965 5966 5967 5968 5971 5975 5977 5981 5982 5983 5986 5987 5988 5991 5992 5994 5997 5998 5999 6002 6050 6052 6053 6055 6473 6475 6476 6482 6484 6511 6512 6513 6514 6529 6530 6533 6534 6541 6542 6565 6569 6589 6590 6591 6592 6593 6594 6595 6597 6603 6604 6605 6606 6619 6620 6621 6622 6623 6626 6628 6629 6632 6634 6637 6639 6641 6642 6643 6644 6646 6648 6655 6660 6678 6679 6682 6684 6687 6688 6692
1368 1369 1370 1371 1373 1376 1377 1378 1379 1381
2601 2638 2639
1480 1481 1482 1486 1487 1489 1490 1491 1492 1493 1494 1495 1496 1497 1499 1511 1512
1353 1355 1356 1357 1361 1362 1395 1396 1397 1398 1400 1403 1404 1405 1406 1407 1408 1409 1411 1412 1413 1414 1415 1417 1439 1440 1441 1442 1445 1446 1449 1451 1452 1453 1454 1460 1461 3372 3373 3374 3375 3439 3443 3444 3445 3448 3451 3715 3716 3717 3718 3719 3720 3723 3727 3728 3729 3731 3736 3738 3739 4399 4405 4406 4407 4408 4409 4410 4412 4420 4422 4423 4429 4430 4431 4432 4434 4435 4439 4440 4442 4443 4516 4525 4526 4527 4528 4529 4530 4531 4532 4533 4535 4536 4539 4541 4544 4546 4549 4551 4552 4553 4554 4555 4556 4557 4700 4701 4702 4703 4704 4723 4725 4733 4735 4738 4740 4741 4742 4792 4794 4795 4903 4907 4908 4909 4910 4911 4912 4921 4923 4945 4947 4948 4950 4952 4955 4957 4958 4961 4963 4964 4967 4969 4987 4989 5002 5003 5006 5007 5045 5047 5048 5051 5052 5054 5055 5056 5057 5066 5067 5068 5191 5193 5196 5198 5201 5215 5217 5218 5236 5238 5239 5241 5246 5249 5250 5252 5253 5254 5255 5262 5263 5264 5265 5266 5267 5268 5269 5270 5271 5275 5276 5277 5283 5285 5286 5287 5288 5289 5290 5291 5292 5297 5298 5299 5302 5303 5416 5417 5420 5421 5549 5550 5551 5554 5556 5557 5560 5562 5563 5566 5567 5568 5570 6050 6052 6053 6055 6473 6475 6476
778 883 885 903 904 905
619 621 657 658 659 690 692 700 702 743 745 781 782 785 787 796 798 803 988 990 999 1001 1002 1005 1007 1010 1012 1015 1017 1020 1022 1069 1071 1072 1074 1077 1078 1081 1082 1097 1098 1101 1103 1104 1107 1108 5779 5782 5785 5792 5793 5796 5798 5799 5801 5806 5813 5814 5815 5816 5886 5887 5888 5889 5890 5893 5895 5896 5898 5913 5915 5916 5919 5920 5921 5922 5923 5925 5928 5929 5930 5931 5932 5933 5934 5946 5962 5963 5964 5965 5966 5967 5968 5971 5975 5977 5981 5982 5983 5986 5987 5988 5991 5992 5994 5997 5998 5999 6002 6005 6006 6007 6010 6482 6484 6565 6569 6619 6620 6621 6622 6623 6626 6628 6629 6632 6634 6663 6665 6666 6678 6679 6682 6684 6687 6688 6692
1353 1355 1356 1357 1361 1362 1395 1396 1397 1400 1439 1440 1441 1442 1445 1446 1449 1451 1452 1453 1454 1460 1461 3372 3373 3374 3375 3439 3443 3444 3445 3448 3451 3715 3716 3717 3718 3719 3720 3723 3727 3728 3729 3731 3736 3738 3739 4399 4405 4406 4407 4408 4409 4410 4412 4420 4422 4423 4429 4430 4431 4432 4434 4435 4439 4440 4442 4443 4516 4525 4526 4527 4528 4529 4530 4531 4532 4533 4535 4536 4539 4541 4544 4546 4549 4551 4552 4553 4554 4555 4556 4557 4700 4701 4702 4703 4704 4723 4725 4733 4735 4903 4907 4908 4909 4910 4911 4912 4921 4923 4945 4947 4948 4950 4952 4955 4957 4958 4961 4963 4964 4967 4969 4987 4989 5002 5003 5006 5007 5045 5047 5048 5051 5052 5054 5055 5056 5057 5066 5067 5068 5191 5193 5196 5198 5201 5215 5217 5218 5236 5238 5239 5241 5246 5249 5250 5252 5253 5254 5255 5262 5263 5264 5265 5266 5267 5268 5269 5270 5271 5275 5276 5277 5283 5285 5286 5287 5288 5289 5290 5291 5292 5297 5298 5299 5302 5303 5416 5417 5420 5421 5549 5550 5551 5554 5556 5557 5560 5562 5563 5566 5567 5568 5570 6050 6052 6053 6055 6473 6475 6476
1217 1218 1219 1220 1221 1222 1223 1224 1225 1227 1230 1231 1232 1233 1234 1235 1236 1237 1238 1239 1243 1249 1250 1251 1252 1253 1254
1217 1218 1219 1220 1221 1222 1223 1224 1225 1227 1230 1231 1232 1233 1234 1235 1236 1237 1238 1239 1243 1249 1250 1251 1252 1253 1254
778 781 782 785 787 831 833 1480 1481 1482 1486 1487 1489 1490 1491 1492 1493 1494 1495 1496 1497 1499 1506 1507 1508 1511 1512
1213 1214 1217 1218 1219 1220 1221 1222 1223 1224 1225 1227 1230 1231 1232 1233 1234 1235 1236 1237 1238 1239 1243 1249 1250 1251 1252 1253 1254
1353 1355 1356 1357 1361 1362 1439 1440 1441 1442 1445 1446 1449 1451 1452 1453 1454 1460 1461 3372 3373 3374 3375 3439 3443 3444 3445 3448 3451 3455 3456 3457 3458 3460 3462 3715 3716 3717 3718 3719 3720 3723 3727 3728 3729 3731 3736 3738 3739 4399 4405 4406 4407 4408 4409 4410 4412 4420 4422 4423 4429 4430 4431 4432 4434 4435 4439 4440 4442 4443 4516 4525 4526 4527 4528 4529 4530 4531 4532 4533 4535 4536 4539 4541 4544 4546 4549 4551 4552 4553 4554 4555 4556 4557 4700 4701 4702 4703 4704 4903 4907 4908 4909 4910 4911 4912 4945 4947 4950 4952 4961 4963 4964 4967 4969 5155 5156 5159 5160 5161 5162 5166 5170 5172 5175 5176 5177 5196 5198 5201 5215 5217 5218 5236 5238 5239 5241 5246 5249 5250 5252 5253 5254 5255 5262 5263 5264 5265 5266 5267 5268 5269 5270 5271 5275 5276 5277 5283 5285 5286 5287 5288 5289 5290 5291 5292 5297 5298 5299 5302 5303 5306 5308 5309 5311 5312 5314 5315 5316 5318 5319 5323 5324 5327 5329 5330 5333 5338 5339 5340 5344 5345 5346 5348 5363 5365 5366 5369 5371 5372 5407 5408 5409 5416 5417 5420 5421 5549 5550 5551 5554 5556 5557 5560 5562 5563 5566 5567 5568 5570 6050 6052 6053 6055 6469 6470 6473 6475 6476
1480 1481 1482 1486 1487 1489 1490 1491 1492 1493 1494 1495 1496 1497 1499 1506 1507 1508 1511 1512 4700 4701 4702 4703 4704 4707 4709 4748 4750 4778 4779 4780 4782
1395 1396 1397 1400
1376 1377 1378 1379 1381 1635 1636 1637 1641 1642 1644 1648 1650 1652 1653 1659 1664 1665 1666 1667 1668
614 616 624 626 627 778 913 915 916
3252 3253 3264 3265 3266 3267
619 621 657 658 659 690 692 700 702 743 745 781 782 785 787 796 798 803 988 990 999 1001 1002 1005 1007 1010 1012 1015 1017 1020 1022 1069 1071 1072 1074 1097 1098 1101 1103 1104 1107 1108 5779 5782 5785 5792 5793 5796 5798 5799 5801 5806 5813 5814 5815 5816 5886 5887 5888 5889 5890 5893 5895 5896 5898 5913 5915 5916 5919 5920 5921 5922 5923 5925 5939 5940 5941 5962 5963 5964 5965 5966 5967 5968 5971 5975 5977 5981 5982 5983 5986 5987 5988 5991 5992 5994 5997 5998 5999 6000 6002 6205 6207 6216 6217 6218 6219 6222 6224 6225 6226 6229 6231 6234 6236 6239 6257 6258 6259 6265 6266 6267 6270 6482 6484
1353 1355 1356 1357 1361 1362 1439 1440 1441 1442 1445 1446 1449 1451 1452 1453 1454 1460 1461 3372 3373 3374 3375 3439 3443 3444 3445 3448 3451 3715 3716 3717 3718 3719 3720 3723 3727 3728 3729 3731 3736 3738 3739 4399 4405 4406 4407 4408 4409 4410 4412 4420 4422 4423 4429 4430 4431 4432 4434 4435 4439 4440 4442 4443 4516 4525 4526 4527 4528 4529 4530 4531 4532 4533 4535 4536 4539 4541 4544 4546 4549 4551 4552 4553 4554 4555 4556 4557 4610 4612 4615 4617 4700 4701 4702 4703 4704 4707 4709 4718 4720 4826 4828 4831 4833 4834 4903 4907 4908 4909 4910 4911 4912 4921 4923 4945 4947 4948 4950 4952 4955 4957 4958 4961 4963 4964 4967 4969 4997 4999 5002 5003 5006 5007 5045 5047 5048 5051 5052 5054 5055 5056 5057 5066 5067 5068 5191 5193 5196 5198 5201 5215 5217 5218 5236 5238 5239 5241 5246 5249 5250 5252 5253 5254 5255 5262 5263 5264 5265 5266 5267 5268 5269 5270 5271 5275 5276 5277 5283 5285 5286 5287 5288 5289 5290 5291 5292 5297 5298 5299 5302 5303 5416 5417 5420 5421 5549 5550 5551 5554 5556 5557 5560 5562 5563 5566 5567 5568 5570 5748 5749 5750 5751 5752 5779 5782 5785 5792 5793 5796 5798 5799 5801 5806 5813 5814 5815 5816 5886 5887 5888 5889 5890 5913 5915 5916 5919 5920 5921 5925 5939 5940 5941 5962 5963 5964 5965 5966 5967 5968 5971 5975 5977 5981 5982 5983 5986 5987 5988 5991 5992 5994 5997 5998 5999 6002 6050 6052 6053 6055 6171 6172 6173 6174 6205 6207 6216 6217 6218 6219 6222 6224 6225 6226 6229 6231 6234 6236 6239 6257 6258 6259 6265 6266 6267 6270 6473 6475 6476
1353 1355 1356 1357 1361 1362 1439 1440 1441 1442 1445 1446 1449 1451 1452 1453 1454 1460 1461 1535 1536 1538 1539 1545 1546 1548 1549 1550 1551 1554 1555 1556 3111 3112 3372 3373 3374 3375 3439 3443 3444 3445 3448 3451 3455 3456 3457 3458 3460 3462 3715 3716 3717 3718 3719 3720 3723 3727 3728 3729 3731 3736 3738 3739 4399 4405 4406 4407 4408 4409 4410 4412 4420 4422 4423 4429 4430 4431 4432 4434 4435 4439 4440 4442 4443 4516 4525 4526 4527 4528 4529 4530 4531 4532 4533 4535 4536 4539 4541 4544 4546 4549 4551 4552 4553 4554 4555 4556 4557 4700 4701 4702 4703 4704 4903 4907 4908 4909 4910 4911 4912 4915 4917 4918 4921 4923 4945 4947 4948 4950 4952 4955 4957 4958 4961 4963 4964 4967 4969 4987 4989 5002 5003 5006 5007 5045 5047 5048 5051 5052 5054 5055 5056 5057 5066 5067 5068 5145 5146 5149 5150 5152 5155 5156 5159 5160 5161 5162 5166 5170 5172 5175 5176 5177 5180 5182 5185 5187 5188 5191 5193 5196 5198 5201 5215 5217 5218 5236 5238 5239 5241 5246 5249 5250 5252 5253 5254 5255 5256 5257 5258 5259 5260 5262 5263 5264 5265 5266 5267 5268 5269 5270 5271 5275 5276 5277 5283 5285 5286 5287 5288 5289 5290 5291 5292 5297 5298 5299 5302 5303 5306 5308 5309 5311 5312 5314 5315 5316 5318 5319 5323 5324 5327 5329 5330 5333 5338 5339 5340 5344 5345 5346 5348 5363 5365 5366 5369 5371 5372 5407 5408 5409 5416 5417 5420 5421 5549 5550 5551 5554 5556 5557 5560 5562 5563 5566 5567 5568 5570 6050 6052 6053 6055 6469 6470 6473 6475 6476 6711 6712 6715 6716 6717 6718 6721 6723
1353 1355 1356 1357 1361 1362 1439 1440 1441 1442 1445 1446 1449 1451 1452 1453 1454 1460 1461 3372 3373 3374 3375 3439 3443 3444 3445 3448 3451 3715 3716 3717 3718 3719 3720 3723 3727 3728 3729 3731 3736 3738 3739 4399 4405 4406 4407 4408 4409 4410 4412 4420 4422 4423 4429 4430 4431 4432 4434 4435 4439 4440 4442 4443 4516 4525 4526 4527 4528 4529 4530 4531 4532 4533 4535 4536 4539 4541 4544 4546 4549 4551 4552 4553 4554 4555 4556 4557 4610 4612 4615 4617 4700 4701 4702 4703 4704 4707 4709 4718 4720 4826 4828 4903 4907 4908 4909 4910 4911 4912 4921 4923 4945 4947 4948 4950 4952 4955 4957 4958 4961 4963 4964 4967 4969 4997 4999 5002 5003 5006 5007 5045 5047 5048 5051 5052 5054 5055 5056 5057 5066 5067 5068 5191 5193 5196 5198 5201 5215 5217 5218 5236 5238 5239 5241 5246 5249 5250 5252 5253 5254 5255 5262 5263 5264 5265 5266 5267 5268 5269 5270 5271 5275 5276 5277 5283 5285 5286 5287 5288 5289 5290 5291 5292 5297 5298 5299 5302 5303 5416 5417 5420 5421 5549 5550 5551 5554 5556 5557 5560 5562 5563 5566 5567 5568 5570 5779 5782 5785 5792 5793 5796 5798 5799 5801 5806 5813 5814 5815 5816 5886 5887 5888 5889 5890 5913 5915 5916 5919 5920 5921 5925 5939 5940 5941 5962 5963 5964 5965 5966 5967 5968 5971 5975 5977 5981 5982 5983 5986 5987 5988 5991 5992 5994 5997 5998 5999 6000 6002 6050 6052 6053 6055 6205 6207 6216 6217 6218 6219 6222 6224 6225 6226 6229 6231 6234 6236 6239 6257 6258 6259 6265 6266 6267 6270 6473 6475 6476 6482 6484
2601 2604 2605 2606 2609 2610 2611 2638 2639 2651 2652 2653
619 621 657 658 659 743 745 781 782 785 787 796 798 803 988 990 1010 1012 1013 1015 1017 1020 1022 1040 1041 1069 1071 1072 1074 1101 1103 1104 5779 5782 5785 5792 5793 5796 5798 5799 5801 5806 5813 5814 5815 5816 5886 5887 5888 5889 5890 5913 5915 5916 5919 5920 5921 5925 5928 5931 5932 5933 5939 5940 5941 5962 5963 5964 5965 5966 5967 5968 5971 5975 5977 5981 5982 5983 5984 5986 5987 5988 5989 5991 5992 5994 5997 5998 5999 6002 6482 6484 6565 6569 6589 6590 6591 6592 6593 6594 6595 6597 6603 6604 6605 6606 6619 6620 6621 6622 6623 6626 6628 6629 6632 6634 6637 6639 6641 6642 6643 6644 6646 6648 6655 6656 6657 6660 6663 6665 6666 6678 6679 6682 6684 6687 6688 6692

619 621 657 658 659 743 745 781 782 785 787 796 798 803 988 990 1010 1012 1015 1017 1020 1022 1069 1071 1072 1074 1077 1078 1081 1082 1101 1103 1104 1332 1333 1334 1335 1336 1339 1341 1686 1687 1688 1689 1690 1691 1692 1693 1694 1695 1696 1697 1698 1699 1700 1701 1702 1703 1704 1705 1714 5769 5770 5773 5774 5775 5776 5779 5782 5785 5792 5793 5796 5798 5799 5801 5806 5813 5814 5815 5816 5886 5887 5888 5889 5890 5913 5915 5916 5919 5920 5921 5925 5928 5931 5934 5935 5936 5981 5982 5983 5986 5987 5988 5991 5992 5994 5997 5998 5999 6002 6068 6069 6070 6071 6072 6079 6080 6083 6084 6279 6280 6482 6484 6565 6569 6619 6620 6621 6622 6623 6626 6628 6629 6632 6634 6663 6665 6666 6669 6671 6674 6675 6682 6684 6687 6688 6692
619 621 657 658 659 743 745 781 782 785 787 796 798 799 800 803 908 909 910 999 1001 1002 1005 1007 1010 1012 1013 1015 1017 1040 1041 1097 1098 1101 1103 1104 1107 1108 5779 5782 5785 5792 5793 5796 5798 5799 5801 5802 5813 5814 5815 5819 5820 5824 5825 5827 5828 5829 5830 5831 5835 5855 5856 5857 5858 5886 5887 5888 5889 5890 5913 5915 5916 5919 5920 5921 5925 5939 5940 5941 5962 5963 5964 5965 5966 5967 5968 5971 5975 5977 5981 5982 5983 5984 5997 5998 5999 6002 6482 6484 6565 6569 6589 6590 6591 6592 6593 6594 6595 6597 6603 6604 6605 6606 6619 6620 6621 6622 6623 6626 6628 6629 6632 6634 6637 6639 6641 6642 6643 6644 6646 6648 6655 6656 6657 6660 6678 6679 6682 6684 6687 6688 6692
2385 2387 2388 2391
1635 1636 1637 1641 1642 1644 1648 1650 1652 1653 1659 1664 1665 1666 1667 1668
1353 1355 1356 1357 1361 1362 1395 1396 1397 1398 1400 1403 1404 1405 1406 1407 1408 1409 1411 1412 1413 1414 1415 1417 1439 1440 1441 1442 1445 1446 1449 1451 1452 1453 1454 1460 1461 3372 3373 3374 3375 3439 3443 3444 3445 3448 3451 3715 3716 3717 3718 3719 3720 3723 3727 3728 3729 3731 3736 3738 3739 4399 4405 4406 4407 4408 4409 4410 4412 4420 4422 4423 4429 4430 4431 4432 4434 4435 4439 4440 4442 4443 4516 4525 4526 4527 4528 4529 4530 4531 4532 4533 4535 4536 4539 4541 4544 4546 4549 4551 4552 4553 4554 4555 4556 4557 4700 4701 4702 4703 4704 4723 4725 4733 4735 4903 4907 4908 4909 4910 4911 4912 4921 4923 4945 4947 4948 4950 4952 4955 4957 4958 4961 4963 4964 4967 4969 4987 4989 5002 5003 5006 5007 5045 5047 5048 5051 5052 5054 5055 5056 5057 5066 5067 5068 5191 5193 5196 5198 5201 5215 5217 5218 5236 5238 5239 5241 5246 5249 5250 5252 5253 5254 5255 5262 5263 5264 5265 5266 5267 5268 5269 5270 5271 5275 5276 5277 5283 5285 5286 5287 5288 5289 5290 5291 5292 5297 5298 5299 5302 5303 5416 5417 5420 5421 5549 5550 5551 5554 5556 5557 5560 5562 5563 5566 5567 5568 5570 6050 6052 6053 6055 6473 6475 6476
619 621 657 658 659 743 745 781 782 785 787 796 798 799 800 803 908 909 910 999 1001 1002 1005 1007 1010 1012 1013 1015 1017 1020 1022 1040 1041 1069 1071 1072 1074 1077 1078 1081 1082 1097 1098 1101 1103 1104 1107 1108 5779 5782 5785 5792 5793 5796 5798 5799 5801 5802 5813 5814 5815 5819 5820 5824 5825 5827 5828 5829 5830 5831 5835 5855 5856 5862 5867 5869 5886 5887 5888 5889 5890 5913 5915 5916 5919 5920 5921 5925 5939 5940 5941 5962 5963 5964 5965 5966 5967 5968 5971 5975 5977 5981 5982 5983 5984 5997 5998 5999 6002 6482 6484 6565 6569 6589 6590 6591 6592 6593 6594 6595 6597 6603 6604 6605 6606 6619 6620 6621 6622 6623 6626 6628 6629 6632 6634 6637 6639 6641 6642 6643 6644 6646 6648 6655 6656 6657 6660 6678 6679 6682 6684 6687 6688 6692
619 621 657 658 659 690 692 700 702 743 745 781 782 785 787 796 798 803 988 990 999 1001 1002 1005 1007 1010 1012 1013 1015 1017 1020 1022 1069 1071 1072 1074 1097 1098 1101 1103 1104 1107 1108 5779 5782 5785 5792 5793 5796 5798 5799 5801 5806 5813 5814 5815 5816 5886 5887 5888 5889 5890 5893 5895 5896 5898 5913 5915 5916 5919 5920 5921 5922 5923 5925 5939 5940 5941 5962 5963 5964 5965 5966 5967 5968 5971 5975 5977 5981 5982 5983 5984 5986 5987 5988 5991 5992 5994 5997 5998 5999 6002 6482 6484 6565 6569 6589 6590 6591 6592 6593 6594 6595 6597 6603 6604 6605 6606 6619 6620 6621 6622 6623 6626 6628 6629 6632 6634 6637 6639 6641 6642 6643 6644 6646 6648 6655 6656 6657 6660 6678 6679 6682 6684 6687 6688 6692
619 621 657 658 659 743 745 781 782 785 787 796 798 799 800 803 908 909 910 999 1001 1002 1005 1007 1010 1012 1013 1015 1017 1020 1022 1040 1041 1069 1071 1072 1074 1077 1078 1081 1082 1097 1098 1101 1103 1104 1107 1108 5779 5782 5785 5792 5793 5796 5798 5799 5801 5802 5813 5814 5815 5819 5820 5824 5825 5827 5837 5838 5842 5855 5856 5862 5867 5869 5886 5887 5888 5889 5890 5913 5915 5916 5919 5920 5921 5925 5939 5940 5941 5962 5963 5964 5965 5966 5967 5968 5971 5975 5977 5981 5982 5983 5984 5997 5998 5999 6002 6482 6484 6565 6569 6589 6590 6591 6592 6593 6594 6595 6597 6603 6604 6605 6606 6619 6620 6621 6622 6623 6626 6628 6629 6632 6634 6637 6639 6641 6642 6643 6644 6646 6648 6655 6656 6657 6660 6678 6679 6682 6684 6687 6688 6692
1368 1369 1370 1371 1373 1376 1377 1378 1379 1381
1217 1218 1219 1220 1221 1222 1223 1224 1225 1227 1230 1231 1232 1233 1234 1235 1236 1237 1238 1239 1243 1249 1250 1251 1252 1253 1254 1256
778 934 936 939 940 941
781 782 785 787 841 843 1480 1481 1482 1486 1487 1489 1490 1491 1492 1493 1494 1495 1496 1497 1499 1515 1516
1353 1355 1356 1357 1361 1362 1439 1440 1441 1442 1445 1446 1449 1451 1452 1453 1454 1460 1461 3111 3112 3372 3373 3374 3375 3439 3443 3444 3445 3448 3451 3455 3456 3457 3458 3460 3462 3715 3716 3717 3718 3719 3720 3723 3727 3728 3729 3731 3736 3738 3739 4399 4405 4406 4407 4408 4409 4410 4412 4420 4422 4423 4429 4430 4431 4432 4434 4435 4439 4440 4442 4443 4516 4525 4526 4527 4528 4529 4530 4531 4532 4533 4535 4536 4539 4541 4544 4546 4549 4551 4552 4553 4554 4555 4556 4557 4610 4612 4615 4617 4700 4701 4702 4703 4704 4707 4709 4718 4720 4826 4828 4903 4907 4908 4909 4910 4911 4912 4921 4923 4945 4947 4948 4950 4952 4955 4957 4958 4961 4963 4964 4967 4969 4997 4999 5002 5003 5006 5007 5045 5047 5048 5051 5052 5054 5055 5056 5057 5066 5067 5068 5145 5146 5149 5150 5152 5155 5156 5159 5160 5161 5162 5166 5170 5172 5175 5176 5177 5191 5193 5196 5198 5201 5215 5217 5218 5236 5238 5239 5241 5246 5249 5250 5252 5253 5254 5255 5262 5263 5264 5265 5266 5267 5268 5269 5270 5271 5275 5276 5277 5283 5285 5286 5287 5288 5289 5290 5291 5292 5297 5298 5299 5302 5303 5306 5308 5309 5311 5312 5314 5315 5316 5318 5319 5323 5324 5327 5329 5330 5333 5338 5339 5340 5344 5345 5346 5348 5363 5365 5366 5369 5371 5372 5407 5408 5409 5416 5417 5420 5421 5549 5550 5551 5554 5556 5557 5560 5562 5563 5566 5567 5568 5570 5779 5782 5785 5792 5793 5796 5798 5799 5801 5806 5813 5814 5815 5816 5886 5887 5888 5889 5890 5913 5915 5916 5919 5920 5921 5925 5939 5940 5941 5962 5963 5964 5965 5966 5967 5968 5971 5975 5977 5981 5982 5983 5986 5987 5988 5991 5992 5994 5997 5998 5999 6000 6002 6050 6052 6053 6055 6469 6470 6473 6475 6476 6482 6484 6565 6569 6589 6590 6591 6592 6593 6594 6595 6597 6603 6604 6605 6606 6619 6620 6621 6622 6623 6626 6628 6629 6632 6634 6637 6639 6641 6642 6643 6644 6646 6648 6655 6656 6657 6660 6678 6679 6682 6684 6687 6688 6692
1353 1355 1356 1357 1361 1362 1439 1440 1441 1442 1445 1446 1449 1451 1452 1453 1454 1460 1461 3372 3373 3374 3375 3439 3443 3444 3445 3448 3451 3715 3716 3717 3718 3719 3720 3723 3727 3728 3729 3731 3736 3738 3739 4399 4405 4406 4407 4408 4409 4410 4412 4420 4422 4423 4429 4430 4431 4432 4434 4435 4439 4440 4442 4443 4516 4525 4526 4527 4528 4529 4530 4531 4532 4533 4535 4536 4539 4541 4544 4546 4549 4551 4552 4553 4554 4555 4556 4557 4700 4701 4702 4703 4704 4903 4907 4908 4909 4910 4911 4912 4915 4917 4918 4921 4923 4945 4947 4948 4950 4952 4955 4957 4958 4961 4963 4964 4967 4969 4987 4989 5002 5003 5006 5007 5045 5047 5048 5051 5052 5054 5055 5056 5057 5066 5067 5068 5191 5193 5196 5198 5201 5215 5217 5218 5236 5238 5239 5241 5246 5249 5250 5252 5253 5254 5255 5262 5263 5264 5265 5266 5267 5268 5269 5270 5271 5275 5276 5277 5283 5285 5286 5287 5288 5289 5290 5291 5292 5297 5298 5299 5302 5303 5416 5417 5420 5421 5549 5550 5551 5554 5556 5557 5560 5562 5563 5566 5567 5568 5570 6050 6052 6053 6055 6469 6470 6473 6475 6476 6711 6712 6715 6716 6717 6718 6721 6723
657 658 659 781 782 785 787 999 1001 1002 1010 1012 1015 1017 1040 1041 1101 1103 1104 5769 5770 5773 5774 5775 5776 5779 5782 5886 5887 5888 5889 5890 5913 5915 5916 5919 5920 5921 5925 5928 5929 5930 5997 5998 5999 6000 6002 6005 6006 6007 6008 6010 6565 6569 6619 6620 6621 6622 6623 6626 6628 6629 6632 6634 6682 6684 6687 6688 6692
1376 1377 1378 1379 1381 1635 1636 1637 1641 1642 1644 1648 1650 1652 1655 1656 1659 1664 1665 1666 1667 1668
2601 2619 2620 2623 2624 2625 2638 2639 2642 2643 2644 2645 2646 2648
2601 2609 2610 2611 2638 2639 2651 2652 2653
1480 1481 1482 1486 1487 1489 1490 1491 1492 1493 1494 1495 1496 1497 1499 1506 1507 1508 1511 1512
1353 1355 1356 1357 1361 1362 1439 1440 1441 1442 1445 1446 1449 1451 1452 1453 1454 1460 1461 1480 1481 1482 1486 1487 1489 1490 1491 1492 1493 1494 1495 1496 1497 1499 1515 1516 3372 3373 3374 3375 3439 3443 3444 3445 3448 3451 3715 3716 3717 3718 3719 3720 3723 3727 3728 3729 3731 3736 3738 3739 4399 4405 4406 4407 4408 4409 4410 4412 4420 4422 4423 4429 4430 4431 4432 4434 4435 4439 4440 4442 4443 4516 4525 4526 4527 4528 4529 4530 4531 4532 4533 4535 4536 4539 4541 4544 4546 4549 4551 4552 4553 4554 4555 4556 4557 4700 4701 4702 4703 4704 4773 4775 4785 4786 4787 4789 4808 4810 4903 4907 4908 4909 4910 4911 4912 4921 4923 4945 4947 4948 4950 4952 4955 4957 4958 4961 4963 4964 4967 4969 4987 4989 5002 5003 5006 5007 5045 5047 5048 5051 5052 5054 5055 5056 5057 5066 5067 5068 5191 5193 5196 5198 5201 5215 5217 5218 5236 5238 5239 5241 5246 5249 5250 5252 5253 5254 5255 5262 5263 5264 5265 5266 5267 5268 5269 5270 5271 5275 5276 5277 5283 5285 5286 5287 5288 5289 5290 5291 5292 5297 5298 5299 5302 5303 5416 5417 5420 5421 5549 5550 5551 5554 5556 5557 5560 5562 5563 5566 5567 5568 5570 6050 6052 6053 6055 6473 6475 6476
2601 2609 2610 2611 2638 2639 2651 2652 2653
1439 1440 1441 1442 1445 1446 1449 1451 1452 1453 1454 1460 1461 3455 3456 3457 3458 3460 3462 5155 5156 5159 5160 5161 5162 5166 5170 5172 5175 5176 5177 5215 5217 5218 5236 5238 5239 5241 5246 5249 5275 5276 5277 5283 5285 5286 5287 5288 5289 5290 5291 5292 5297 5298 5299 5302 5303 5306 5308 5309 5311 5312 5314 5315 5316 5318 5319 5323 5324 5327 5329 5330 5333 5338 5339 5340 5344 5345 5346 5348 5363 5365 5366 5369 5371 5372 5407 5408 5409 5549 5550 5551 6469 6470
1353 1355 1356 1357 1361 1362 1439 1440 1441 1442 1445 1446 1449 1451 1452 1453 1454 1460 1461 3372 3373 3374 3375 3439 3443 3444 3445 3448 3451 3715 3716 3717 3718 3719 3720 3723 3727 3728 3729 3731 3736 3738 3739 4399 4405 4406 4407 4408 4409 4410 4412 4420 4422 4423 4429 4430 4431 4432 4434 4435 4439 4440 4442 4443 4516 4525 4526 4527 4528 4529 4530 4531 4532 4533 4535 4536 4539 4541 4544 4546 4549 4551 4552 4553 4554 4555 4556 4557 4700 4701 4702 4703 4704 4808 4810 4903 4907 4908 4909 4910 4911 4912 4921 4923 4945 4947 4948 4950 4952 4955 4957 4958 4961 4963 4964 4967 4969 4987 4989 5002 5003 5006 5007 5045 5047 5048 5051 5052 5054 5055 5056 5057 5066 5067 5068 5191 5193 5196 5198 5201 5209 5211 5212 5215 5217 5218 5236 5238 5239 5241 5246 5249 5250 5252 5253 5254 5255 5262 5263 5264 5265 5266 5267 5268 5269 5270 5271 5275 5276 5277 5283 5285 5286 5287 5288 5289 5290 5291 5292 5297 5298 5299 5302 5303 5416 5417 5420 5421 5549 5550 5551 5554 5556 5557 5560 5562 5563 5566 5567 5568 5570 6050 6052 6053 6055 6473 6475 6476
2601 2623 2624 2625 2638 2639 2642 2643 2644 2645 2646 2648

2601 2604 2605 2606 2609 2610 2611 2638 2639 2651 2652 2653
654 781 782 785 787 6354 6355 6356 6359 6360 6363 6364 6365 6366 6367 6368 6375 6377 6378
1353 1355 1356 1357 1361 1362 1439 1440 1441 1442 1445 1446 1449 1451 1452 1453 1454 1460 1461 3372 3373 3374 3375 3439 3443 3444 3445 3448 3451 3715 3716 3717 3718 3719 3720 3723 3727 3728 3729 3731 3736 3738 3739 4399 4405 4406 4407 4408 4409 4410 4412 4420 4422 4423 4429 4430 4431 4432 4434 4435 4439 4440 4442 4443 4516 4525 4526 4527 4528 4529 4530 4531 4532 4533 4535 4536 4539 4541 4544 4546 4549 4551 4552 4553 4554 4555 4556 4557 4700 4701 4702 4703 4704 4813 4815 4816 4817 4818 4903 4907 4908 4909 4910 4911 4912 4921 4923 4945 4947 4948 4950 4952 4955 4957 4958 4961 4963 4964 4967 4969 4987 4989 5002 5003 5006 5007 5045 5047 5048 5051 5052 5054 5055 5056 5057 5066 5067 5068 5191 5193 5196 5198 5201 5215 5217 5218 5236 5238 5239 5241 5246 5249 5250 5252 5253 5254 5255 5262 5263 5264 5265 5266 5267 5268 5269 5270 5271 5275 5276 5277 5283 5285 5286 5287 5288 5289 5290 5291 5292 5297 5298 5299 5302 5303 5416 5417 5420 5421 5549 5550 5551 5554 5556 5557 5560 5562 5563 5566 5567 5568 5570 6050 6052 6053 6055 6473 6475 6476
778 796 798 799 800 803 806 808 809 810 813 878 880 908 909 910
654 781 782 785 787 6354 6355 6356 6359 6360 6363 6364 6365 6366 6367 6368 6375 6377 6378
1395 1396 1397 1398 1400 1403 1404 1405 1406 1407 1408 1409 1411 1412 1413 1414 1415 1417
1353 1355 1356 1357 1361 1362 1439 1440 1441 1442 1445 1446 1449 1451 1452 1453 1454 1460 1461 3372 3373 3374 3375 3439 3443 3444 3445 3448 3451 3715 3716 3717 3718 3719 3720 3723 3727 3728 3729 3731 3736 3738 3739 4399 4405 4406 4407 4408 4409 4410 4412 4420 4422 4423 4429 4430 4431 4432 4434 4435 4439 4440 4442 4443 4516 4525 4526 4527 4528 4529 4530 4531 4532 4533 4535 4536 4539 4541 4544 4546 4549 4551 4552 4553 4554 4555 4556 4557 4700 4701 4702 4703 4704 4903 4907 4908 4909 4910 4911 4912 4945 4947 4948 4950 4952 4955 4957 4958 4961 4963 4964 4967 4969 4972 4974 4975 4976 4977 4978 4979 4980 4981 4982 4983 4984 5045 5047 5048 5051 5052 5054 5055 5056 5057 5066 5067 5068 5191 5193 5196 5198 5201 5215 5217 5218 5236 5238 5239 5241 5246 5249 5250 5252 5253 5254 5255 5262 5263 5264 5265 5266 5267 5268 5269 5270 5271 5275 5276 5277 5283 5285 5286 5287 5288 5289 5290 5291 5292 5297 5298 5299 5302 5303 5416 5417 5420 5421 5549 5550 5551 5554 5556 5557 5560 5562 5563 5566 5567 5568 5570 6050 6052 6053 6055 6473 6475 6476
1439 1440 1441 1442 1445 1446 1449 1451 1452 1453 1454 1460 1461 3111 3112 3372 3373 3374 3375 3439 3443 3444 3445 3448 3451 3455 3456 3457 3458 3460 3462 3715 3716 3717 3718 3719 3720 3723 3727 3728 3729 3731 3732 3736 3738 3741 3784 3785 3786 3794 3796 3797 3798 3799 3800 3803 3805 4399 4405 4406 4407 4408 4409 4410 4412 5145 5146 5149 5150 5152 5155 5156 5159 5160 5161 5162 5166 5170 5172 5175 5176 5177 5196 5198 5201 5215 5217 5218 5236 5238 5239 5241 5246 5249 5250 5252 5253 5254 5255 5262 5263 5264 5265 5266 5267 5268 5269 5270 5271 5275 5276 5277 5283 5285 5286 5287 5288 5289 5290 5291 5292 5297 5298 5299 5302 5303 5306 5308 5309 5311 5312 5314 5315 5316 5318 5319 5323 5324 5327 5329 5330 5333 5338 5339 5340 5344 5345 5346 5348 5363 5365 5366 5369 5371 5372 5407 5408 5409 5416 5417 5420 5421 5549 5550 5551 5554 5556 5557 5560 5562 5563 5566 5567 5568 5570 6469 6470 6711 6712 6715 6716 6717 6718
1353 1355 1356 1357 1361 1362 1439 1440 1441 1442 1445 1446 1449 1451 1452 1453 1454 1460 1461 3372 3373 3374 3375 3439 3443 3444 3445 3448 3451 3715 3716 3717 3718 3719 3720 3723 3727 3728 3729 3731 3736 3738 3739 4399 4405 4406 4407 4408 4409 4410 4412 4420 4422 4423 4429 4430 4431 4432 4434 4435 4439 4440 4442 4443 4516 4525 4526 4527 4528 4529 4530 4531 4532 4533 4535 4536 4539 4541 4544 4546 4549 4551 4552 4553 4554 4555 4556 4557 4700 4701 4702 4703 4704 4903 4907 4908 4909 4910 4911 4912 4915 4917 4918 4921 4923 4945 4947 4948 4950 4952 4955 4957 4958 4961 4963 4964 4967 4969 4987 4989 5002 5003 5006 5007 5045 5047 5048 5051 5052 5054 5055 5056 5057 5066 5067 5068 5191 5193 5196 5198 5201 5215 5217 5218 5236 5238 5239 5241 5246 5249 5250 5252 5253 5254 5255 5262 5263 5264 5265 5266 5267 5268 5269 5270 5271 5275 5276 5277 5283 5285 5286 5287 5288 5289 5290 5291 5292 5297 5298 5299 5302 5303 5416 5417 5420 5421 5549 5550 5551 5554 5556 5557 5560 5562 5563 5566 5567 5568 5570 6050 6052 6053 6055 6469 6470 6473 6475 6476 6711 6712 6715 6716 6717 6718 6721 6723
1217 1218 1219 1220 1221 1222 1223 1224 1225 1227 1230 1231 1232 1233 1234 1235 1236 1237 1238 1239 1243 1249 1250 1251 1252 1253 1254 1256
2601 2623 2624 2625 2638 2639 2642 2643 2644 2648
1353 1355 1356 1357 1361 1362 1439 1440 1441 1442 1445 1446 1449 1451 1452 1453 1454 1460 1461 3372 3373 3374 3375 3439 3443 3444 3445 3448 3451 3715 3716 3717 3718 3719 3720 3723 3727 3728 3729 3731 3736 3738 3739 4399 4405 4406 4407 4408 4409 4410 4412 4420 4422 4423 4429 4430 4431 4432 4434 4435 4439 4440 4442 4443 4516 4525 4526 4527 4528 4529 4530 4531 4532 4533 4535 4536 4539 4541 4544 4546 4549 4551 4552 4553 4554 4555 4556 4557 4700 4701 4702 4703 4704 4903 4907 4908 4909 4910 4911 4912 4915 4917 4918 4921 4923 4945 4947 4948 4950 4952 4955 4957 4958 4961 4963 4964 4967 4969 4987 4989 5002 5003 5006 5007 5045 5047 5048 5051 5052 5054 5055 5056 5057 5066 5067 5068 5191 5193 5196 5198 5201 5215 5217 5218 5236 5238 5239 5241 5246 5249 5250 5252 5253 5254 5255 5262 5263 5264 5265 5266 5267 5268 5269 5270 5271 5275 5276 5277 5283 5285 5286 5287 5288 5289 5290 5291 5292 5297 5298 5299 5302 5303 5416 5417 5420 5421 5549 5550 5551 5554 5556 5557 5560 5562 5563 5566 5567 5568 5570 6050 6052 6053 6055 6469 6470 6473 6475 6476 6711 6712 6715 6716 6717 6718 6721 6723
1376 1377 1378 1379 1381 1582 1583 1635 1636 1637 1641 1642 1644 1648 1650 1659 1664 1665 1670
781 782 785 787 831 833 1480 1481 1482 1486 1487 1489 1490 1491 1492 1493 1494 1495 1496 1497 1499 1506 1507 1508 1511 1512
1353 1355 1356 1357 1361 1362 1439 1440 1441 1442 1445 1446 1449 1451 1452 1453 1454 1460 1461 3372 3373 3374 3375 3439 3443 3444 3445 3448 3451 3715 3716 3717 3718 3719 3720 3723 3727 3728 3729 3731 3736 3738 3739 4399 4405 4406 4407 4408 4409 4410 4412 4420 4422 4423 4429 4430 4431 4432 4434 4435 4439 4440 4442 4443 4516 4525 4526 4527 4528 4529 4530 4531 4532 4533 4535 4536 4539 4541 4544 4546 4549 4551 4552 4553 4554 4555 4556 4557 4700 4701 4702 4703 4704 4903 4907 4908 4909 4910 4911 4912 4945 4947 4948 4950 4952 4955 4957 4958 4961 4963 4964 4967 4969 4972 4974 4975 4976 4977 4978 4979 4980 4981 4982 4983 4984 5045 5047 5048 5051 5052 5054 5055 5056 5057 5066 5067 5068 5191 5193 5196 5198 5201 5215 5217 5218 5236 5238 5239 5241 5246 5249 5250 5252 5253 5254 5255 5262 5263 5264 5265 5266 5267 5268 5269 5270 5271 5275 5276 5277 5283 5285 5286 5287 5288 5289 5290 5291 5292 5297 5298 5299 5302 5303 5416 5417 5420 5421 5549 5550 5551 5554 5556 5557 5560 5562 5563 5566 5567 5568 5570 6050 6052 6053 6055 6473 6475 6476
1376 1377 1378 1379 1381 1635 1636 1637 1641 1642 1644 1648 1650 1652 1655 1656 1659 1664 1665 1666 1667 1668

2601 2633 2634 2635 2638 2639 2642 2643 2644 2645 2646 2648
1353 1355 1356 1357 1361 1362 1439 1440 1441 1442 1445 1446 1449 1451 1452 1453 1454 1460 1461 3372 3373 3374 3375 3439 3443 3444 3445 3448 3451 3715 3716 3717 3718 3719 3720 3723 3727 3728 3729 3731 3736 3738 3739 4399 4405 4406 4407 4408 4409 4410 4412 4420 4422 4423 4429 4430 4431 4432 4434 4435 4439 4440 4442 4443 4516 4525 4526 4527 4528 4529 4530 4531 4532 4533 4535 4536 4539 4541 4544 4546 4549 4551 4552 4553 4554 4555 4556 4557 4700 4701 4702 4703 4704 4813 4815 4816 4817 4818 4903 4907 4908 4909 4910 4911 4912 4921 4923 4945 4947 4948 4950 4952 4955 4957 4958 4961 4963 4964 4967 4969 4987 4989 5002 5003 5006 5007 5045 5047 5048 5051 5052 5054 5055 5056 5057 5066 5067 5068 5191 5193 5196 5198 5201 5215 5217 5218 5236 5238 5239 5241 5246 5249 5250 5252 5253 5254 5255 5262 5263 5264 5265 5266 5267 5268 5269 5270 5271 5275 5276 5277 5283 5285 5286 5287 5288 5289 5290 5291 5292 5297 5298 5299 5302 5303 5386 5387 5388 5416 5417 5420 5421 5549 5550 5551 5554 5556 5557 5560 5562 5563 5566 5567 5568 5570 6050 6052 6053 6055 6473 6475 6476
781 782 785 787 6354 6355 6356 6359 6360 6363 6364 6365 6372 6375 6377 6380
781 782 785 787 831 833 836 838 1480 1481 1506 1507 1508 1511 1512

1353 1355 1356 1357 1361 1362 1439 1440 1441 1442 1445 1446 1449 1451 1452 1453 1454 1460 1461 3372 3373 3374 3375 3439 3443 3444 3445 3448 3451 3715 3716 3717 3718 3719 3720 3723 3727 3728 3729 3731 3736 3738 3739 4399 4405 4406 4407 4408 4409 4410 4412 4420 4422 4423 4429 4430 4431 4432 4434 4435 4439 4440 4442 4443 4516 4525 4526 4527 4528 4529 4530 4531 4532 4533 4535 4536 4539 4541 4544 4546 4549 4551 4552 4553 4554 4555 4556 4557 4700 4701 4702 4703 4704 4903 4907 4908 4909 4910 4911 4912 4921 4923 4945 4947 4948 4950 4952 4955 4957 4958 4961 4963 4964 4967 4969 4987 4989 5002 5003 5006 5007 5045 5047 5048 5051 5052 5054 5055 5056 5057 5066 5067 5068 5191 5193 5196 5198 5201 5215 5217 5218 5236 5238 5239 5241 5246 5249 5250 5252 5253 5254 5255 5262 5263 5264 5265 5266 5267 5268 5269 5270 5271 5275 5276 5277 5283 5285 5286 5287 5288 5289 5290 5291 5292 5297 5298 5299 5302 5303 5416 5417 5420 5421 5549 5550 5551 5554 5556 5557 5560 5562 5563 5566 5567 5568 5570 6050 6052 6053 6055 6473 6475 6476
1439 1440 1441 1442 1445 1446 1449 1451 1452 1453 1454 1460 1461 3142 3143 3372 3373 3374 3375 3439 3443 3444 3445 3448 3451 3455 3456 3457 3458 3460 3462 3715 3716 3717 3718 3719 3720 3723 3727 3728 3729 3731 3732 3736 3738 3741 3784 3785 3786 3794 3796 3797 3798 3799 3800 3803 3805 4399 4405 4406 4407 4408 4409 4410 4412 5159 5160 5161 5162 5166 5170 5172 5175 5176 5177 5196 5198 5199 5215 5217 5218 5236 5238 5239 5241 5246 5249 5250 5252 5253 5254 5255 5262 5263 5264 5265 5266 5267 5268 5269 5270 5271 5275 5276 5277 5283 5285 5286 5287 5288 5289 5290 5291 5292 5297 5298 5299 5302 5303 5306 5308 5309 5311 5312 5314 5315 5316 5318 5319 5323 5324 5327 5329 5330 5333 5338 5339 5340 5344 5345 5346 5348 5363 5365 5366 5369 5371 5372 5416 5417 5420 5421 5549 5550 5551 5554 5556 5557 5560 5562 5563 5566 5567 5568 5570 6469 6470 6711 6712 6715 6716 6717 6718
1439 1440 1441 1442 1445 1446 1449 1451 1452 1453 1454 1460 1461 3455 3456 3457 3458 3460 3462 5155 5156 5159 5160 5161 5162 5166 5170 5172 5175 5176 5177 5215 5217 5218 5236 5238 5239 5241 5246 5249 5275 5276 5277 5283 5285 5286 5287 5288 5289 5290 5291 5292 5297 5298 5299 5302 5303 5306 5308 5309 5311 5312 5314 5315 5316 5318 5319 5323 5324 5327 5329 5330 5333 5338 5339 5340 5344 5345 5346 5348 5363 5365 5366 5369 5371 5372 5407 5408 5409 5549 5550 5551 6469 6470
1376 1377 1378 1379 1381 1582 1583 1635 1636 1637 1641 1642 1644 1648 1650 1652 1653 1659 1660
619 621 657 658 659 743 745 781 782 785 787 796 798 803 988 990 1005 1007 1010 1012 1015 1017 1020 1022 1069 1071 1072 1074 1077 1078 1081 1082 1101 1103 1104 1290 1291 1292 1293 1296 1297 1299 1300 1301 1332 1333 1334 1335 1336 1337 1339 1341 1686 1687 1688 1689 1690 1706 1707 1708 1709 1710 1711 1714 5764 5765 5766 5769 5770 5773 5774 5775 5776 5779 5782 5785 5792 5793 5796 5798 5799 5801 5806 5813 5814 5815 5816 5886 5887 5888 5889 5890 5913 5915 5916 5919 5920 5921 5925 5928 5931 5934 5935 5936 5981 5982 5983 5986 5987 5988 5991 5992 5994 5997 5998 5999 6002 6068 6069 6070 6071 6072 6079 6080 6083 6084 6205 6207 6216 6217 6218 6219 6222 6224 6225 6226 6229 6231 6243 6245 6246 6247 6250 6252 6253 6254 6265 6266 6267 6270 6279 6280 6482 6484
1353 1355 1356 1357 1361 1362 1439 1440 1441 1442 1445 1446 1449 1451 1452 1453 1454 1460 1461 3372 3373 3374 3375 3439 3443 3444 3445 3448 3451 3715 3716 3717 3718 3719 3720 3723 3727 3728 3729 3731 3736 3738 3739 4399 4405 4406 4407 4408 4409 4410 4412 4420 4422 4423 4429 4430 4431 4432 4434 4435 4439 4440 4442 4443 4516 4525 4526 4527 4528 4529 4530 4531 4532 4533 4535 4536 4539 4541 4544 4546 4549 4551 4552 4553 4554 4555 4556 4557 4700 4701 4702 4703 4704 4808 4810 4903 4907 4908 4909 4910 4911 4912 4921 4923 4945 4947 4948 4950 4952 4955 4957 4958 4961 4963 4964 4967 4969 4987 4989 5002 5003 5006 5007 5045 5047 5048 5051 5052 5054 5055 5056 5057 5066 5067 5068 5191 5193 5196 5198 5201 5215 5217 5218 5236 5238 5239 5241 5246 5249 5250 5252 5253 5254 5255 5262 5263 5264 5265 5266 5267 5268 5269 5270 5271 5275 5276 5277 5283 5285 5286 5287 5288 5289 5290 5291 5292 5297 5298 5299 5302 5303 5416 5417 5420 5421 5549 5550 5551 5554 5556 5557 5560 5562 5563 5566 5567 5568 5570 6050 6052 6053 6055 6473 6475 6476
1439 1440 1441 1442 1445 1446 1449 1451 1452 1453 1454 1460 1461 3142 3143 3372 3373 3374 3375 3439 3443 3444 3445 3448 3451 3455 3456 3457 3458 3460 3462 3715 3716 3717 3718 3719 3720 3723 3727 3728 3729 3731 3732 3736 3738 3741 3784 3785 3786 3794 3796 3797 3798 3799 3800 3803 3805 4399 4405 4406 4407 4408 4409 4410 4412 5159 5160 5161 5162 5166 5170 5172 5175 5176 5177 5196 5198 5201 5215 5217 5218 5236 5238 5239 5241 5246 5249 5250 5252 5253 5254 5255 5262 5263 5264 5265 5266 5267 5268 5269 5270 5271 5275 5276 5277 5283 5285 5286 5287 5288 5289 5290 5291 5292 5297 5298 5299 5302 5303 5306 5308 5309 5311 5312 5314 5315 5316 5318 5319 5323 5324 5327 5329 5330 5333 5338 5339 5340 5344 5345 5346 5348 5363 5365 5366 5369 5371 5372 5416 5417 5420 5421 5549 5550 5551 5554 5556 5557 5560 5562 5563 5566 5567 5568 5570 6469 6470 6711 6712 6715 6716 6717 6718
1353 1355 1356 1357 1361 1362 1439 1440 1441 1442 1445 1446 1449 1451 1452 1453 1454 1460 1461 1480 1481 1482 1486 1487 1489 1490 1491 1492 1493 1494 1495 1496 1497 1499 1506 1507 1508 1511 1512 3372 3373 3374 3375 3439 3443 3444 3445 3448 3451 3715 3716 3717 3718 3719 3720 3723 3727 3728 3729 3731 3736 3738 3739 4399 4405 4406 4407 4408 4409 4410 4412 4420 4422 4423 4429 4430 4431 4432 4434 4435 4439 4440 4442 4443 4516 4525 4526 4527 4528 4529 4530 4531 4532 4533 4535 4536 4539 4541 4544 4546 4549 4551 4552 4553 4554 4555 4556 4557 4700 4701 4702 4703 4704 4763 4765 4785 4786 4787 4789 4808 4810 4903 4907 4908 4909 4910 4911 4912 4921 4923 4945 4947 4948 4950 4952 4955 4957 4958 4961 4963 4964 4967 4969 4987 4989 5002 5003 5006 5007 5045 5047 5048 5051 5052 5054 5055 5056 5057 5066 5067 5068 5191 5193 5196 5198 5201 5215 5217 5218 5236 5238 5239 5241 5246 5249 5250 5252 5253 5254 5255 5262 5263 5264 5265 5266 5267 5268 5269 5270 5271 5275 5276 5277 5283 5285 5286 5287 5288 5289 5290 5291 5292 5297 5298 5299 5302 5303 5416 5417 5420 5421 5549 5550 5551 5554 5556 5557 5560 5562 5563 5566 5567 5568 5570 6050 6052 6053 6055 6473 6475 6476
2385 2387 2388 2391
