5 11 12 210 211 212 213
11 12 17 60 61 63
45 46 47
60 61 63
10 27 28
3 6 9 11 12 14 24 32 33 34 35 36 37 38 39 42 181 182 183 184 186 189 190 191 192 216 221 222 223 224 225 226 227 228 231 232
3 6 9 11 12 14 32 33 34 35 36 38 39 40 41 42 43 49 71 179 180 181 182 183 184 186 189 191 192 193 197 198 209 216 221 225 226 227 229 230 232
72 73
10
0 1 2 4
50 51 56 57 58 59 90 93 95 96 100 101 102 103 106 107 108 109 110 111 112 113 129 132 133 134 135 136 141 144 145 154 155 157 158 159 160 161 162 170 171 172 173 174 175 176 196 210 211 212 213 215
50 51 54 55 56 57 58 59 90 93 95 96 100 101 102 103 106 107 108 109 112 116 117 129 131 133 134 135 136 138 140 144 145 146 154 155 157 159 160 161 162 170 171 172 173 174 175 176 196 215
68 69 70
3 6 9 11 12 14 32 34 35 36 38 39 40 42 48 49 71 178 179 180 181 182 183 184 186 189 191 192 197 198 200 201 202 203 205 206 208 209 216
50 51 56 57 58 59 90 93 95 96 100 101 102 103 106 107 108 109 110 111 112 113 115 127 129 131 133 134 135 136 139 140 144 145 146 154 155 157 159 160 161 162 170 171 172 173 174 175 176 181 182 183 184 186 189 190 191 192 196 200 201 202 203 205 207 208 215 216
50 51 56 57 58 59 90 93 95 96 100 101 102 103 106 107 108 109 112 129 133 134 135 136 137 144 145 146 154 155 157 159 160 161 162 170 171 172 173 174 175 176 196 215
72 73
56 57 58 59 86 90 93 94 95 96 97 98 99 100 150 151 155 157 159 160 161 162 163 164 165 166 167 170 171 172 173 174 175 176 214 233 234
68 69 70
60 61 62 63 112 113 119 122
10 74 75 76 82 84
74 76 79 82 83 84
50 51 56 57 58 59 90 93 95 96 100 101 102 103 106 107 108 109 110 111 112 113 115 127 129 131 133 134 135 136 139 140 144 145 146 154 155 157 159 160 161 162 170 171 172 173 174 175 176 181 182 183 184 186 189 190 191 192 196 200 201 202 203 204 207 208 215 216
74 80 82 83
10
74 76 77 82 84
50 51 56 57 58 59 90 91 93 95 96 100 101 102 103 104 106 107 108 109 112 126 129 131 133 134 135 136 138 140 144 145 146 154 155 157 159 160 161 162 166 167 170 171 172 173 174 175 176 196 215
11 12 16 17 60 61 62 63

56 57 58 59 94 149 150 151 157 159 160 162 163 164 165 166 167 169 172 214
60 61 62 63
50 51 56 57 58 59 90 93 95 96 100 101 102 103 106 107 108 109 112 125 129 131 133 134 135 136 138 140 144 145 146 154 155 157 159 160 161 162 170 171 172 173 174 175 176 196 215
6 7 8 9 11 12 33 34 41 42 43 181 186 187 188 189 192 221 225 226 232
45 46 47
3 6 9 11 12 14 32 34 35 36 38 39 40 41 42 43 49 180 181 182 183 184 186 189 191 192 216 221 225 226 227 229 230 232
10 26 31
74 79 82 83
50 51 56 57 58 59 87 88 89 90 91 92 93 95 96 100 101 102 103 104 105 106 107 108 109 112 129 131 133 134 135 136 138 140 142 143 145 146 154 155 157 159 160 161 162 166 167 170 171 172 173 174 175 176 196 215
3 6 9 11 12 14 32 34 35 36 38 39 40 41 42 43 179 180 181 182 183 184 186 189 190 191 192 216 221 225 226 227 229 231 232
6 7 8 9 11 12 33 34 41 42 43 181 186 187 188 189 192 221 225 226 232
11 12 210 211 212 213
10 11 12 13
10 21 22
53 68 69 70
45 46 47
3 6 9 11 12 14 32 34 35 36 38 41 42 43 181 182 183 184 186 189 190 191 192 216 221 222 223 225 226 227 228 229 231 232
3 6 9 11 12 14 32 34 35 36 38 41 42 43 181 182 183 184 186 189 190 191 192 200 201 202 203 205 207 208 216
50 51 56 57 58 59 90 93 95 96 100 101 102 103 106 107 108 109 112 113 114 129 130 131 133 134 135 136 138 140 144 145 146 154 155 157 158 159 160 161 162 170 171 172 173 174 175 176 194 195 196 210 211 212 213 215 233 234 235
3 6 9 11 12 14 24 33 34 35 36 37 38 39 40 41 42 43 181 182 183 184 185 186 189 190 191 192 216 221 222 223 225 226 227 228 231 232
45 46
50 51 56 57 58 59 90 93 95 96 100 101 102 103 106 107 108 109 110 111 112 113 115 127 129 131 133 134 135 136 139 140 144 145 146 154 155 157 159 160 161 162 170 171 172 173 174 175 176 177 181 182 183 184 186 189 190 191 192 196 215 216 217 218 219 220 221 222 223 225 226 227 228 231 232
52 53
74 82
60 61 63
50 51 54 55 56 57 58 59 90 93 95 96 100 101 102 103 106 107 108 109 112 116 117 118 124 129 131 133 134 135 136 138 140 144 145 146 154 155 157 159 160 161 162 170 171 172 173 174 175 176 196 215
10 20 23
3 6 7 8 9 11 12 14 32 33 34 35 36 38 39 40 41 42 43 181 182 183 184 186 187 188 189 190 191 192 193 216 221 225 226 227 229 231 232
50 51 54 56 57 58 59 90 93 95 96 100 101 102 103 106 107 108 109 112 116 117 129 131 133 134 135 136 138 140 144 145 146 154 155 157 159 160 161 162 170 171 172 173 174 175 176 196 215
45 46 47
45 46 47
10 11 12 16 60 61 62 63
44 45 46 47
50 51 56 57 58 59 90 93 94 95 96 100 101 102 103 106 107 108 109 112 129 133 135 136 149 150 151 155 157 159 160 161 162 163 164 165 166 167 169 170 171 172 173 174 175 176 196 214 215
60 61 62 63 112 113 119 122
54
53 68 69 70
2 4 10 25
87 89
3 6 7 8 9 11 12 14 32 33 34 35 36 38 41 42 43 181 182 183 184 186 187 188 189 190 191 192 200 201 202 203 204 207 208 216
50 51 56 57 58 59 90 93 95 96 100 101 102 103 106 107 108 109 110 111 112 113 115 127 128 129 131 133 134 135 136 139 140 144 145 146 154 155 157 159 160 161 162 170 171 172 173 174 175 176 177 181 182 183 184 186 189 190 191 192 196 199 200 201 202 203 204 207 208 215
50 51 56 57 58 59 65 66 85 90 93 94 95 96 100 101 102 103 106 107 108 109 112 129 130 131 133 134 135 136 138 140 144 145 146 147 148 149 150 151 152 153 154 155 157 159 160 161 162 163 164 165 166 167 169 170 171 172 173 174 175 176 196 214 215 233 234 235
50 51 56 57 58 59 90 93 95 96 100 101 102 103 106 107 108 109 110 111 112 113 115 127 129 131 133 134 135 136 139 140 144 145 146 154 155 157 159 160 161 162 170 171 172 173 174 175 176 181 182 183 184 186 189 190 191 192 196 200 201 202 203 204 207 208 215 216
74 75 76 82 84
3 6 9 11 12 14 32 35 36 37 38 42 181 182 183 184 186 189 190 191 192 216 221 222 223 225 226 227 228 229 231 232

3 6 9 11 12 14 32 35 36 38 39 40 42 49 71 179 180 181 182 183 184 186 189 191 192 197 198 209 216 221 225 226 227 229 230 232
3 6 9 11 12 14 24 33 34 35 37 41 42 43 181 182 183 184 185 186 189 190 191 192 216 221 222 223 225 226 227 228 231 232
73
68 69 70
50 51 54 55 56 57 58 59 90 93 95 96 100 101 102 103 106 107 108 109 112 116 117 129 131 133 134 135 136 138 140 144 145 146 154 155 157 159 160 161 162 170 171 172 173 174 175 176 196 215
3 6 9 11 12 14 24 33 34 35 36 37 38 39 40 41 42 43 181 182 183 184 185 186 189 190 191 192 216 221 222 223 225 226 227 228 231 232
3 6 7 8 9 11 12 14 32 33 34 35 36 38 41 42 43 181 182 183 184 186 187 188 189 190 191 192 216 221 222 223 225 226 227 228 231 232
3 6 9 11 12 14 24 33 34 35 36 37 38 39 40 41 42 43 181 182 183 184 185 186 189 190 191 192 216 221 222 223 225 226 227 228 231 232
52 53
45 46 47
10 29 30
11 12 18 60 61 64
50 51 56 57 58 59 85 90 93 94 95 96 100 101 102 103 106 107 108 109 110 111 112 113 115 127 129 131 133 134 135 136 139 140 144 145 146 147 148 149 150 151 154 155 157 159 160 161 162 163 164 165 166 167 169 170 171 172 173 174 175 176 181 182 183 184 186 189 190 191 192 196 214 215 216 221 222 223 225 226 227 228 231 232
50 51 56 57 58 59 90 93 95 96 100 101 102 103 106 107 108 109 112 129 130 131 133 134 135 136 138 140 144 145 146 154 155 157 159 160 161 162 170 171 172 173 174 175 176 196 214 215 233 234 235
6 11 12 33 35 37 42 179 180 181 186 189 192 193 221 225 226 227 232
53 68 69 70
74 78 79 82 83
74 76 82 84
60 61 62 63
50 51 56 57 58 59 60 61 64 90 93 95 96 100 101 102 103 106 107 108 109 112 121 123 125 129 131 133 134 135 136 138 140 144 145 146 154 155 157 159 160 161 162 170 171 172 173 174 175 176 196 215
74 76 82 84
56 57 58 59 94 149 150 151 157 159 160 162 163 164 165 166 167 169 172 214
50 51 56 57 58 59 90 93 95 96 100 101 102 103 106 107 108 109 112 125 129 131 133 134 135 136 138 140 144 145 146 154 155 156 157 159 160 161 162 170 171 172 173 174 175 176 196 215
74 79 82 83

74 75 76 82 84
5 11 12 210 211 212 213
50 51 56 57 58 59 90 93 95 96 100 101 102 103 106 107 108 109 112 126 129 131 133 134 135 136 138 140 144 145 146 154 155 157 159 160 161 162 170 171 172 173 174 175 176 196 215
10 14 15 19 24
5 11 12 210 211 212 213
54 55
50 51 56 57 58 59 90 93 95 96 100 101 102 103 106 107 108 109 112 129 133 134 135 136 137 144 145 146 154 155 157 159 160 161 162 170 171 172 173 174 175 176 196 215
56 57 58 59 85 90 93 94 95 96 97 98 99 100 147 148 149 150 151 155 157 159 160 161 162 163 164 165 166 167 169 170 171 172 173 174 175 176 214 233 234
50 51 56 57 58 59 90 93 95 96 100 101 102 103 106 107 108 109 112 129 130 131 133 134 135 136 138 140 144 145 146 154 155 157 159 160 161 162 170 171 172 173 174 175 176 196 214 215 233 234 235
45 46 47
74 79 82 83
50 51 56 57 58 59 90 93 95 96 100 101 102 103 106 107 108 109 112 129 130 131 133 134 135 136 138 140 144 145 146 154 155 157 159 160 161 162 170 171 172 173 174 175 176 196 214 215 233 234 235
53 67 68 69 70
11 12 16 60 61 62 63
50 51 56 57 58 59 90 93 95 96 100 101 102 103 106 107 108 109 112 129 133 134 135 136 137 144 145 146 154 155 157 159 160 161 162 170 171 172 173 174 175 176 196 215
53 68 69 70

74 81 82 83
50 51 56 57 58 59 90 93 95 96 100 101 102 103 106 107 108 109 112 126 129 131 133 134 135 136 138 140 144 145 146 154 155 157 159 160 161 162 168 170 171 172 173 174 175 176 196 215
11 12 210 211 212 213
11 12 16 17 60 62 63

50 51 56 57 58 59 90 93 95 96 100 101 102 103 106 107 108 109 112 129 131 133 134 135 136 138 140 144 145 146 154 155 157 159 160 161 162 170 171 172 173 174 175 176 196 215
56 57 58 59 86 90 93 94 95 96 97 98 99 100 150 151 155 157 159 160 161 162 163 164 165 166 167 170 171 172 173 174 175 176 214 233 234
56 57 58 59 94 149 150 151 157 159 160 162 163 164 165 166 167 169 172 214
53 67 68 69
3 6 9 11 12 14 32 34 35 36 38 39 40 42 48 49 71 178 179 180 181 182 183 184 186 189 191 192 197 198 200 201 202 203 205 206 208 209 216
50 51 56 57 58 59 90 93 95 96 100 101 102 103 106 107 108 109 112 125 129 131 133 134 135 136 138 140 144 145 146 154 155 157 159 160 161 162 170 171 172 173 174 175 176 196 215
56 57 58 59 86 90 93 94 95 96 97 98 99 100 150 151 155 157 159 160 161 162 163 164 165 166 167 170 171 172 173 174 175 176 214 233 234
50 51 56 57 58 59 60 61 62 63 90 93 95 96 100 101 102 103 106 107 108 109 112 120 123 125 129 131 133 134 135 136 138 140 144 145 146 154 155 157 159 160 161 162 170 171 172 173 174 175 176 196 215
73
