401 402 403 414 415 416 417 426 427 428 429 430 1867 1868 1869 1872 1873
4207 4208 4209 4211 4214 4221 4223 4226 5064 5066 5067 5068 5070 5072 5076 5077 5078 5079 5080 5081 5084 5088 5089 5093 5225 5226 5227 5228 5229 5230 5231 5258 5260 5263 5266 5267 5275 5276 5277 5292 5295
4064 4066 4067 4068 4682 4684 4685
572 573 2035 2036 2062 2064 2638 2640 2641 2642 2643 2644 2645 2652 2654 2657 2659 2662 2664 2667 2671 2673 2676 2678 2681 2682 2683 2686 2689 2692 2693 2695 2704 2705 2706 2707 2708 2709 2715 2722 2723 2724 2727 2729 2738 2739 2740 2743 2745 2754 2755 2758 2759 2760 2762 2765 2766 2768 2770 2773 3270 3271 3277 3278 3279 3569 3570 3581 3582 3594 3596 3597 3598 3599 3608 3609 4009 4010 4045 4046 4055 4056 4060 4061 4641 4642 4650 4651 4652 4653 6087 6088 6109 6110 6111 6112 6113 6114 6115 6180 6279 6281 6284 6288 6290 6293 6349 6350 6351
1867 1868 1869 1906 1907 1908 3354 3355 3363 3373 3374 3382 3383 3384 3402 3403 3406 3407 3410 3411
52 53 54 55 80 81 89 90 98 99 109 110 111 401 402 403 414 415 416 417 426 427 428 429 430 572 573 612 614 637 641 642 645 646 652 654 656 659 661 667 668 670 674 675 676 687 689 690 695 696 700 702 704 705 711 725 729 730 733 745 749 753 757 760 761 762 776 777 788 790 791 792 793 807 809 810 811 817 819 830 832 836 837 843 845 848 849 861 869 870 885 887 888 890 893 894 895 900 901 907 921 922 925 927 929 933 937 939 944 946 955 956 959 960 962 1672 1673 1867 1868 1869 1872 1873 1876 1877 1884 1885 1888 1889 1906 1907 1908 1909 3295 3296 3299 3300 3303 3304 3309 3312 3313 3581 3582 3594 3596 3597 3598 3599 3629 3630 3631 3637 3645 3646 3647 3657 3658 3663 3664 3675 3676 4009 4010 4045 4046 4055 4056 4060 4061 4064 4066 4067 4068 4641 4642 4650 4651 4652 4653 4682 4684 4688 4690 4691 4695 4696 4697 4698 4699 4700 4701 4731 4732 4733 5341 5342 5514 5515
1867 1868 1869 1872 1873 1906 1907 1908 1909 2903 2904 3125 3126 3134 3135 3136 3155 3156 3165 3166 3167 3168 3184 3186 3187 3190 3191 3201 3202 3205 3206 3207 3208 3209 3212 3213 3214 3215 3216 3218 3354 3355 3373 3374 3382 3383 3384 3402 3403 3406 3407 3410 3411 4273 4274
401 402 403 414 415 416 417 426 427 428 429 430 572 573 586 587 637 641 642 645 646 652 654 656 659 661 667 668 670 674 675 676 687 689 690 695 696 700 702 704 705 711 725 729 745 749 753 757 760 761 762 776 777 788 790 797 807 809 819 830 832 833 869 870 885 887 890 893 897 921 922 925 927 929 933 937 939 944 946 955 956 957 1672 1673 1867 1868 1869 1872 1873 1876 1877 1888 1889 1906 1907 1908 1909 3270 3271 3277 3278 3279 3354 3355 3363 3373 3374 3382 3383 3384 3402 3403 3406 3407 3410 3411 3581 3582 3594 3596 3597 3598 3599 4009 4010 4045 4046 4055 4056 4060 4061 4641 4642 4650 4651 4652 4653
52 53 54 55 89 90 98 99 109 110 113
1867 1868 1869 1884 1885 1888 1889 1906 1907 1908 1909 2961 2962 3029 3030 3031 3032 3034 3043 3044 3045 3046 3047 3049 3058 3059 3060 3061 3373 3374 3382 3383 3384 3402 3403 3410 3411
1459 1460 1466 1467 1482 1483 1484 1664 1665
401 402 403 414 415 416 417 426 427 428 429 430 563 564 572 573 586 587 637 641 642 645 646 652 654 656 659 661 667 668 670 674 675 676 687 689 690 695 696 700 702 704 705 711 712 713 725 729 760 761 762 776 777 788 790 797 807 809 819 830 832 833 869 870 921 922 925 927 929 933 937 939 944 946 1459 1460 1466 1467 1482 1483 1484 1664 1665 1672 1673 1867 1868 1869 1872 1873 1876 1877 1884 1885 1888 1889 1906 1907 1908 1909 2035 2036 2062 2064 2072 2074 2075 2076 2079 2083 2084 2085 2086 2087 2088 2089 2091 2092 2094 2095 2098 2102 2104 2108 2111 2112 2133 2134 2137 2138 2139 2142 2148 2149 2154 2155 2156 2159 2160 2165 2166 2167 2169 2172 2175 2176 2177 2178 2191 2200 2201 2202 2203 2205 2638 2640 2641 2642 2643 2644 2645 2652 2654 2657 2659 2662 2664 2667 2671 2673 2676 2678 2681 2682 2683 2686 2689 2692 2693 2695 2704 2705 2706 2707 2708 2709 2715 2722 2723 2724 2727 2729 2738 2739 2740 2743 2745 2754 2755 2758 2759 2760 2762 2765 2766 2768 2770 2773 3270 3271 3277 3278 3279 3569 3570 3581 3582 3594 3596 3597 3598 3599 3608 3609 3629 3630 3631 3637 3645 3646 3647 3657 3658 3663 3664 3675 3676 4009 4010 4045 4046 4055 4056 4060 4061 4064 4066 4067 4075 4087 4641 4642 4650 4651 4652 4653 4682 4684 4688 4690 4691 4711 4712 6087 6088 6109 6110 6111 6112 6113 6114 6115 6144 6145 6146 6147 6148 6149 6150 6158 6159 6160 6161 6162 6163 6164 6172 6173 6174 6180 6279 6281 6284 6288 6290 6293 6349 6350 6351 6358 6360 6362 6370 6371 6372 6375 6393 6399
1867 1868 1869 1872 1873 3373 3374 3402 3403
401 402 403 414 415 416 417 426 427 428 429 430 563 564 572 573 586 587 637 641 642 645 646 652 654 656 659 661 667 668 670 674 675 676 687 689 690 695 696 700 702 704 705 711 712 713 725 729 760 761 762 776 777 788 790 797 807 809 819 830 832 833 869 870 921 922 925 927 929 933 937 939 944 946 1664 1665 1672 1673 1777 1778 1785 1786 1801 1802 1817 1818 1819 1820 1867 1868 1869 1872 1873 1876 1877 1884 1885 1888 1889 1906 1907 1908 1909 2035 2036 2062 2064 2072 2074 2075 2076 2083 2084 2085 2086 2087 2088 2089 2091 2094 2095 2098 2102 2104 2108 2111 2112 2133 2134 2137 2138 2139 2142 2148 2149 2154 2155 2156 2157 2159 2160 2161 2162 2163 2175 2176 2177 2178 2191 2192 2193 2194 2195 2196 2198 2638 2640 2641 2642 2643 2644 2645 2652 2654 2657 2659 2662 2664 2667 2671 2673 2676 2678 2681 2682 2683 2686 2689 2692 2693 2695 2704 2705 2706 2707 2708 2709 2715 2722 2723 2724 2727 2729 2738 2739 2740 2743 2745 2754 2755 2758 2759 2760 2762 2765 2766 2768 2770 2773 3270 3271 3277 3278 3279 3569 3570 3581 3582 3594 3596 3597 3598 3599 3608 3609 3629 3630 3631 3637 3645 3646 3647 3657 3658 3663 3664 3675 3676 4009 4010 4045 4046 4055 4056 4060 4061 4064 4066 4067 4068 4641 4642 4650 4651 4652 4653 4682 4684 4688 4690 4691 4695 4696 4697 4698 4699 4700 4701 4731 4732 4733 6087 6088 6144 6145 6146 6147 6148 6149 6150 6158 6159 6160 6161 6162 6163 6164 6172 6173 6174 6180 6279 6281 6284 6288 6290 6293 6349 6350 6351 6358 6360 6362 6370 6371 6372 6375 6393 6399

1867 1868 1869 1884 1885 1888 1889 1906 1907 1908 1909 3569 3570 3581 3582 3594 3596 3597 3598 3599 3645 3646 3647 3657 3658 3663 3664 4009 4010 4045 4046 4055 4056 4060 4061 4641 4642 4650 4651 4652 4653
52 53 54 55 70 71 89 90 98 99 109 110 111 401 402 403 414 415 416 417 426 427 428 429 430 572 573 623 626 637 641 642 645 646 652 654 656 659 661 667 668 670 674 675 676 687 689 690 695 696 700 702 704 705 711 712 713 725 729 730 733 757 760 761 762 776 777 788 790 791 807 809 810 811 817 819 830 832 836 837 843 845 869 870 921 922 925 927 929 933 937 939 944 946 955 956 959 960 962 1523 1664 1665 1672 1673 1867 1868 1869 1872 1873 1876 1877 1884 1885 1888 1889 1906 1907 1908 1909 3270 3271 3277 3278 3279 3295 3296 3303 3304 3309 3569 3570 3581 3582 3594 3596 3597 3598 3599 3629 3630 3631 3645 3646 3647 3657 3658 3663 3664 3675 3676 4009 4010 4045 4046 4055 4056 4060 4061 4064 4066 4067 4068 4641 4642 4650 4651 4652 4653 4682 4684 4688 4690 4695 4696 4697 4698 4699 4700 4701 4731 4732 4733 6079 6080 6180 6196 6197 6198 6249 6251 6254 6258 6260 6261 6263 6266 6269 6523 6524 6525 6526 6529 6530 6531 6545 6546 6571 6573 6579 6580 6582 6583 6586 6588 6589 6593 6612 6613 6616 6617 6618 6621
572 573 3270 3271 3277 3278 3279 3569 3570 3581 3582 3594 3596 3597 3598 3599 4009 4010 4045 4046 4055 4056 4060 4061 4641 4642 4650 4651 4652 4653 6079 6080 6144 6145 6146 6147 6148 6149 6150 6180 6231 6233 6234 6249 6251 6254 6258 6260 6263 6266 6269 6523 6524 6525 6526 6529 6530 6531
401 402 403 414 415 416 417 426 427 428 429 430 586 587 637 641 642 645 646 652 654 656 659 661 667 668 670 674 675 676 687 689 690 695 696 700 702 704 705 711 712 713 725 729 760 761 762 776 777 788 790 797 807 809 819 830 832 833 869 870 921 922 925 927 929 933 937 939 944 946 1523 1664 1665 1672 1673 1867 1868 1869 1872 1873 1876 1877 1884 1885 1888 1889 1906 1907 1908 1909 3629 3630 3631 3637 3645 3646 3647 3657 3658 3663 3664 3675 3676 4064 4066 4067 4068 4682 4684 4688 4690 4691 6358 6360 6362 6370 6371 6372 6375 6393 6399
52 53 54 55 70 71 89 90 98 99 109 110 111 401 402 403 414 415 416 417 426 427 428 429 430 572 573 623 626 637 641 642 645 646 652 654 656 659 661 667 668 670 674 675 676 687 689 690 695 696 700 702 704 705 711 725 729 730 733 745 749 753 757 760 761 762 776 777 788 790 791 792 793 807 809 810 811 817 819 830 832 836 837 843 845 848 849 861 869 870 885 887 888 890 891 921 922 925 927 929 933 937 939 944 946 955 956 959 960 962 1672 1673 1867 1868 1869 1872 1873 1876 1877 1884 1885 1888 1889 1906 1907 1908 1909 3295 3296 3299 3300 3303 3304 3309 3312 3313 3354 3355 3363 3373 3374 3382 3383 3384 3402 3403 3406 3407 3410 3411 6529 6530 6531 6541 6542 6571 6573 6579 6580 6582 6583 6584 6586 6588 6593 6594 6596 6600 6612 6613 6616 6617 6618 6621 6645 6646 6647 6650 6651
4682 4684 4688 4690 4695 4696 4697 4705
1867 1868 1869 1884 1885 1888 1889 1906 1907 1908 1909 3594 3596 3597 3598 3599 3629 3630 3631 3645 3646 3647 3657 3658 3663 3664 3675 3676 4009 4010 4045 4046 4055 4056 4060 4061 4064 4066 4067 4075 4076 4077 4078 4081 4082 4087 4641 4642 4650 4651 4652 4653 4682 4684 4688 4690 4691 4695 4696 4697 4698 4705 4711 4712 4715 4716 4731 4732 4733
401 402 403 414 415 416 417 1867 1868 1869
4175 4176 4207 4208 4209 4211 4212 4214 4221 4223 4226 5064 5066 5067 5068 5070 5072 5076 5077 5078 5079 5080 5088 5089 5090 5104 5105 5106 5107 5108 5109 5111 5112 5114 5116 5119 5120 5225 5226 5227 5228 5229 5230 5231 5258 5260 5263 5266 5267 5275 5276 5277 5292 5295
401 402 403 414 415 416 417 426 427 428 429 430 572 573 599 601 637 641 642 645 646 652 654 656 659 661 667 668 670 674 675 676 687 689 690 695 696 700 702 704 705 711 712 713 725 729 745 749 753 760 761 762 776 777 788 790 797 807 809 819 830 832 833 869 870 885 887 890 891 921 922 925 927 929 933 937 939 944 946 1523 1664 1665 1672 1673 1867 1868 1869 1872 1873 1876 1877 1884 1885 1888 1889 1906 1907 1908 1909 3270 3271 3277 3278 3279 3581 3582 3594 3596 3597 3598 3599 3629 3630 3631 3637 3645 3646 3647 3657 3658 3663 3664 3675 3676 4009 4010 4045 4046 4055 4056 4060 4061 4064 4066 4067 4068 4641 4642 4650 4651 4652 4653 4682 4684 4688 4690 4691
3928 3929 3930 3931 3961 3962 4317 4318 4319 4321 4322 4323 4324 4325 4326 4344 4345 4346 4347 4348 4349 4350 4351 4353 4355 4357 4358 4360 4361 4362 4363 4368 4371 4372 4489 4491 4492 4494 4495 4496 4497 4501 4504 4556 4557 4558 4578 4579 4580
52 53 54 55 80 81 89 90 98 99 109 110 111 401 402 403 414 415 416 417 426 427 428 429 430 572 573 623 626 637 641 642 645 646 652 654 656 659 661 667 668 670 674 675 676 687 689 690 695 696 700 702 704 705 711 725 729 730 733 745 749 753 757 760 761 762 776 777 788 790 791 792 793 807 809 810 811 817 819 830 832 836 837 843 845 848 849 861 869 870 885 887 888 890 891 921 922 925 927 929 933 937 939 944 946 955 956 959 960 962 1672 1673 1867 1868 1869 1872 1873 1876 1877 1884 1885 1888 1889 1906 1907 1908 1909 3295 3296 3299 3300 3303 3304 3309 3312 3313 3581 3582 3594 3596 3597 3598 3599 3629 3630 3631 3637 3645 3646 3647 3657 3658 3663 3664 3675 3676 4009 4010 4045 4046 4055 4056 4060 4061 4064 4066 4067 4068 4641 4642 4650 4651 4652 4653 4682 4684 4688 4690 4691 4695 4696 4697 4698 4699 4700 4701 4731 4732 4733
1867 1868 1869 3760 3761 3762 3764 3768 3775 3776 3781 3784 3785
52 53 54 55 80 81 89 90 98 99 109 110 111 401 402 403 414 415 416 417 426 427 428 429 430 530 531 572 573 612 614 637 641 642 645 646 652 654 656 659 661 667 668 670 674 675 676 687 689 690 695 696 700 702 704 705 708 711 725 729 730 733 757 760 761 762 776 777 788 790 791 807 809 810 811 817 819 830 832 836 837 843 845 869 870 921 922 925 927 929 933 937 939 944 946 955 956 959 960 962 1672 1673 1867 1868 1869 1872 1873 1876 1877 1884 1885 1888 1889 1906 1907 1908 1909 3277 3278 3279 3295 3296 3303 3304 3305 3309 3454 3455 3581 3582 3594 3596 3597 3598 3599 3629 3630 3631 3645 3646 3647 3657 3658 3663 3664 3675 3676 4009 4010 4045 4046 4055 4056 4060 4061 4064 4066 4067 4068 4641 4642 4650 4651 4652 4653 4682 4684 4688 4690 4695 4696 4697 4698 4699 4700 4701 4731 4732 4733 5514 5515 5518 5519 5883 5884
1867 1868 1869 2972 2973 2974 2976 2978 2987 2994 3029 3030 3031 3034 3058 3059 3060 3061
401 402 403 414 415 416 417 426 427 428 429 430 563 564 572 573 586 587 637 641 642 645 646 652 654 656 659 661 667 668 670 674 675 676 687 689 690 695 696 700 702 704 705 711 712 713 725 729 760 761 762 776 777 788 790 797 807 809 819 830 832 833 869 870 921 922 925 927 929 933 937 939 944 946 1459 1460 1466 1467 1482 1483 1484 1664 1665 1672 1673 1867 1868 1869 1872 1873 1876 1877 1884 1885 1888 1889 1906 1907 1908 1909 2035 2036 2062 2064 2072 2074 2075 2076 2083 2084 2085 2086 2087 2088 2089 2091 2094 2095 2098 2102 2104 2108 2111 2112 2133 2134 2137 2138 2139 2142 2148 2149 2154 2155 2156 2159 2160 2165 2166 2167 2169 2172 2175 2176 2177 2178 2191 2200 2201 2202 2203 2205 2638 2640 2641 2642 2643 2644 2645 2652 2654 2657 2659 2662 2664 2667 2671 2673 2676 2678 2681 2682 2683 2686 2689 2692 2693 2695 2704 2705 2706 2707 2708 2709 2715 2722 2723 2724 2727 2729 2738 2739 2740 2743 2745 2754 2755 2758 2759 2760 2762 2765 2766 2768 2770 2773 3270 3271 3277 3278 3279 3569 3570 3581 3582 3594 3596 3597 3598 3599 3608 3609 3629 3630 3631 3637 3645 3646 3647 3657 3658 3663 3664 3675 3676 4009 4010 4045 4046 4055 4056 4060 4061 4064 4066 4067 4075 4087 4641 4642 4650 4651 4652 4653 4682 4684 4688 4690 4691 4711 4712 6087 6088 6109 6110 6111 6112 6113 6114 6115 6144 6145 6146 6147 6148 6149 6150 6158 6159 6160 6161 6162 6163 6164 6172 6173 6174 6180 6279 6281 6284 6288 6290 6293 6349 6350 6351 6358 6360 6362 6370 6371 6372 6375 6393 6399
401 402 403 414 415 416 417 426 427 428 429 430 572 573 586 587 637 641 642 645 646 652 654 656 659 661 667 668 670 674 675 676 687 689 690 695 696 700 702 704 705 711 712 713 725 729 760 761 762 776 777 788 790 797 807 809 819 830 832 833 869 870 921 922 925 927 929 933 937 939 944 946 1523 1664 1665 1672 1673 1867 1868 1869 1872 1873 1876 1877 1884 1885 1888 1889 1906 1907 1908 1909 2035 2036 2062 2064 2072 2074 2075 2076 2079 2083 2084 2085 2086 2087 2088 2089 2091 2092 2094 2095 2096 2104 2108 2638 2640 2641 2642 2643 2644 2645 2652 2654 2657 2659 2662 2664 2667 2671 2673 2676 2678 2681 2682 2683 2686 2689 2692 2693 2695 2704 2705 2706 2707 2708 2709 2715 2722 2723 2724 2727 2729 2738 2739 2740 2743 2745 2754 2755 2758 2759 2760 2762 2765 2766 2768 2770 2773 3270 3271 3277 3278 3279 3569 3570 3581 3582 3594 3596 3597 3598 3599 3608 3609 3629 3630 3631 3637 3645 3646 3647 3657 3658 3663 3664 3675 3676 4009 4010 4045 4046 4055 4056 4060 4061 4064 4066 4067 4068 4641 4642 4650 4651 4652 4653 4682 4684 4688 4690 4691 4695 4696 4697 4698 4699 4700 4701 4731 4732 4733 6087 6088 6109 6110 6111 6112 6113 6114 6115 6180 6279 6281 6284 6288 6290 6293 6349 6350 6351 6358 6360 6362 6370 6371 6372 6375 6393 6399
4175 4176 4207 4208 4209 4211 4214 4221 4223 4226 5064 5066 5067 5068 5070 5072 5076 5077 5078 5079 5080 5081 5084 5088 5089 5093 5225 5226 5227 5228 5229 5230 5231 5258 5260 5263 5266 5267 5275 5276 5277 5292 5295
1867 1868 1869 3291 3292 3303 3304 3305 3309 3454 3455 5518 5519
1459 1460 1466 1467 1482 1483 1484 1664 1665
401 402 403 414 415 416 417 426 427 428 429 430 572 573 586 587 637 641 642 645 646 652 654 656 659 661 667 668 670 674 675 676 687 689 690 695 696 700 702 704 705 711 725 729 745 749 753 757 760 761 762 776 777 788 790 797 807 809 819 830 832 833 869 870 885 887 890 893 897 921 922 925 927 929 933 937 939 944 946 955 956 959 960 962 1672 1673 1867 1868 1869 1872 1873 1876 1877 1888 1889 1906 1907 1908 1909 3270 3271 3277 3278 3279 3354 3355 3363 3373 3374 3382 3383 3384 3402 3403 3406 3407 3410 3411 3581 3582 3594 3596 3597 3598 3599 4009 4010 4045 4046 4055 4056 4060 4061 4641 4642 4650 4651 4652 4653 6349 6350 6351 6358 6360 6362 6370 6371 6372 6375 6393 6399
2062 2064 2638 2640 2641 2642 2643 2644 2645 2652 2654 2657 2659 2662 2664 2667 2671 2673 2676 2678 2681 2682 2683 2686 2689 2692 2695 2704 2705 2706 2707 2708 2709 2715 2722 2723 2724 2727 2729 2738 2739 2740 2743 2745 2754 2755 2758 2759 2760 2762 2765 2766 2768 2770 2773 3270 3271 3277 3278 3279
4009 4010 4020 4021 4022 4023 4024 4025 4027 4035 4036 4064 4066 4067 4068 4641 4642 4650 4651 4652 4653 4673 4674 4682 4684 4688 4690 4691 4711 4712
401 402 403 414 415 416 417 426 427 428 429 430 563 564 572 573 586 587 637 641 642 645 646 652 654 656 659 661 667 668 670 674 675 676 687 689 690 695 696 700 702 704 705 711 712 713 725 729 760 761 762 776 777 788 790 797 807 809 819 830 832 833 869 870 921 922 925 927 929 933 937 939 944 946 1459 1460 1466 1467 1482 1483 1484 1664 1665 1672 1673 1867 1868 1869 1872 1873 1876 1877 1884 1885 1888 1889 1906 1907 1908 1909 2035 2036 2062 2064 2072 2074 2075 2076 2079 2083 2084 2085 2086 2087 2088 2089 2091 2092 2094 2095 2098 2102 2104 2108 2111 2112 2133 2134 2137 2138 2139 2142 2148 2149 2154 2155 2156 2159 2160 2165 2166 2167 2169 2172 2175 2176 2177 2178 2191 2200 2201 2202 2203 2205 2638 2640 2641 2642 2643 2644 2645 2652 2654 2657 2659 2662 2664 2667 2671 2673 2676 2678 2681 2682 2683 2686 2689 2692 2693 2695 2704 2705 2706 2707 2708 2709 2715 2722 2723 2724 2727 2729 2738 2739 2740 2743 2745 2754 2755 2758 2759 2760 2762 2765 2766 2768 2770 2773 3270 3271 3277 3278 3279 3569 3570 3581 3582 3594 3596 3597 3598 3599 3608 3609 3629 3630 3631 3637 3645 3646 3647 3657 3658 3663 3664 3675 3676 4009 4010 4045 4046 4055 4056 4060 4061 4064 4066 4067 4075 4087 4641 4642 4650 4651 4652 4653 4682 4684 4688 4690 4691 4711 4712 6087 6088 6109 6110 6111 6112 6113 6114 6115 6144 6145 6146 6147 6148 6149 6150 6158 6159 6160 6161 6162 6163 6164 6172 6173 6174 6180 6279 6281 6284 6288 6290 6293 6349 6350 6351 6358 6360 6362 6370 6371 6372 6375 6393 6399
5514 5515
4009 4010 4641 4642 4650 4651 4652 4653 4711 4712
1867 1868 1869 1872 1873 3569 3570 3581 3582 3594 3596 3597 3598 3599 3657 3658 3663 3664 4009 4010 4045 4046 4055 4056 4060 4061 4641 4642 4650 4651 4652 4653
2444 2445 2446 2449 2451 2452 2453 2462 2463 2464 2465 2466 2467 2468 2471 2479 2493 2494 2495 2496 2498 2501 2503 2506 2507 2510 2512 2513 2523 2530 2531 2532 2533 2540 2541 4632 4633 4641 4642 4650 4651 4652 4653 4673 4674 5341 5342 5514 5515
401 402 403 414 415 416 417 426 427 428 429 430 563 564 572 573 586 587 637 641 642 645 646 652 654 656 659 661 667 668 670 674 675 676 687 689 690 695 696 700 702 704 705 711 712 713 725 729 760 761 762 776 777 788 790 797 807 809 819 830 832 833 869 870 921 922 925 927 929 933 937 939 944 946 1867 1868 1869 1872 1873 1876 1877 1884 1885 1888 1889 1906 1907 1908 1909 3270 3271 3277 3278 3279 3581 3582 3594 3596 3597 3598 3599 3629 3630 3631 3637 3645 3646 3647 3657 3658 3663 3664 3675 3676 4009 4010 4045 4046 4055 4056 4060 4061 4064 4066 4067 4068 4641 4642 4650 4651 4652 4653 4682 4684 4688 4690 4691
1867 1868 1869 3155 3156 3184 3186 3187 3201 3202
401 402 403 414 415 416 417 426 427 428 429 430 572 573 586 587 637 641 642 645 646 652 654 656 659 661 667 668 670 674 675 676 687 689 690 695 696 700 702 704 705 711 712 713 725 729 760 761 762 776 777 788 790 797 807 809 819 830 832 833 869 870 921 922 925 927 929 933 937 939 944 946 1523 1664 1665 1672 1673 1867 1868 1869 1872 1873 1876 1877 1884 1885 1888 1889 1906 1907 1908 1909 3270 3271 3277 3278 3279 3581 3582 3594 3596 3597 3598 3599 3629 3630 3631 3637 3645 3646 3647 3657 3658 3663 3664 3675 3676 4009 4010 4045 4046 4055 4056 4060 4061 4064 4066 4067 4068 4641 4642 4650 4651 4652 4653 4682 4684 4688 4690 4691 6349 6350 6351 6358 6360 6362 6370 6371 6372 6375 6393 6399
401 402 403 414 415 416 417 426 427 428 429 430 541 542 586 587 637 641 642 645 646 652 654 656 659 661 667 668 670 674 675 676 687 689 690 695 696 760 761 762 776 777 788 790 797 830 832 833 869 870 925 927 929 930 933 937 939 940 1672 1673 1867 1868 1869 1872 1873 1876 1877 1884 1885 1888 1889 1954 1955 3629 3630 3631 3637 3657 3658 3663 3664
4262 4263 4264 4273 4274
52 53 54 55 80 81 89 90 98 99 109 110 111 401 402 403 414 415 416 417 426 427 428 429 430 572 573 612 614 637 641 642 645 646 652 654 656 659 661 667 668 670 674 675 676 687 689 690 695 696 700 702 704 705 708 711 712 713 725 729 730 733 757 760 761 762 776 777 788 790 791 807 809 810 811 812 817 819 830 832 836 837 843 845 848 849 861 869 870 921 922 925 927 929 933 937 939 944 946 955 956 959 960 962 1523 1664 1665 1672 1673 1867 1868 1869 1872 1873 1876 1877 1884 1885 1888 1889 1906 1907 1908 1909 3295 3296 3299 3300 3303 3304 3309 3581 3582 3594 3596 3597 3598 3599 3629 3630 3631 3645 3646 3647 3657 3658 3663 3664 3675 3676 4009 4010 4045 4046 4055 4056 4060 4061 4064 4066 4067 4068 4641 4642 4650 4651 4652 4653 4682 4684 4688 4690 4691 4695 4696 4697 4698 4699 4700 4701 4731 4732 4733 5514 5515 5518 5519 5883 5884
3940 3941 3953 3954 3961 3962 4175 4176 4207 4208 4209 4211 4214 4221 4223 4226 4317 4318 4319 4321 4322 4323 4324 4325 4326 4344 4345 4346 4347 4348 4349 4350 4351 4353 4355 4357 4358 4371 4372 4489 4491 4492 4494 4495 4496 4497 4501 4504 4556 4557 4558 4578 4579 4580 5064 5066 5067 5068 5070 5072 5076 5077 5078 5079 5080 5081 5084 5088 5089 5093 5225 5226 5227 5228 5229 5230 5231 5258 5260 5263 5266 5267 5275 5276 5277 5292 5295
563 564 572 573 1204 1205 1213 1214 1225 1226 3270 3271 3277 3278 3279 3569 3570 3581 3582 3594 3596 3597 3598 3599 3608 3609 4009 4010 4045 4046 4055 4056 4060 4061 4641 4642 4650 4651 4652 4653 6079 6080 6109 6110 6111 6112 6113 6114 6115 6125 6126 6127 6128 6129 6130 6131 6132 6133 6134 6135 6180 6218 6220 6221 6224 6227 6228 6249 6251 6254 6258 6260 6263 6266 6269 6523 6524 6525 6526 6529 6530 6531
1867 1868 1869 1872 1873 1906 1907 1908 1909 3125 3126 3144 3145 3146 3155 3156 3165 3166 3167 3168 3184 3186 3187 3194 3196 3197 3201 3202 3205 3206 3207 3208 3209 3212 3213 3214 3215 3216 3218 3373 3374 3382 3383 3384 3402 3403 3410 3411
4317 4318 4319 4321 4322 4323 4324 4325 4326 4344 4345 4346 4347 4348 4349 4350 4351 4353 4355 4357 4358 4360 4361 4362 4363 4368 4371 4372 4489 4491 4492 4494 4495 4496 4497 4501 4504 4565 4566 4578 4579 4580
2444 2445 2446 2449 2451 2452 2455 2456 2457 2459 2462 2463 2464 2465 2466 2467 2468 2469 2471 2472 2473 2474 2475 2479 2482 2484 2485 2486 2487 2488 2490 2493 2494 2495 2496 2498 2501 2503 2506 2507 2516 2517 2523 2530 2531 2532 2533 2536 2537 2540 2541 2544 2545 2546 2547 2551 2552 4632 4633 4641 4642 4650 4651 4652 4653 4662 4663 4673 4674
4064 4066 4067 4068 4682 4684 4688 4690 4695 4696 4697 4705
52 53 54 55 80 81 89 90 98 99 401 402 403 830 832 836 837 843 845 869 870 1867 1868 1869 3295 3296 3373 3374 3402 3403
52 53 54 55 80 81 89 90 98 99 109 110 111 401 402 403 414 415 416 417 426 427 428 429 430 572 573 623 626 637 641 642 645 646 652 654 656 659 661 667 668 670 674 675 676 687 689 690 695 696 700 702 704 705 711 725 729 730 733 745 749 753 757 760 761 762 776 777 788 790 791 792 793 807 809 810 811 817 819 830 832 836 837 843 845 848 849 861 869 870 885 887 888 890 891 921 922 925 927 929 933 937 939 944 946 955 956 959 960 962 1672 1673 1867 1868 1869 1872 1873 1876 1877 1884 1885 1888 1889 1906 1907 1908 1909 3270 3271 3277 3278 3279 3295 3296 3299 3300 3303 3304 3309 3312 3313 3581 3582 3594 3596 3597 3598 3599 3629 3630 3631 3637 3645 3646 3647 3657 3658 3663 3664 3675 3676 4009 4010 4045 4046 4055 4056 4060 4061 4064 4066 4067 4068 4641 4642 4650 4651 4652 4653 4682 4684 4688 4690 4691
1867 1868 1869 1884 1885 1888 1889 1906 1907 1908 1909 3581 3582 3594 3596 3597 3598 3599 3629 3630 3631 3645 3646 3647 3657 3658 3663 3664 3675 3676 4009 4010 4045 4046 4055 4056 4060 4061 4064 4066 4067 4068 4641 4642 4650 4651 4652 4653 4682 4684 4688 4690 4691
52 53 54 55 80 81 89 90 98 99 109 110 111
4055 4056 4060 4061 4064 4066 4067 4075 4076 4077 4078 4079 4081 4082 4084 4650 4651 4652 4653 4682 4684 4688 4690 4695 4696 4697 4698 4699 4700 4701 4705 4711 4712 4715 4716 4731 4732 4733 4735
1867 1868 1869 3114 3115 3134 3135 3136 3155 3156 3184 3186 3187 3190 3191 3201 3202 4650 4651 4652 4653
1867 1868 1869 2903 2904 2952 2953 2961 2962 2972 2973 2974 2976 2978 2979 2980 2981 2982 2994 3029 3030 3031 3032 3034 3058 3059 3060 3061 3373 3374 3402 3403
52 53 54 55 80 81 89 90 98 99 109 110 111 401 402 403 414 415 416 417 426 427 428 429 430 563 564 623 626 637 641 642 645 646 652 654 656 659 661 667 668 670 671 674 675 676 677 687 689 690 695 696 700 702 704 705 711 712 713 725 729 730 733 757 760 761 762 776 777 788 790 791 807 809 810 811 817 819 830 832 836 837 843 845 848 849 861 869 870 921 922 925 927 929 933 937 939 944 946 955 956 959 960 962 1204 1205 1213 1214 1260 1261 1268 1269 1270 1271 1272 1275 1290 1291 1292 1293 1296 1297 1298 1302 1304 1307 1308 1707 1709 1867 1868 1869 1872 1873 1876 1877 1884 1885 1888 1889 1906 1907 1908 1909 3270 3271 3277 3278 3279 3295 3296 3299 3300 3303 3304 3309 3581 3582 3594 3596 3597 3598 3599 3629 3630 3631 3645 3646 3647 3657 3658 3663 3664 3675 3676 4009 4010 4045 4046 4055 4056 4060 4061 4064 4066 4067 4068 4641 4642 4650 4651 4652 4653 4682 4684 4688 4690 4691
5345 5346 5518 5519
2444 2445 2446 2449 2451 2452 2455 2456 2457 2459 2462 2463 2464 2465 2466 2467 2468 2471 2472 2473 2474 2475 2479 2482 2484 2485 2486 2490 2493 2494 2495 2496 2498 2501 2503 2506 2507 2510 2512 2513 2523 2530 2531 2532 2533 2536 2537 2540 2541 2544 2545 2546 2547 2548 2549 2551 2552 4632 4633 4641 4642 4650 4651 4652 4653 4673 4674
401 402 403 414 415 416 417 426 427 428 429 430 552 553 554 555 586 587 637 641 642 645 646 652 654 656 659 661 662 757 760 761 762 788 790 797 830 832 833 869 870 925 927 929 930 933 937 939 940 955 956 959 960 962 1867 1868 1869 1872 1873 1948 3637 3657 3658 3663 3664 5518 5519 5887 5888
1867 1868 1869 1872 1873 3155 3156 3184 3186 3187 3201 3202 4262 4263 4264
4673 4674 4682 4684 4688 4690 4695 4696 4697 4698 4699 4700 4701 4731 4732 4733 4735
52 53 54 55 62 63 89 90 98 99 109 110 113
401 402 403 414 415 416 417 426 427 428 429 430 572 573 599 601 637 641 642 645 646 652 654 656 659 661 667 668 670 674 675 676 687 689 690 695 696 700 702 704 705 711 725 729 745 749 753 760 761 762 776 777 788 790 797 807 809 819 830 832 833 869 870 885 887 890 891 921 922 925 927 929 933 937 939 944 946 1672 1673 1867 1868 1869 1872 1873 1876 1877 1884 1885 1888 1889 1906 1907 1908 1909 3270 3271 3277 3278 3279 3581 3582 3594 3596 3597 3598 3599 3629 3630 3631 3637 3645 3646 3647 3657 3658 3663 3664 3675 3676 4009 4010 4045 4046 4055 4056 4060 4061 4064 4066 4067 4068 4641 4642 4650 4651 4652 4653 4682 4684 4688 4690 4691 6349 6350 6351 6354 6355 6358 6360 6362 6370 6371 6372 6375 6393 6394 6396 6416 6417 6418 6421 6422
1867 1868 1869 3771 3772 3775 3776 3781
1178 1179 1225 1226 1260 1261 1268 1269 1270 1271 1272 1275 1290 1291 1292 1293 1296 1297 1298 1299 1304
401 402 403 414 415 416 417 426 427 428 429 430 563 564 586 587 637 641 642 645 646 652 654 656 659 661 667 668 670 674 675 676 687 689 690 695 696 700 702 704 705 711 712 713 716 718 721 757 760 761 762 776 777 788 790 797 807 809 819 830 832 833 869 870 925 927 929 933 937 939 944 946 955 956 959 960 962 1664 1665 1672 1673 1867 1868 1869 1872 1873 1876 1877 1884 1885 1888 1889 1906 1907 1908 1909 3270 3271 3277 3278 3279 3581 3582 3594 3596 3597 3598 3599 3629 3630 3631 3637 3645 3646 3647 3657 3658 3663 3664 3675 3676 4009 4010 4045 4046 4055 4056 4060 4061 4064 4066 4067 4068 4641 4642 4650 4651 4652 4653 4682 4684 4688 4690 4695 4696 4697 4698 4699 4700 4701 4731 4732 4733 5518 5519
401 402 403 414 415 416 417 426 427 428 429 430 572 573 586 587 637 641 642 645 646 652 654 656 659 661 667 668 670 674 675 676 687 689 690 695 696 700 702 704 705 711 712 713 725 729 745 749 753 757 760 761 762 776 777 788 790 797 807 809 819 830 832 833 869 870 885 887 890 893 897 921 922 925 927 929 933 937 939 944 946 955 956 959 960 962 1523 1664 1665 1672 1673 1867 1868 1869 1872 1873 1876 1877 1884 1885 1888 1889 1906 1907 1908 1909 3270 3271 3277 3278 3279 3581 3582 3594 3596 3597 3598 3599 3629 3630 3631 3637 3645 3646 3647 3657 3658 3663 3664 3675 3676 4009 4010 4045 4046 4055 4056 4060 4061 4064 4066 4067 4068 4641 4642 4650 4651 4652 4653 4682 4684 4688 4690 4691 4695 4696 4697 4698 4699 4700 4701 4731 4732 4733
52 53 54 55 70 71 89 90 98 99 109 110 111 401 402 403 414 415 416 417 426 427 428 429 430 530 531 563 564 572 573 623 626 637 641 642 645 646 652 654 656 659 661 667 668 670 674 675 676 687 689 690 695 696 700 702 704 705 711 712 713 725 729 730 733 757 760 761 762 776 777 788 790 791 792 793 807 809 810 811 817 819 830 832 836 837 843 845 848 849 861 869 870 921 922 925 927 929 933 937 939 944 946 955 956 959 960 962 1459 1460 1466 1467 1482 1483 1484 1664 1665 1672 1673 1867 1868 1869 1872 1873 1876 1877 1884 1885 1888 1889 1906 1907 1908 1909 2035 2036 2062 2064 2072 2074 2075 2076 2079 2083 2084 2085 2086 2087 2088 2089 2091 2092 2094 2095 2098 2099 2104 2108 2119 2120 2121 2122 2123 2125 2133 2134 2137 2138 2139 2142 2148 2149 2154 2155 2156 2157 2159 2160 2161 2162 2163 2175 2176 2177 2178 2191 2200 2201 2202 2203 2205 2638 2640 2641 2642 2643 2644 2645 2652 2654 2657 2659 2662 2664 2667 2671 2673 2676 2678 2681 2682 2683 2686 2689 2692 2693 2695 2704 2705 2706 2707 2708 2709 2715 2722 2723 2724 2727 2729 2738 2739 2740 2743 2745 2754 2755 2758 2759 2760 2762 2765 2766 2768 2770 2773 3270 3271 3277 3278 3279 3295 3296 3299 3300 3303 3304 3309 3312 3313 3569 3570 3581 3582 3594 3596 3597 3598 3599 3608 3609 3629 3630 3631 3637 3645 3646 3647 3657 3658 3663 3664 3675 3676 4009 4010 4045 4046 4055 4056 4060 4061 4064 4066 4067 4068 4641 4642 4650 4651 4652 4653 4682 4684 4688 4690 4691 4695 4696 4697 4698 4699 4700 4701 4731 4732 4733 6079 6080 6087 6088 6097 6098 6099 6100 6109 6110 6111 6112 6113 6114 6115 6172 6173 6174 6180 6196 6197 6198 6206 6207 6208 6211 6214 6215 6243 6245 6246 6249 6251 6254 6255 6260 6263 6266 6269 6279 6281 6284 6288 6290 6293 6349 6350 6351 6523 6524 6525 6526 6529 6530 6531 6571 6573 6579 6580 6582 6583 6584 6586 6588 6593 6596 6600 6612 6613 6616 6617 6618 6621
401 402 403 414 415 416 417 426 427 428 429 430 563 564 572 573 586 587 637 641 642 645 646 652 654 656 659 661 667 668 670 674 675 676 677 687 689 690 695 696 700 702 704 705 711 712 713 725 729 760 761 762 776 777 788 790 797 807 809 819 830 832 833 869 870 921 922 925 927 929 933 937 939 944 946 1178 1179 1204 1205 1213 1214 1225 1226 1233 1234 1242 1243 1252 1253 1268 1269 1270 1271 1272 1275 1290 1291 1292 1293 1296 1297 1298 1302 1304 1307 1308 1311 1312 1379 1380 1390 1391 1394 1396 1397 1398 1867 1868 1869 1872 1873 1876 1877 1884 1885 1888 1889 1906 1907 1908 1909 2035 2036 2062 2064 2072 2074 2075 2076 2079 2083 2084 2085 2086 2087 2088 2089 2091 2092 2094 2095 2098 2102 2104 2108 2111 2112 2133 2134 2137 2138 2139 2142 2148 2149 2154 2155 2156 2157 2159 2160 2161 2162 2163 2175 2176 2177 2178 2179 2180 2181 2183 2184 2185 2186 2187 2189 2638 2640 2641 2642 2643 2644 2645 2652 2654 2657 2659 2662 2664 2667 2671 2673 2676 2678 2681 2682 2683 2686 2689 2692 2693 2695 2704 2705 2706 2707 2708 2709 2715 2722 2723 2724 2727 2729 2738 2739 2740 2743 2745 2754 2755 2758 2759 2760 2762 2765 2766 2768 2770 2773 3270 3271 3277 3278 3279 3569 3570 3581 3582 3594 3596 3597 3598 3599 3608 3609 3629 3630 3631 3637 3645 3646 3647 3657 3658 3663 3664 3675 3676 4009 4010 4045 4046 4055 4056 4060 4061 4064 4066 4067 4068 4641 4642 4650 4651 4652 4653 4682 4684 4688 4690 4691 4695 4696 4697 4698 4699 4700 4701 4731 4732 4733 6087 6088 6144 6145 6146 6147 6148 6149 6150 6158 6159 6160 6161 6162 6163 6164 6172 6173 6174 6180 6279 6281 6284 6288 6290 6293 6349 6350 6351 6358 6360 6362 6370 6371 6372 6375 6393 6399
1948
1867 1868 1869 3114 3115 3155 3156 3184 3186 3187 3201 3202 4650 4651 4652 4653
401 402 403 414 415 416 417 426 427 428 429 430 552 553 554 555 586 587 637 641 642 645 646 652 654 656 659 661 667 668 670 674 675 676 687 689 690 695 696 700 702 704 705 711 712 713 725 729 760 761 762 776 777 788 790 797 807 809 819 830 832 833 869 870 921 922 925 927 929 930 933 937 939 940 944 946 947 1523 1664 1665 1672 1673 1867 1868 1869 1872 1873 1876 1877 1884 1885 1888 1889 1906 1907 1908 1909 1951 1954 1955 3629 3630 3631 3637 3645 3646 3647 3657 3658 3663 3664 3675 3676 4064 4066 4067 4068 4682 4684 4688 4690 4691 4695 4696 4697 4698 4699 4700 4701 4731 4732 4733
152 158 159 160 188 189 190 191 192 195 205 206 207 208 209 210 212 215 216 290 291 292 301 302 304 305 307 314 315 316 318 319 320 322 323 330 334 335 346 347 350 351 401 402 403 414 415 416 417 426 427 428 429 430 563 564 572 573 586 587 637 641 642 645 646 652 654 656 659 661 667 668 670 674 675 676 677 687 689 690 695 696 700 702 704 705 711 712 713 725 729 745 749 753 757 760 761 762 776 777 788 790 797 807 809 819 830 832 833 869 870 885 887 890 893 897 921 922 925 927 929 933 937 939 944 946 955 956 959 960 962 1178 1179 1182 1183 1184 1185 1186 1193 1194 1195 1196 1197 1204 1205 1213 1214 1225 1226 1233 1234 1242 1243 1252 1253 1268 1269 1270 1271 1272 1275 1290 1291 1292 1293 1296 1297 1298 1302 1304 1307 1308 1311 1312 1324 1325 1379 1380 1383 1384 1390 1391 1394 1396 1397 1398 1867 1868 1869 1872 1873 1876 1877 1884 1885 1888 1889 1906 1907 1908 1909 3270 3271 3277 3278 3279 3569 3570 3581 3582 3594 3596 3597 3598 3599 3608 3609 3629 3630 3631 3637 3645 3646 3647 3657 3658 3663 3664 3675 3676 4009 4010 4045 4046 4055 4056 4060 4061 4064 4066 4067 4068 4641 4642 4650 4651 4652 4653 4682 4684 4688 4690 4691 4695 4696 4697 4698 4699 4700 4701 4731 4732 4733
152 158 159 160 166 167 168 169 171 174 175 176 177 178 179 180 181 188 189 190 191 192 195 205 206 207 208 209 210 212 215 216 226 227 230 231 290 291 292 301 302 304 305 307 314 315 316 318 319 320 322 323 330 334 335 346 347 350 351 401 402 403 414 415 416 417 426 427 428 429 430 563 564 572 573 586 587 637 641 642 645 646 652 654 656 659 661 667 668 670 674 675 676 687 689 690 695 696 700 702 704 705 711 712 713 725 729 745 749 753 757 760 761 762 776 777 788 790 797 807 809 819 830 832 833 869 870 885 887 890 893 897 921 922 925 927 929 933 937 939 944 946 955 956 959 960 962 1448 1449 1450 1451 1452 1459 1460 1466 1467 1482 1483 1484 1491 1492 1664 1665 1672 1673 1867 1868 1869 1872 1873 1876 1877 1884 1885 1888 1889 1906 1907 1908 1909 3270 3271 3277 3278 3279 3569 3570 3581 3582 3594 3596 3597 3598 3599 3608 3609 3629 3630 3631 3637 3645 3646 3647 3657 3658 3663 3664 3675 3676 4009 4010 4045 4046 4055 4056 4060 4061 4064 4066 4067 4068 4641 4642 4650 4651 4652 4653 4682 4684 4688 4690 4691 4695 4696 4697 4698 4699 4700 4701 4731 4732 4733
401 402 403 414 415 416 417 426 427 428 429 430 541 542 586 587 637 641 642 645 646 652 654 656 659 661 667 668 670 674 675 676 687 689 690 695 696 760 761 762 776 777 788 790 797 830 832 833 869 870 925 927 929 930 933 937 939 940 1672 1673 1867 1868 1869 1872 1873 1876 1877 1884 1885 1888 1889 1948 3629 3630 3631 3637 3657 3658 3663 3664
1459 1460 1466 1467 1482 1483 1484 1664 1665
1707 1709
1867 1868 1869 2903 2904 2961 2962 2972 2973 2974 2976 2978 2987 2988 2994 3029 3030 3031 3032 3034 3058 3059 3060 3061 3373 3374 3402 3403
1867 1868 1869 1906 1907 1908 2903 2904 3363 3373 3374 3382 3383 3384 3402 3403 3410 3411
401 402 403 414 415 416 417 426 427 428 429 430 572 573 586 587 637 641 642 645 646 652 654 656 659 661 667 668 670 674 675 676 687 689 690 695 696 700 702 704 705 708 757 760 761 762 776 777 788 790 797 807 809 819 830 832 833 869 870 925 927 929 933 937 939 944 946 955 956 959 960 962 1672 1673 1867 1868 1869 1872 1873 1876 1877 3270 3271 3277 3278 3279 3354 3355 3363 3373 3374 3402 3403 3406 3407 3581 3582 3594 3596 3597 3598 3599 4009 4010 4045 4046 4055 4056 4060 4061 4641 4642 4650 4651 4652 4653 5514 5515 5883 5884
401 402 403 414 415 416 417 426 427 428 429 430 572 573 586 587 637 641 642 645 646 652 654 656 659 661 667 668 670 674 675 676 687 689 690 695 696 700 702 704 705 711 712 713 725 729 760 761 762 776 777 788 790 797 807 809 819 830 832 833 869 870 921 922 925 927 929 933 937 939 944 946 1523 1664 1665 1672 1673 1867 1868 1869 1872 1873 1876 1877 1884 1885 1888 1889 1906 1907 1908 1909 3270 3271 3277 3278 3279 3581 3582 3594 3596 3597 3598 3599 3629 3630 3631 3637 3645 3646 3647 3657 3658 3663 3664 3675 3676 4009 4010 4045 4046 4055 4056 4060 4061 4064 4066 4067 4068 4641 4642 4650 4651 4652 4653 4682 4684 4688 4690 4691 4695 4696 4697 4698 4699 4700 4701 4731 4732 4733
572 573 3270 3271 3277 3278 3279 3569 3570 3581 3582 3594 3596 3597 3598 3599 4009 4010 4045 4046 4055 4056 4060 4061 4641 4642 4650 4651 4652 4653 6079 6080 6097 6098 6099 6100 6180 6211 6214 6215 6249 6251 6254 6255 6260 6263 6266 6269 6523 6524 6525 6526 6529 6530 6531
52 53 54 55 70 71 89 90 98 99 109 110 111 401 402 403 414 415 416 417 426 427 428 429 430 572 573 623 626 637 641 642 645 646 652 654 656 659 661 667 668 670 674 675 676 687 689 690 695 696 700 702 704 705 711 725 729 730 733 745 749 753 757 760 761 762 776 777 788 790 791 792 793 807 809 810 811 817 819 830 832 836 837 843 845 848 849 861 869 870 885 887 888 890 891 921 922 925 927 929 933 937 939 944 946 955 956 959 960 962 1672 1673 1867 1868 1869 1872 1873 1876 1877 1884 1885 1888 1889 1906 1907 1908 1909 3295 3296 3299 3300 3303 3304 3309 3312 3313 3354 3355 3363 3373 3374 3382 3383 3384 3402 3403 3406 3407 3410 3411 6529 6530 6531 6541 6542 6571 6573 6579 6580 6582 6583 6584 6586 6588 6593 6594 6596 6600 6612 6613 6616 6617 6618 6621 6645 6646 6647 6650 6651
1867 1868 1869 1872 1873
4673 4674 4682 4684 4688 4690 4695 4696 4697 4698 4705 4711 4712 4731 4732 4733
4009 4010 4020 4021 4022 4023 4024 4025 4027 4060 4061 4064 4066 4067 4075 4076 4077 4078 4081 4082 4084 4087 4641 4642 4650 4651 4652 4653 4673 4674 4682 4684 4688 4690 4691 4695 4696 4697 4698 4705 4711 4712 4715 4716 4731 4732 4733
1867 1868 1869 1872 1873 3373 3374 3402 3403
1867 1868 1869 1884 1885 1888 1889 1906 1907 1908 1909 3373 3374 3382 3383 3384 3402 3403 3410 3411
401 402 403 414 415 416 417 426 427 428 429 430 563 564 572 573 586 587 637 641 642 645 646 652 654 656 659 661 667 668 670 674 675 676 677 687 689 690 695 696 700 702 704 705 711 712 713 725 729 760 761 762 776 777 788 790 797 807 809 819 830 832 833 869 870 921 922 925 927 929 933 937 939 944 946 1178 1179 1204 1205 1213 1214 1225 1226 1260 1261 1268 1269 1270 1271 1272 1275 1290 1291 1292 1293 1296 1297 1298 1302 1304 1307 1308 1867 1868 1869 1872 1873 1876 1877 1884 1885 1888 1889 1906 1907 1908 1909 2035 2036 2062 2064 2072 2074 2075 2076 2079 2083 2084 2085 2086 2087 2088 2089 2091 2092 2094 2095 2098 2102 2104 2108 2111 2112 2133 2134 2137 2138 2139 2142 2148 2149 2154 2155 2156 2157 2159 2160 2161 2162 2163 2175 2176 2177 2178 2179 2180 2183 2184 2185 2186 2187 2189 2638 2640 2641 2642 2643 2644 2645 2652 2654 2657 2659 2662 2664 2667 2671 2673 2676 2678 2681 2682 2683 2686 2689 2692 2693 2695 2704 2705 2706 2707 2708 2709 2715 2722 2723 2724 2727 2729 2738 2739 2740 2743 2745 2754 2755 2758 2759 2760 2762 2765 2766 2768 2770 2773 3270 3271 3277 3278 3279 3569 3570 3581 3582 3594 3596 3597 3598 3599 3608 3609 3629 3630 3631 3637 3645 3646 3647 3657 3658 3663 3664 3675 3676 4009 4010 4045 4046 4055 4056 4060 4061 4064 4066 4067 4068 4641 4642 4650 4651 4652 4653 4682 4684 4688 4690 4691 4695 4696 4697 4698 4699 4700 4701 4731 4732 4733 6087 6088 6144 6145 6146 6147 6148 6149 6150 6158 6159 6160 6161 6162 6163 6164 6172 6173 6174 6180 6279 6281 6284 6288 6290 6293 6349 6350 6351 6358 6360 6362 6370 6371 6372 6375 6393 6399
401 402 403 414 415 416 417 426 427 428 429 430 586 587 637 641 642 645 646 652 654 656 659 661 667 668 670 674 675 676 687 689 690 695 696 700 702 704 705 711 712 713 725 729 745 749 753 757 760 761 762 776 777 788 790 797 807 809 819 830 832 833 869 870 885 887 890 893 897 921 922 925 927 929 933 937 939 944 946 955 956 959 960 962 1523 1664 1665 1672 1673 1867 1868 1869 1872 1873 1876 1877 1884 1885 1888 1889 1906 1907 1908 1909 3629 3630 3631 3637 3645 3646 3647 3657 3658 3663 3664 3675 3676 4064 4066 4067 4068 4682 4684 4688 4690 4691 4695 4696 4697 4698 4699 4700 4701 4731 4732 4733 6358 6360 6362 6370 6385 6393 6399
4009 4010 4020 4021 4022 4023 4024 4025 4027 4035 4036 4064 4066 4067 4068 4641 4642 4650 4651 4652 4653 4673 4674 4682 4684 4688 4690 4691 4711 4712
1867 1868 1869 1884 1885 1888 1889 1906 1907 1908 1909 3856 3857 3860 3861 3871 3872 3873 3874
52 53 54 55 70 71 89 90 98 99 109 110 111 401 402 403 414 415 416 417 426 427 428 429 430 623 626 637 641 642 645 646 652 654 656 659 661 667 668 670 674 675 676 687 689 690 695 696 700 702 704 705 711 725 729 730 733 757 760 761 762 776 777 788 790 791 807 809 810 811 817 819 830 832 836 837 843 845 869 870 921 922 925 927 929 933 937 939 944 946 955 956 959 960 962 1672 1673 1867 1868 1869 1872 1873 1876 1877 1884 1885 1888 1889 1906 1907 1908 1909 3295 3296 3303 3304 3309 3354 3355 3373 3374 3382 3383 3384 3402 3403 3406 3407 3410 3411 6571 6573 6579 6580 6582 6583 6584 6586 6588 6593 6612 6613 6616 6617 6618 6621
52 53 54 55 70 71 89 90 98 99 109 110 111 401 402 403 414 415 416 417 426 427 428 429 430 572 573 623 626 637 641 642 645 646 652 654 656 659 661 667 668 670 674 675 676 687 689 690 695 696 700 702 704 705 711 712 713 725 729 730 733 757 760 761 762 776 777 788 790 791 792 793 807 809 810 811 817 819 830 832 836 837 843 845 848 849 861 869 870 921 922 925 927 929 933 937 939 944 946 955 956 959 960 962 1523 1664 1665 1672 1673 1867 1868 1869 1872 1873 1876 1877 1884 1885 1888 1889 1906 1907 1908 1909 3295 3296 3299 3300 3303 3304 3309 3312 3313 3581 3582 3594 3596 3597 3598 3599 3629 3630 3631 3637 3645 3646 3647 3657 3658 3663 3664 3675 3676 4009 4010 4045 4046 4055 4056 4060 4061 4064 4066 4067 4068 4641 4642 4650 4651 4652 4653 4682 4684 4688 4690 4691 6529 6530 6531 6571 6573 6579 6580 6582 6583 6584 6586 6588 6593 6596 6600 6612 6613 6616 6617 6618 6621
4175 4176 4207 4208 4209 4211 4212 5064 5066 5067 5068 5070 5072 5076 5077 5078 5079 5080 5088 5089 5090 5104 5105 5106 5107 5108 5111 5114 5116
1867 1868 1869 3454 3455 3756 3757 3775 3776 3777 3781 5518 5519
401 402 403 414 415 416 417 426 427 428 429 430 563 564 572 573 586 587 637 641 642 645 646 652 654 656 659 661 667 668 670 674 675 676 687 689 690 695 696 700 702 704 705 711 712 713 725 729 760 761 762 776 777 788 790 797 807 809 819 830 832 833 869 870 921 922 925 927 929 933 937 939 944 946 1459 1460 1466 1467 1482 1483 1484 1664 1665 1672 1673 1867 1868 1869 1872 1873 1876 1877 1884 1885 1888 1889 1906 1907 1908 1909 2035 2036 2062 2064 2072 2074 2075 2076 2079 2083 2084 2085 2086 2087 2088 2089 2091 2092 2094 2095 2098 2102 2104 2108 2111 2112 2133 2134 2137 2138 2139 2142 2148 2149 2154 2155 2156 2157 2159 2160 2161 2162 2163 2175 2176 2177 2178 2191 2200 2201 2202 2203 2205 2638 2640 2641 2642 2643 2644 2645 2652 2654 2657 2659 2662 2664 2667 2671 2673 2676 2678 2681 2682 2683 2686 2689 2692 2693 2695 2704 2705 2706 2707 2708 2709 2715 2722 2723 2724 2727 2729 2738 2739 2740 2743 2745 2754 2755 2758 2759 2760 2762 2765 2766 2768 2770 2773 3270 3271 3277 3278 3279 3569 3570 3581 3582 3594 3596 3597 3598 3599 3608 3609 3629 3630 3631 3637 3645 3646 3647 3657 3658 3663 3664 3675 3676 4009 4010 4045 4046 4055 4056 4060 4061 4064 4066 4067 4068 4641 4642 4650 4651 4652 4653 4682 4684 4688 4690 4691 4695 4696 4697 4698 4699 4700 4701 4731 4732 4733 6087 6088 6144 6145 6146 6147 6148 6149 6150 6158 6159 6160 6161 6162 6163 6164 6172 6173 6174 6180 6279 6281 6284 6288 6290 6293 6349 6350 6351 6358 6360 6362 6370 6371 6372 6375 6393 6399
152 158 159 160 166 167 168 169 171 174 175 176 177 178 179 180 181 188 189 190 191 192 195 205 206 207 208 209 210 212 226 227 230 231 290 291 292 301 302 304 305 307 314 315 316 318 319 320 322 323 330 334 335 346 347 350 351 401 402 403 414 415 416 417 426 427 428 429 430 563 564 572 573 586 587 637 641 642 645 646 652 654 656 659 661 667 668 670 674 675 676 677 687 689 690 695 696 700 702 704 705 711 712 713 725 729 745 749 753 757 760 761 762 776 777 788 790 797 807 809 819 830 832 833 869 870 885 887 890 893 897 921 922 925 927 929 933 937 939 944 946 955 956 959 960 962 1178 1179 1182 1183 1184 1185 1186 1193 1194 1195 1196 1197 1204 1205 1213 1214 1225 1226 1233 1234 1242 1243 1252 1253 1268 1269 1270 1271 1272 1275 1290 1291 1292 1293 1296 1297 1298 1302 1304 1307 1308 1311 1312 1324 1325 1379 1380 1383 1384 1390 1391 1394 1396 1397 1398 1867 1868 1869 1872 1873 1876 1877 1884 1885 1888 1889 1906 1907 1908 1909 3270 3271 3277 3278 3279 3569 3570 3581 3582 3594 3596 3597 3598 3599 3608 3609 3629 3630 3631 3637 3645 3646 3647 3657 3658 3663 3664 3675 3676 4009 4010 4045 4046 4055 4056 4060 4061 4064 4066 4067 4068 4641 4642 4650 4651 4652 4653 4682 4684 4688 4690 4691 4695 4696 4697 4698 4699 4700 4701 4731 4732 4733
5514 5515 5883 5884
2444 2445 2446 2449 2451 2452 2455 2456 2457 2459 2462 2463 2464 2465 2466 2467 2468 2469 2471 2472 2473 2474 2475 2479 2482 2484 2485 2486 2487 2488 2490 2493 2494 2495 2496 2498 2501 2503 2506 2507 2510 2512 2513 2516 2517 2523 2530 2531 2532 2533 2536 2537 2540 2541 2544 2545 2546 2547 2548 2549 2551 2552 4632 4633 4641 4642 4650 4651 4652 4653 4662 4663 4673 4674
52 53 54 55 62 63 89 90 98 99 109 110 113 401 402 403 414 415 416 417 426 427 428 429 430 572 573 612 614 637 641 642 645 646 652 654 656 659 661 667 668 670 674 675 676 687 689 690 695 696 700 702 704 705 711 712 713 725 729 760 761 762 776 777 788 790 791 792 793 807 809 810 811 817 819 830 832 836 837 843 845 869 870 921 922 925 927 929 933 937 939 944 946 1523 1664 1665 1672 1673 1867 1868 1869 1872 1873 1876 1877 1884 1885 1888 1889 1906 1907 1908 1909 3270 3271 3277 3278 3279 3295 3296 3303 3304 3309 3312 3313 3581 3582 3594 3596 3597 3598 3599 3629 3630 3631 3637 3645 3646 3647 3657 3658 3663 3664 3675 3676 4009 4010 4020 4021 4022 4023 4024 4025 4027 4045 4046 4055 4056 4060 4061 4064 4066 4067 4068 4641 4642 4650 4651 4652 4653 4673 4674 4682 4684 4688 4690 4691 4695 4696 4697 4698 4699 4700 4701 4711 4712 4731 4732 4733
4673 4674 4682 4684 4688 4690 4695 4696 4697 4698 4699 4700 4701 4731 4732 4733
52 53 54 55 70 71 89 90 98 99 109 110 111 401 402 403 414 415 416 417 426 427 428 429 430 563 564 572 573 623 626 637 641 642 645 646 652 654 656 659 661 667 668 670 674 675 676 687 689 690 695 696 700 702 704 705 711 712 713 725 729 730 733 757 760 761 762 776 777 788 790 791 807 809 810 811 817 819 830 832 836 837 843 845 869 870 921 922 925 927 929 933 937 939 944 946 955 956 959 960 962 1482 1483 1484 1664 1665 1672 1673 1707 1709 1867 1868 1869 1872 1873 1876 1877 1884 1885 1888 1889 1906 1907 1908 1909 3270 3271 3277 3278 3279 3295 3296 3303 3304 3309 3569 3570 3581 3582 3594 3596 3597 3598 3599 3608 3609 3629 3630 3631 3645 3646 3647 3657 3658 3663 3664 3675 3676 4009 4010 4045 4046 4055 4056 4060 4061 4064 4066 4067 4068 4641 4642 4650 4651 4652 4653 4682 4684 4688 4690 4695 4696 4697 4698 4699 4700 4701 4731 4732 4733 6079 6080 6109 6110 6111 6112 6113 6114 6115 6158 6159 6160 6161 6162 6163 6164 6180 6206 6207 6208 6218 6220 6221 6237 6239 6240 6249 6251 6254 6258 6260 6263 6264 6266 6269 6523 6524 6525 6526 6529 6530 6531 6555 6556 6571 6573 6579 6580 6582 6583 6586 6588 6593 6612 6613 6616 6617 6618 6621
401 402 403 414 415 416 417 426 427 428 429 430 572 573 586 587 637 641 642 645 646 652 654 656 659 661 667 668 670 674 675 676 687 689 690 695 696 700 702 704 705 711 712 713 725 729 760 761 762 776 777 788 790 797 807 809 819 830 832 833 869 870 921 922 925 927 929 933 937 939 944 946 1523 1664 1665 1672 1673 1867 1868 1869 1872 1873 1876 1877 1884 1885 1888 1889 1906 1907 1908 1909 3270 3271 3277 3278 3279 3581 3582 3594 3596 3597 3598 3599 3629 3630 3631 3637 3645 3646 3647 3657 3658 3663 3664 3675 3676 4009 4010 4045 4046 4055 4056 4060 4061 4064 4066 4067 4068 4641 4642 4650 4651 4652 4653 4682 4684 4688 4690 4691
1867 1868 1869 1906 1907 1908 2903 2904 2961 2962 2972 2973 2974 2976 2978 2987 2988 2989 2994 3029 3030 3031 3032 3034 3043 3044 3045 3046 3047 3049 3058 3059 3060 3061 3373 3374 3382 3383 3384 3402 3403 3410 3411
401 402 403 414 415 416 417 426 427 428 429 430 563 564 572 573 586 587 637 641 642 645 646 652 654 656 659 661 667 668 670 674 675 676 687 689 690 695 696 700 702 704 705 711 725 729 745 749 753 757 760 761 762 776 777 788 790 797 807 809 819 830 832 833 869 870 885 887 890 893 897 921 922 925 927 929 933 937 939 944 946 955 956 959 960 962 1459 1460 1466 1467 1672 1673 1867 1868 1869 1872 1873 1876 1877 1884 1885 1888 1889 1906 1907 1908 1909 2035 2036 2062 2064 2072 2074 2075 2076 2079 2083 2084 2085 2086 2087 2088 2089 2091 2092 2094 2095 2098 2102 2104 2108 2111 2112 2133 2134 2137 2138 2139 2142 2148 2149 2154 2155 2156 2157 2159 2160 2165 2166 2167 2169 2170 2172 2175 2176 2177 2178 2191 2200 2201 2202 2203 2205 2638 2640 2641 2642 2643 2644 2645 2652 2654 2657 2659 2662 2664 2667 2671 2673 2676 2678 2681 2682 2683 2686 2689 2692 2693 2695 2704 2705 2706 2707 2708 2709 2715 2722 2723 2724 2727 2729 2738 2739 2740 2743 2745 2754 2755 2758 2759 2760 2762 2765 2766 2768 2770 2773 3270 3271 3277 3278 3279 3569 3570 3581 3582 3594 3596 3597 3598 3599 3608 3609 3629 3630 3631 3637 3645 3646 3647 3657 3658 3663 3664 3675 3676 4009 4010 4045 4046 4055 4056 4060 4061 4064 4066 4067 4075 4076 4077 4078 4079 4641 4642 4650 4651 4652 4653 4682 4684 4688 4690 4691 4711 4712 4715 4716 6087 6088 6109 6110 6111 6112 6113 6114 6115 6144 6145 6146 6147 6148 6149 6150 6158 6159 6160 6161 6162 6163 6164 6172 6173 6174 6180 6279 6281 6284 6288 6290 6293 6349 6350 6351 6358 6360 6362 6370 6371 6372 6375 6393 6399
1867 1868 1869 3299 3300 3303 3304 3309
1867 1868 1869 1888 1889 1906 1907 1908 1909 3581 3582 3594 3596 3597 3598 3599 3629 3630 3631 3645 3646 3647 3657 3658 3663 3664 3675 3676 4009 4010 4045 4046 4055 4056 4060 4061 4064 4066 4067 4068 4641 4642 4650 4651 4652 4653 4682 4684 4688 4690 4695 4696 4697 4705
1867 1868 1869 3114 3115 3134 3135 3136 3155 3156 3184 3186 3187 3190 3191 3201 3202 4650 4651 4652 4653
1867 1868 1869 2903 2904 2961 2962 2972 2973 2974 2976 2978 2987 2988 2989 2994 3029 3030 3031 3032 3034 3058 3059 3060 3061 3373 3374 3402 3403
4317 4318 4319 4321 4322 4323 4324 4325 4326 4344 4345 4346 4347 4348 4349 4350 4351 4353 4355 4357 4358 4360 4361 4362 4363 4368 4371 4372 4489 4491 4492 4494 4495 4496 4497 4501 4504 4556 4557 4558 4578 4579 4580
4009 4010 4020 4021 4022 4023 4024 4025 4027 4064 4066 4067 4068 4641 4642 4650 4651 4652 4653 4673 4674 4682 4684 4688 4690 4691 4711 4712
1867 1868 1869 2961 2962 3004 3005 3006 3007 3008 3009 3010 3018 3029 3030 3031 3032 3034 3058 3059 3060 3061 3373 3374 3402 3403
1225 1226 1324 1325
401 402 403 414 415 416 417 426 427 428 429 430 586 587 637 641 642 645 646 652 654 656 659 661 667 668 670 674 675 676 687 689 690 695 696 760 761 762 776 777 788 790 797 830 832 833 869 870 925 927 929 933 937 939 1672 1673 1867 1868 1869 1872 1873 1876 1877 1884 1885 1888 1889 3629 3630 3631 3637 3657 3658 3663 3664
1178 1179 1260 1261 1268 1269 1270 1271 1272 1275 1290 1291 1292 1293 1296 1297 1298 1302 1304 1307 1308
401 402 403 414 415 416 417 426 427 428 429 430 572 573 586 587 637 641 642 645 646 652 654 656 659 661 667 668 670 674 675 676 687 689 690 695 696 760 761 762 776 777 788 790 797 830 832 833 869 870 925 927 929 933 937 939 1672 1673 1867 1868 1869 1872 1873 1876 1877 3270 3271 3277 3278 3279 3354 3355 3363 3373 3374 3402 3403 3406 3407 3581 3582 3594 3596 3597 3598 3599 4009 4010 4045 4046 4055 4056 4060 4061 4641 4642 4650 4651 4652 4653
1867 1868 1869 1884 1885 1888 1889 3569 3570 3581 3582 3594 3596 3597 3598 3599 3629 3630 3631 3657 3658 3663 3664 4009 4010 4045 4046 4055 4056 4060 4061 4641 4642 4650 4651 4652 4653
52 53 54 55 62 63 89 90 98 99 109 110 113 401 402 403 414 415 416 417 426 427 428 429 430 572 573 623 626 637 641 642 645 646 652 654 656 659 661 667 668 670 674 675 676 687 689 690 695 696 700 702 704 705 711 725 729 745 749 753 760 761 762 776 777 788 790 791 807 809 810 811 817 819 830 832 836 837 843 845 869 870 885 887 888 890 891 921 922 925 927 929 933 937 939 944 946 1672 1673 1867 1868 1869 1872 1873 1876 1877 1884 1885 1888 1889 1906 1907 1908 1909 3295 3296 3303 3304 3309 3312 3313 3581 3582 3594 3596 3597 3598 3599 3629 3630 3631 3645 3646 3647 3657 3658 3663 3664 3675 3676 4009 4010 4020 4021 4022 4023 4024 4025 4027 4035 4036 4045 4046 4055 4056 4060 4061 4064 4066 4067 4068 4641 4642 4650 4651 4652 4653 4673 4674 4682 4684 4688 4690 4691 4695 4696 4697 4698 4699 4700 4701 4705 4711 4712 4731 4732 4733
1867 1868 1869 1906 1907 1908 1909 3830 3831 3849 3850 3853 3856 3857 3860 3861 3871 3872 3873 3874 3877 3878
4207 4208 4209 4211 4214 4221 4223 4226 5064 5066 5067 5068 5070 5072 5076 5077 5078 5079 5080 5081 5084 5088 5089 5093 5225 5226 5227 5228 5229 5230 5231 5258 5260 5263 5266 5267 5270 5275 5276 5277 5292 5295
152 158 159 160 166 167 168 169 171 174 175 176 177 178 179 180 181 205 206 207 208 209 210 212 290 291 292 301 302 304 305 307 314 315 316 318 319 320 322 323 330 334 335 346 347 350 351 401 402 403 414 415 416 417 426 427 428 429 430 563 564 572 573 586 587 637 641 642 645 646 652 654 656 659 661 667 668 670 674 675 676 677 687 689 690 695 696 700 702 704 705 711 712 713 725 729 745 749 753 757 760 761 762 776 777 788 790 797 807 809 819 830 832 833 869 870 885 887 890 893 897 921 922 925 927 929 933 937 939 944 946 955 956 959 960 962 1178 1179 1182 1183 1184 1185 1186 1193 1194 1195 1196 1197 1204 1205 1213 1214 1225 1226 1233 1234 1242 1243 1252 1253 1268 1269 1270 1271 1272 1275 1290 1291 1292 1293 1296 1297 1298 1302 1304 1307 1308 1311 1312 1324 1325 1379 1380 1383 1384 1390 1391 1394 1396 1397 1398 1867 1868 1869 1872 1873 1876 1877 1884 1885 1888 1889 1906 1907 1908 1909 3270 3271 3277 3278 3279 3569 3570 3581 3582 3594 3596 3597 3598 3599 3608 3609 3629 3630 3631 3637 3645 3646 3647 3657 3658 3663 3664 3675 3676 4009 4010 4045 4046 4055 4056 4060 4061 4064 4066 4067 4068 4641 4642 4650 4651 4652 4653 4682 4684 4688 4690 4691 4695 4696 4697 4698 4699 4700 4701 4731 4732 4733
4673 4674 4682 4684 4688 4690 4691
4641 4642 4650 4651 4652 4653 4682 4684 4685
52 53 54 55 70 71 89 90 98 99 109 110 111
1867 1868 1869 1884 1885 1888 1889 1906 1907 1908 1909 3569 3570 3581 3582 3594 3596 3597 3598 3599 3608 3609 3629 3630 3631 3645 3646 3647 3657 3658 3663 3664 3675 3676 4009 4010 4045 4046 4055 4056 4060 4061 4064 4066 4067 4068 4641 4642 4650 4651 4652 4653 4682 4684 4688 4690 4691
5518 5519 5887 5888
1867 1868 1869 2961 2962 3004 3005 3006 3007 3008 3009 3010 3013 3014 3018 3019 3029 3030 3031 3032 3034 3058 3059 3060 3061 3373 3374 3402 3403
572 573 3270 3271 3277 3278 3279 3569 3570 3581 3582 3594 3596 3597 3598 3599 4009 4010 4045 4046 4055 4056 4060 4061 4641 4642 4650 4651 4652 4653 6079 6080 6180 6249 6251 6254 6258 6260 6263 6266 6269 6523 6524 6525 6526 6529 6530 6531
401 402 403 414 415 416 417 426 427 428 429 430 521 522 586 587 637 641 642 645 646 652 654 656 659 661 667 668 670 674 675 676 687 689 690 695 696 700 702 704 705 711 725 729 745 749 750 757 760 761 762 776 777 788 790 797 807 809 819 830 832 833 869 870 900 901 902 904 921 922 925 927 929 933 937 939 944 946 955 956 959 960 962 1672 1673 1867 1868 1869 1872 1873 1876 1877 1880 1881 1884 1885 1888 1889 1906 1907 1908 1909 3270 3271 3277 3278 3279 3581 3582 3594 3596 3597 3598 3599 3629 3630 3631 3637 3645 3646 3647 3657 3658 3663 3664 3675 3676 4009 4010 4045 4046 4055 4056 4060 4061 4064 4066 4067 4068 4641 4642 4650 4651 4652 4653 4682 4684 4688 4690 4691 4695 4696 4697 4698 4699 4700 4701 4731 4732 4733
52 53 54 55 70 71 89 90 98 99 109 110 111 401 402 403 414 415 416 417 426 427 428 429 430 572 573 623 626 637 641 642 645 646 652 654 656 659 661 667 668 670 674 675 676 687 689 690 695 696 700 702 704 705 711 712 713 725 729 730 733 757 760 761 762 776 777 788 790 791 807 809 810 811 817 819 830 832 836 837 843 845 869 870 921 922 925 927 929 933 937 939 944 946 955 956 959 960 962 1523 1664 1665 1672 1673 1867 1868 1869 1872 1873 1876 1877 1884 1885 1888 1889 1906 1907 1908 1909 2903 2904 3295 3296 3303 3304 3309 3373 3374 3382 3383 3384 3402 3403 3410 3411 6529 6530 6531 6571 6573 6579 6580 6582 6583 6584 6586 6588 6593 6612 6613 6616 6617 6618 6621
1867 1868 1869 1884 1885 1888 1889 3569 3570 3581 3582 3594 3596 3597 3598 3599 3608 3609 3629 3630 3631 3657 3658 3663 3664 4009 4010 4045 4046 4055 4056 4060 4061 4641 4642 4650 4651 4652 4653
572 573 3270 3271 3277 3278 3279 3569 3570 3581 3582 3594 3596 3597 3598 3599 3608 3609 4009 4010 4045 4046 4055 4056 4060 4061 4641 4642 4650 4651 4652 4653 6079 6080 6109 6110 6111 6112 6113 6114 6115 6180 6218 6220 6221 6249 6251 6254 6258 6260 6263 6266 6269 6523 6524 6525 6526 6529 6530 6531
401 402 403 414 415 416 417 426 427 428 429 430 572 573 586 587 637 641 642 645 646 652 654 656 659 661 667 668 670 674 675 676 687 689 690 695 696 700 702 704 705 711 712 713 725 729 760 761 762 776 777 788 790 797 807 809 819 830 832 833 869 870 921 922 925 927 929 933 937 939 944 946 1523 1664 1665 1672 1673 1867 1868 1869 1872 1873 1876 1877 1884 1885 1888 1889 1906 1907 1908 1909 3270 3271 3277 3278 3279 3581 3582 3594 3596 3597 3598 3599 3629 3630 3631 3637 3645 3646 3647 3657 3658 3663 3664 3675 3676 4009 4010 4045 4046 4055 4056 4060 4061 4064 4066 4067 4068 4641 4642 4650 4651 4652 4653 4682 4684 4688 4690 4691 4695 4696 4697 4698 4699 4700 4701 4731 4732 4733
52 53 54 55 80 81 89 90 98 99 109 110 111 401 402 403 414 415 416 417 426 427 428 429 430 530 531 572 573 612 614 637 641 642 645 646 652 654 656 659 661 667 668 670 674 675 676 687 689 690 695 696 700 702 704 705 711 725 729 730 733 745 749 753 757 760 761 762 776 777 788 790 791 792 793 807 809 810 811 817 819 830 832 836 837 843 845 848 849 861 869 870 885 887 888 890 893 894 895 900 901 907 921 922 925 927 929 933 937 939 944 946 955 956 959 960 962 1672 1673 1867 1868 1869 1872 1873 1876 1877 1884 1885 1888 1889 1906 1907 1908 1909 3270 3271 3277 3278 3279 3295 3296 3299 3300 3303 3304 3309 3312 3313 3581 3582 3594 3596 3597 3598 3599 3629 3630 3631 3637 3645 3646 3647 3657 3658 3663 3664 3675 3676 4009 4010 4045 4046 4055 4056 4060 4061 4064 4066 4067 4068 4641 4642 4650 4651 4652 4653 4682 4684 4688 4690 4691 4695 4696 4697 4698 4699 4700 4701 4731 4732 4733 5341 5342 5514 5515
52 53 54 55 70 71 89 90 98 99 109 110 111 401 402 403 414 415 416 417 426 427 428 429 430 572 573 623 626 637 641 642 645 646 652 654 656 659 661 667 668 670 674 675 676 687 689 690 695 696 700 702 704 705 711 712 713 725 729 730 733 757 760 761 762 776 777 788 790 791 792 793 807 809 810 811 817 819 830 832 836 837 843 845 848 849 861 869 870 921 922 925 927 929 933 937 939 944 946 955 956 959 960 962 1523 1664 1665 1672 1673 1867 1868 1869 1872 1873 1876 1877 1884 1885 1888 1889 1906 1907 1908 1909 3295 3296 3299 3300 3303 3304 3309 3312 3313 3581 3582 3594 3596 3597 3598 3599 3629 3630 3631 3637 3645 3646 3647 3657 3658 3663 3664 3675 3676 4009 4010 4045 4046 4055 4056 4060 4061 4064 4066 4067 4068 4641 4642 4650 4651 4652 4653 4682 4684 4688 4690 4691 6529 6530 6531 6571 6573 6579 6580 6582 6583 6584 6586 6588 6593 6596 6600 6612 6613 6616 6617 6618 6621
401 402 403 414 415 416 417 426 427 428 429 430 572 573 586 587 637 641 642 645 646 652 654 656 659 661 667 668 670 674 675 676 687 689 690 695 696 700 702 704 705 711 712 713 725 729 745 749 753 757 760 761 762 776 777 788 790 797 807 809 819 830 832 833 869 870 885 887 890 893 897 921 922 925 927 929 933 937 939 944 946 955 956 959 960 962 1523 1664 1665 1672 1673 1867 1868 1869 1872 1873 1876 1877 1884 1885 1888 1889 1906 1907 1908 1909 3270 3271 3277 3278 3279 3581 3582 3594 3596 3597 3598 3599 3629 3630 3631 3637 3645 3646 3647 3657 3658 3663 3664 3675 3676 4009 4010 4045 4046 4055 4056 4060 4061 4064 4066 4067 4068 4641 4642 4650 4651 4652 4653 4682 4684 4688 4690 4691 4695 4696 4697 4698 4705 4731 4732 4733
4711 4712
1867 1868 1869 1872 1873 3856 3857 3871 3872 3873 3874
1954 1955
401 402 403 414 415 416 417 426 427 428 429 430 572 573 599 601 637 641 642 645 646 652 654 656 659 661 667 668 670 674 675 676 687 689 690 695 696 700 702 704 705 711 725 729 745 749 753 760 761 762 776 777 788 790 797 807 809 819 830 832 833 869 870 885 887 890 891 921 922 925 927 929 933 937 939 944 946 1672 1673 1867 1868 1869 1872 1873 1876 1877 1884 1885 1888 1889 1906 1907 1908 1909 3270 3271 3277 3278 3279 3581 3582 3594 3596 3597 3598 3599 3629 3630 3631 3637 3645 3646 3647 3657 3658 3663 3664 3675 3676 4009 4010 4045 4046 4055 4056 4060 4061 4064 4066 4067 4068 4641 4642 4650 4651 4652 4653 4682 4684 4688 4690 4691
1867 1868 1869 1884 1885 1888 1889 1906 1907 1908 1909 3373 3374 3382 3383 3384 3402 3403 3410 3411
1178 1179 1204 1205 1213 1214 1260 1261 1268 1269 1270 1271 1272 1275 1290 1291 1292 1293 1296 1297 1298 1302 1304 1307 1308
5341 5342 5514 5515
563 564 572 573 3270 3271 3277 3278 3279 3569 3570 3581 3582 3594 3596 3597 3598 3599 3608 3609 4009 4010 4045 4046 4055 4056 4060 4061 4641 4642 4650 4651 4652 4653 6079 6080 6109 6110 6111 6112 6113 6114 6115 6158 6159 6160 6161 6162 6163 6164 6180 6218 6220 6221 6237 6239 6240 6249 6251 6254 6258 6260 6263 6266 6269 6523 6524 6525 6526 6529 6530 6531
4009 4010 4020 4021 4022 4023 4024 4025 4027 4035 4036 4060 4061 4064 4066 4067 4075 4076 4077 4078 4081 4082 4087 4641 4642 4650 4651 4652 4653 4673 4674 4682 4684 4688 4690 4695 4696 4697 4698 4699 4700 4701 4705 4711 4712 4715 4716 4731 4732 4733
1213 1214 1324 1325
52 53 54 55 80 81 89 90 98 99 109 110 111 401 402 403 414 415 416 417 426 427 428 429 430 530 531 572 573 623 626 637 641 642 645 646 652 654 656 659 661 667 668 670 674 675 676 687 689 690 695 696 700 702 704 705 711 725 729 730 733 745 749 753 757 760 761 762 776 777 788 790 791 792 793 807 809 810 811 817 819 830 832 836 837 843 845 848 849 861 869 870 885 887 888 890 891 921 922 925 927 929 933 937 939 944 946 955 956 959 960 962 1672 1673 1867 1868 1869 1872 1873 1876 1877 1884 1885 1888 1889 1906 1907 1908 1909 3277 3278 3279 3295 3296 3299 3300 3303 3304 3309 3312 3313 3581 3582 3594 3596 3597 3598 3599 3629 3630 3631 3637 3645 3646 3647 3657 3658 3663 3664 3675 3676 4009 4010 4045 4046 4055 4056 4060 4061 4064 4066 4067 4068 4641 4642 4650 4651 4652 4653 4682 4684 4688 4690 4691 4695 4696 4697 4698 4699 4700 4701 4731 4732 4733
4190 4191 4192 4221 4223 4224
1951
5514 5515
152 158 159 160 166 167 168 169 171 174 175 176 177 178 179 180 181 188 189 190 191 192 195 205 206 207 208 209 210 212 215 216 226 227 230 231 290 291 292 301 302 304 305 307 314 315 316 318 319 320 322 323 330 334 335 346 347 350 351 401 402 403 414 415 416 417 426 427 428 429 430 563 564 572 573 586 587 637 641 642 645 646 652 654 656 659 661 667 668 670 674 675 676 677 687 689 690 695 696 700 702 704 705 711 712 713 725 729 745 749 753 757 760 761 762 776 777 788 790 797 807 809 819 830 832 833 869 870 885 887 890 893 897 921 922 925 927 929 933 937 939 944 946 955 956 959 960 962 1178 1179 1182 1183 1184 1185 1186 1189 1190 1193 1194 1195 1196 1197 1204 1205 1213 1214 1225 1226 1233 1234 1242 1243 1252 1253 1260 1261 1268 1269 1270 1271 1272 1275 1290 1291 1292 1293 1296 1297 1298 1302 1304 1307 1308 1324 1325 1867 1868 1869 1872 1873 1876 1877 1884 1885 1888 1889 1906 1907 1908 1909 3270 3271 3277 3278 3279 3569 3570 3581 3582 3594 3596 3597 3598 3599 3608 3609 3629 3630 3631 3637 3645 3646 3647 3657 3658 3663 3664 3675 3676 4009 4010 4045 4046 4055 4056 4060 4061 4064 4066 4067 4068 4641 4642 4650 4651 4652 4653 4682 4684 4688 4690 4691 4695 4696 4697 4698 4699 4700 4701 4731 4732 4733
3961 3962
2444 2445 2446 2449 2451 2452 2455 2456 2457 2459 2462 2463 2464 2465 2466 2467 2468 2471 2472 2473 2474 2475 2479 2482 2484 2485 2486 2487 2488 2490 2493 2494 2495 2496 2498 2501 2503 2506 2507 2510 2512 2513 2523 2530 2531 2532 2533 2536 2537 2540 2541 2544 2545 2546 2547 2548 2549 2551 2552 4632 4633 4641 4642 4650 4651 4652 4653 4673 4674

401 402 403 414 415 416 417 426 427 428 429 430 541 542 572 573 586 587 637 641 642 645 646 652 654 656 659 661 667 668 670 674 675 676 687 689 690 695 696 700 702 704 705 711 725 729 745 749 753 757 760 761 762 776 777 788 790 797 807 809 819 830 832 833 869 870 885 887 890 893 897 921 922 925 927 929 930 933 937 939 940 944 946 947 955 956 959 960 962 1672 1673 1867 1868 1869 1872 1873 1876 1877 1888 1889 1906 1907 1908 1909 1948 1954 1955 3354 3355 3363 3373 3374 3382 3383 3384 3402 3403 3406 3407 3410 3411
52 53 54 55 80 81 89 90 98 99 401 402 403 807 809 810 811 817 819 830 832 836 837 843 845 869 870 1867 1868 1869 1884 1885 1906 1907 1908 1909 3295 3296 3303 3304 3309 3354 3355 3373 3374 3382 3383 3384 3402 3403 3406 3407 3410 3411
1204 1205 1324 1325
52 53 54 55 80 81 89 90 98 99 109 110 111 401 402 403 414 415 416 417 426 427 428 429 430 530 531 572 573 612 614 637 641 642 645 646 652 654 656 659 661 667 668 670 674 675 676 687 689 690 695 696 700 702 704 705 711 712 713 725 729 730 733 757 760 761 762 776 777 788 790 791 792 793 807 809 810 811 817 819 830 832 836 837 843 845 848 849 861 869 870 921 922 925 927 929 933 937 939 944 946 955 956 959 960 962 1523 1664 1665 1672 1673 1867 1868 1869 1872 1873 1876 1877 1884 1885 1888 1889 1906 1907 1908 1909 3270 3271 3277 3278 3279 3295 3296 3299 3300 3303 3304 3309 3312 3313 3581 3582 3594 3596 3597 3598 3599 3629 3630 3631 3637 3645 3646 3647 3657 3658 3663 3664 3675 3676 4009 4010 4045 4046 4055 4056 4060 4061 4064 4066 4067 4068 4641 4642 4650 4651 4652 4653 4682 4684 4688 4690 4691 4695 4696 4697 4698 4699 4700 4701 4731 4732 4733
52 53 54 55 70 71 89 90 98 99 109 110 111 401 402 403 414 415 416 417 426 427 428 429 430 623 626 637 641 642 645 646 652 654 656 659 661 667 668 670 674 675 676 687 689 690 695 696 700 702 704 705 711 725 729 730 733 757 760 761 762 776 777 788 790 791 807 809 810 811 817 819 830 832 836 837 843 845 869 870 921 922 925 927 929 933 937 939 944 946 955 956 959 960 962 1672 1673 1867 1868 1869 1872 1873 1876 1877 1884 1885 1888 1889 1906 1907 1908 1909 3295 3296 3303 3304 3309 3354 3355 3373 3374 3382 3383 3384 3402 3403 3406 3407 3410 3411 6571 6573 6579 6580 6582 6583 6584 6586 6588 6593 6612 6613 6616 6617 6618 6621
52 53 54 55 70 71 89 90 98 99 109 110 111 401 402 403 414 415 416 417 426 427 428 429 430 572 573 623 626 637 641 642 645 646 652 654 656 659 661 667 668 670 674 675 676 687 689 690 695 696 700 702 704 705 711 725 729 730 733 745 749 753 757 760 761 762 776 777 788 790 791 792 793 807 809 810 811 817 819 830 832 836 837 843 845 848 849 861 869 870 885 887 888 890 893 894 895 900 901 907 921 922 925 927 929 933 937 939 944 946 955 956 959 960 962 1672 1673 1867 1868 1869 1872 1873 1876 1877 1884 1885 1888 1889 1906 1907 1908 1909 3295 3296 3299 3300 3303 3304 3309 3312 3313 3354 3355 3363 3373 3374 3382 3383 3384 3402 3403 3406 3407 3410 3411 5341 5342 5514 5515 6529 6530 6531 6571 6573 6579 6580 6582 6583 6584 6586 6588 6593 6612 6613 6616 6617 6618 6621
52 53 54 55 80 81 89 90 98 99 401 402 403 788 790 791 792 793 807 809 810 811 817 819 830 832 836 837 843 845 869 870 1867 1868 1869 1884 1885 1906 1907 1908 1909 3295 3296 3303 3304 3309 3312 3313 3354 3355 3363 3373 3374 3382 3383 3384 3402 3403 3406 3407 3410 3411
401 402 403 414 415 416 417 426 427 428 429 430 563 564 572 573 599 601 637 641 642 645 646 652 654 656 659 661 667 668 670 674 675 676 687 689 690 695 696 700 702 704 705 711 712 713 725 729 745 749 753 760 761 762 776 777 788 790 797 807 809 819 830 832 833 869 870 885 887 890 891 921 922 925 927 929 933 937 939 944 946 1459 1460 1466 1467 1482 1483 1484 1664 1665 1672 1673 1867 1868 1869 1872 1873 1876 1877 1884 1885 1888 1889 1906 1907 1908 1909 2035 2036 2062 2064 2072 2074 2075 2076 2079 2083 2084 2085 2086 2087 2088 2089 2091 2092 2094 2095 2098 2102 2104 2108 2111 2112 2133 2134 2137 2138 2139 2142 2143 2148 2151 2154 2155 2156 2159 2160 2165 2166 2167 2169 2172 2175 2176 2177 2178 2191 2200 2201 2202 2203 2205 2444 2445 2446 2449 2451 2452 2455 2456 2457 2459 2462 2463 2464 2465 2466 2467 2468 2471 2472 2473 2474 2475 2479 2482 2484 2485 2486 2487 2488 2490 2493 2494 2495 2496 2498 2501 2503 2506 2507 2510 2512 2513 2523 2530 2531 2532 2533 2536 2537 2540 2541 2544 2545 2546 2547 2548 2549 2551 2552 2638 2640 2641 2642 2643 2644 2645 2652 2654 2657 2659 2662 2664 2667 2671 2673 2676 2678 2681 2682 2683 2686 2689 2692 2693 2695 2704 2705 2706 2707 2708 2709 2715 2722 2723 2724 2727 2729 2738 2739 2740 2743 2745 2754 2755 2758 2759 2760 2762 2765 2766 2768 2770 2773 3270 3271 3277 3278 3279 3569 3570 3581 3582 3594 3596 3597 3598 3599 3608 3609 3629 3630 3631 3637 3645 3646 3647 3657 3658 3663 3664 3675 3676 4009 4010 4045 4046 4055 4056 4060 4061 4064 4066 4067 4075 4087 4632 4633 4641 4642 4650 4651 4652 4653 4673 4674 4682 4684 4688 4690 4691 4711 4712 6087 6088 6109 6110 6111 6112 6113 6114 6115 6144 6145 6146 6147 6148 6149 6150 6158 6159 6160 6161 6162 6163 6164 6172 6173 6174 6180 6279 6281 6282 6284 6288 6290 6293 6349 6350 6351 6354 6355 6358 6360 6362 6370 6371 6372 6375 6393 6394 6396 6416 6417 6418 6421 6422
1867 1868 1869 3295 3296 3303 3304 3309 3312 3313
4262 4263 4264 4273 4274
1867 1868 1869 1872 1873 1884 1885 1888 1889 1906 1907 1908 1909 3155 3156 3165 3166 3167 3168 3184 3186 3187 3201 3202 3205 3206 3207 3208 3209 3212 3213 3214 3215 3216 3218 3373 3374 3382 3383 3384 3402 3403 3410 3411 4262 4263 4264 4273 4274
401 402 403 414 415 416 417 426 427 428 429 430 586 587 637 641 642 645 646 652 654 656 659 661 667 668 670 674 675 676 687 689 690 695 696 700 702 704 705 711 712 713 725 729 760 761 762 776 777 788 790 797 807 809 819 830 832 833 869 870 921 922 925 927 929 933 937 939 944 946 1523 1664 1665 1672 1673 1867 1868 1869 1872 1873 1876 1877 1884 1885 1888 1889 1906 1907 1908 1909 3270 3271 3277 3278 3279 3581 3582 3594 3596 3597 3598 3599 3629 3630 3631 3637 3645 3646 3647 3657 3658 3663 3664 3675 3676 4009 4010 4045 4046 4055 4056 4060 4061 4064 4066 4067 4068 4641 4642 4650 4651 4652 4653 4682 4684 4688 4690 4691 4695 4696 4697 4698 4699 4700 4701 4731 4732 4733 6358 6360 6362 6370 6371 6372 6375 6393 6399
5518 5519
4682 4684 4685 4711 4712
1867 1868 1869 1872 1873 3029 3030 3031 3034 3058 3059 3060 3061
4682 4684 4685
4186 4187 4221 4223 4224

5518 5519
4009 4010 4020 4021 4022 4023 4024 4025 4027 4035 4036 4060 4061 4064 4066 4067 4075 4076 4077 4078 4081 4082 4087 4641 4642 4650 4651 4652 4653 4673 4674 4682 4684 4688 4690 4691 4695 4696 4697 4698 4705 4711 4712 4715 4716 4731 4732 4733
401 402 403 414 415 416 417 426 427 428 429 430 586 587 637 641 642 645 646 652 654 656 659 661 667 668 670 674 675 676 687 689 690 695 696 700 702 704 705 711 725 729 745 749 750 757 760 761 762 776 777 788 790 797 807 809 819 830 832 833 869 870 900 901 907 921 922 925 927 929 933 937 939 944 946 955 956 959 960 962 1672 1673 1867 1868 1869 1872 1873 1876 1877 1880 1881 1884 1885 1888 1889 1906 1907 1908 1909 3270 3271 3277 3278 3279 3581 3582 3594 3596 3597 3598 3599 3629 3630 3631 3637 3645 3646 3647 3657 3658 3663 3664 3675 3676 4009 4010 4045 4046 4055 4056 4060 4061 4064 4066 4067 4068 4641 4642 4650 4651 4652 4653 4682 4684 4688 4690 4691 4695 4696 4697 4698 4699 4700 4701 4731 4732 4733 5341 5342 5514 5515
52 53 54 55 80 81 89 90 98 99 401 402 403 414 415 416 417 426 427 428 429 430 563 564 572 573 623 626 637 641 642 645 646 652 654 656 659 661 667 668 670 674 675 676 677 687 689 690 695 696 700 702 704 705 711 725 729 730 733 757 760 761 762 776 777 788 790 791 807 809 810 811 817 819 830 832 836 837 843 845 869 870 921 922 925 927 929 933 937 939 944 946 955 956 959 960 962 1867 1868 1869 1872 1873 1876 1877 1884 1885 1888 1889 1906 1907 1908 1909 3270 3271 3277 3278 3279 3295 3296 3303 3304 3309 3581 3582 3594 3596 3597 3598 3599 3629 3630 3631 3645 3646 3647 3657 3658 3663 3664 3675 3676 4009 4010 4045 4046 4055 4056 4060 4061 4064 4066 4067 4068 4641 4642 4650 4651 4652 4653 4682 4684 4688 4690 4691
401 402 403 414 415 416 417 426 427 428 429 430 586 587 637 641 642 645 646 652 654 656 659 661 667 668 670 674 675 676 687 689 690 695 696 760 761 762 776 777 788 790 797 830 832 833 869 870 925 927 929 933 937 939 1672 1673 1867 1868 1869 1872 1873 1876 1877 1884 1885 1888 1889 3270 3271 3277 3278 3279 3581 3582 3594 3596 3597 3598 3599 3629 3630 3631 3637 3657 3658 3663 3664 4009 4010 4045 4046 4055 4056 4060 4061 4641 4642 4650 4651 4652 4653
