522 523 526 554 555 556 594 597 598 599 602 603 604 607 608 609 612 613 614 622 623 624 634 635 636 637 638 640 642 992 993 994 996 997 998 999 1002 1005 1008 1009 1012 1014 1015 1017 1020 1155 1156 2566 2567 2570 2571 2574 2577 2578
94 95 100 101 116 117 118 119 120 247 249 250 383 384 387 416 419 420 421 422 424 427 428 429 432 433 434 437 438 439 449 450 451 453 454 522 523 526 594 597 598 599 602 603 604 607 608 609 612 613 614 617 618 619 634 635 636 637 638 640 642 664 666 667 671 672 673 674 680 681 692 693 696 757 760 761 762 763 765 768 769 770 773 774 775 838 839 840 842 843 844 846 1155 1156 1160 1161 1164 1235 1236 1239 1240 1241 1273 1274 1275 1297 1298 1299 1322 1323 1388 1389 1408 1409 1410 1411 1414 1415 1416 1417 1418 1420 1421 1422 1423 1425 1427 1433 1435 1440 1442 1443 1444 1445 1446 1447 1448 1449 1450 1460 1476 1480 1481 1482 1484 1486 1487 1488 1491 1492 1493 1494 1530 1531 1532 1537 1538 1540 1541 1542 1543 1544 1545 1547 1548 1550 1552 1554 1556 1558 1560 1563 1565 1569 1570 1571 1572 1575 1580 1581 1582 1583 1584 1585 1587 1588 1589 1592 1646 1647 1648 1649 1650 1652 1658 1673 1676 1677 1908 1909 1910 1911 1918 1919 1920 1921 1990 1991 1992 1993 1997 2002 2004 2008 2009 2010 2050 2051 2056 2057 2058 2059 2060 2061 2067 2069 2072 2073 2077 2078 2079 2080 2081 2085 2096 2097 2098 2099 2100 2101 2158 2160 2161 2162 2164 2169 2246 2247 2248 2249 2250 2251 2252 2255 2261 2262 2263 2287 2288 2299 2300 2566 2567 2570 2571 2574 2577 2578
143 144 147 155 156 157 158 161 166 175 178 179 180 183 184 185 198 199 200 202 2551 2552 2553 2566 2567 2570 2571 2574
867 868 896 921 922 2570 2571 2572
1160 1161 1164 1177 1178 1179 1180 1182 1183 1185 1188 1197 1203 1209 1215 1221 1235 1236 1239 1240 1241 1322 1323 2566 2567 2570 2571 2574
247 249 250 522 523 526 594 597 598 599 602 603 604 607 608 609 612 613 614 617 618 619 622 623 624 634 635 636 637 638 640 642 664 666 667 671 672 673 674 680 681 682 692 693 696 757 760 761 762 763 765 768 769 770 773 774 775 778 779 780 838 839 840 842 843 844 846 1008 1009 1012 1014 1015 1017 1020 1155 1156 1160 1161 1164 1235 1236 1273 1274 1275 1322 1323 1388 1389 1408 1409 1410 1411 1414 1415 1416 1417 1418 1420 1421 1422 1433 1435 1440 1442 1450 1460 1476 1480 1481 1482 1484 1486 1488 1491 1492 1493 1494 1530 1531 1532 1537 1538 1540 1541 1542 1543 1544 1545 1547 1548 1549 1563 1565 1646 1647 1648 1649 1650 1652 1658 1659 1660 1661 1664 1665 1666 1667 1668 1669 1673 1676 1677 1715 1716 1717 1718 1719 1722 1723 1724 1729 1732 1733 1734 1735 1739 1744 1745 1753 1754 1755 1762 1763 1764 1766 1767 1768 1769 1770 1771 1908 1909 1910 1911 1918 1919 1920 1921 1990 1991 1992 1993 1994 1995 1996 1997 2002 2004 2008 2009 2010 2020 2021 2056 2057 2058 2059 2060 2061 2067 2069 2072 2073 2077 2078 2079 2080 2081 2085 2096 2097 2098 2099 2100 2101 2158 2160 2161 2162 2164 2169 2246 2247 2248 2249 2250 2251 2252 2255 2261 2262 2263 2299 2300 2566 2567 2570 2571 2574 2577 2578
143 144 147 175 178 179 180 183 184 185 188 189 190 193 194 195 198 199 200 202 225 227 229 230 231 232 238 239 240 264 265 268 309 312 313 314 315 317 320 321 322 325 326 327 330 331 332 342 343 344 354 355 356 358 359 361 992 993 994 996 997 998 1005 1012 1014 1015 1017 1020 1160 1161 1164 1235 1236 1273 1274 1275 1322 1323 1388 1389 1408 1409 1410 1411 1414 1415 1416 1417 1418 1420 1421 1422 1433 1435 1440 1442 1450 1460 1476 1477 1478 1479 1480 1482 1483 1484 1486 1488 1491 1495 1498 1501 1502 1504 1508 1509 1510 1511 1512 1513 1514 1521 1522 1523 1621 1622 1623 1628 1629 1630 1631 1632 1633 1635 1636 1637 1638 1639 1642 1715 1716 1717 1718 1719 1722 1723 1724 1729 1732 1733 1734 1735 1739 1744 1745 1753 1754 1755 1762 1763 1764 1766 1767 1768 1769 1908 1909 1910 1911 1918 1919 1920 1921 1990 1991 1992 1993 1994 1995 1996 1997 2002 2004 2056 2057 2058 2059 2060 2061 2067 2069 2072 2073 2077 2078 2079 2080 2081 2085 2096 2097 2098 2099 2100 2101 2103 2104 2109 2110 2111 2112 2113 2114 2115 2117 2118 2119 2120 2121 2123 2124 2125 2126 2127 2128 2129 2130 2131 2133 2134 2140 2141 2142 2144 2145 2146 2147 2148 2149 2152 2158 2160 2161 2162 2164 2169 2246 2247 2248 2249 2250 2251 2252 2255 2261 2262 2263 2566 2567 2570 2571 2574
143 144 175 178 179 188 189 193 194 2570 2571 2572
247 249 250 522 523 526 594 597 598 599 602 603 604 607 608 609 612 613 614 617 618 619 634 635 636 637 638 640 642 664 666 667 671 672 673 674 680 681 682 692 693 696 757 760 761 762 763 765 768 769 770 773 774 775 778 779 780 838 839 840 842 843 844 846 1155 1156 1160 1161 1164 1235 1236 1273 1274 1275 1322 1323 1388 1389 1408 1409 1410 1411 1414 1415 1416 1417 1418 1420 1421 1422 1433 1435 1440 1442 1450 1460 1476 1480 1481 1482 1484 1486 1488 1491 1492 1493 1494 1530 1531 1532 1537 1538 1540 1541 1542 1543 1544 1545 1547 1548 1549 1563 1565 1646 1647 1648 1649 1650 1652 1658 1673 1676 1677 1908 1909 1910 1911 1918 1919 1920 1921 1990 1991 1992 1993 1997 2002 2004 2008 2009 2010 2032 2033 2044 2045 2056 2057 2058 2059 2060 2061 2067 2069 2072 2073 2077 2078 2079 2080 2081 2085 2096 2097 2098 2099 2100 2101 2158 2160 2161 2162 2164 2169 2246 2247 2248 2249 2250 2251 2252 2255 2261 2262 2263 2299 2300 2566 2567 2570 2571 2574 2577 2578
470 471 474 475 476 478 481 488 489 490 491 493 501 1155 1156 2551 2552 2553 2577 2578
143 144 147 175 178 179 180 183 184 185 198 199 200 202 238 239 240 264 265 268 309 312 313 314 315 317 320 321 322 330 331 332 342 343 344 354 355 356 358 361 992 993 994 996 997 998 999 1002 1005 1008 1009 1012 1014 1015 1017 1020 2566 2567 2570 2571 2574
1008 1009 1012 1014 1015 1017 1020 1028 1029 1030 1033 1036 1114 1115 1118 2570 2571 2574
383 384 387 395 396 397 398 401 407 416 419 420 421 422 424 449 450 451 453 454 664 666 667 671 672 2551 2552 2553 2566 2567 2570 2571 2574
1160 1161 1164 1177 1178 1179 1180 1182 1185 1188 1197 1203 1209 1215 1221 1235 1236 1322 1323 2566 2567 2570 2571 2574
522 523 526 594 597 598 599 602 603 604 607 608 609 612 613 614 634 635 636 637 638 640 642 664 666 667 668 671 672 673 674 675 692 693 757 760 761 762 763 765 768 769 770 778 779 780 790 791 792 838 839 840 842 867 868 871 896 899 900 901 909 910 911 921 922 925 1155 1156 2566 2567 2570 2571 2574 2577 2578
470 471 474 475 476 1155 1156 2577 2578 2579 2580 2582
47 48 383 384 387 395 396 397 398 401 402 403 404 407 416 419 420 421 422 424 437 438 439 449 450 451 453 454 522 523 526 559 560 561 562 563 565 570 577 594 597 598 599 602 603 604 607 608 609 612 613 614 634 635 636 637 638 640 642 664 666 667 671 672 673 674 1155 1156 2551 2552 2553 2560 2561 2562 2566 2567 2570 2571 2574 2577 2578
383 384 416 427 428 429 449 450 2570 2571 2572 2574
867 868 896 899 900 904 905 909 910 914 915 916 2570 2571 2572 2574
1008 1009 1012 1014 2570 2571 2572
47 48 247 249 250 522 523 526 559 560 561 562 565 570 577 594 597 598 599 602 603 604 607 608 609 612 613 614 634 635 636 637 638 640 642 664 666 667 668 671 672 673 674 680 681 692 693 696 708 709 710 711 714 720 726 727 728 729 732 738 744 757 760 761 762 763 765 790 791 792 838 839 840 842 843 844 846 867 868 871 878 879 880 881 882 883 884 885 888 896 899 900 901 909 910 911 921 922 925 1155 1156 2551 2552 2553 2560 2561 2562 2566 2567 2570 2571 2574 2577 2578
264 265 309 312 313 320 321 325 326 330 331 335 336 337 342 343 347 348 349 2570 2571 2572 2574
247 249 250 664 666 667 671 672 680 681 692 693 696 708 709 710 711 714 720 726 732 738 744 757 760 761 762 763 765 838 839 840 842 843 844 846 1160 1161 1164 1177 1178 1179 1180 1182 1185 1188 1197 1203 1204 1205 1206 1209 1215 1221 1235 1236 1273 1274 1275 1322 1323 2551 2552 2553 2566 2567 2570 2571 2574
94 95 100 101 116 117 118 119 120 247 249 250 522 523 526 594 597 598 599 602 603 604 607 608 609 612 613 614 617 618 619 634 635 636 637 638 640 642 664 666 667 671 672 673 674 680 681 682 692 693 696 757 760 761 762 763 765 768 769 770 773 774 775 778 779 780 838 839 840 842 843 844 846 1155 1156 1160 1161 1164 1235 1236 1273 1274 1275 1322 1323 1388 1389 1408 1409 1410 1411 1414 1415 1416 1417 1418 1420 1421 1422 1433 1435 1440 1442 1450 1460 1476 1480 1481 1482 1484 1486 1488 1491 1492 1493 1494 1530 1531 1532 1537 1538 1540 1541 1542 1543 1544 1545 1547 1548 1549 1563 1565 1646 1647 1648 1649 1650 1652 1658 1673 1676 1677 1908 1909 1910 1911 1918 1919 1920 1921 1990 1991 1992 1993 1997 2002 2004 2008 2009 2010 2050 2051 2056 2057 2058 2059 2060 2061 2067 2069 2072 2073 2077 2078 2079 2080 2081 2085 2096 2097 2098 2099 2100 2101 2158 2160 2161 2162 2164 2169 2246 2247 2248 2249 2250 2251 2252 2255 2299 2300 2566 2567 2570 2571 2574 2577 2578
143 144 147 155 156 157 158 161 166 175 178 179 180 183 184 185 198 199 200 202 225 227 229 230 231 232 238 239 240 264 265 268 281 282 283 284 287 293 294 295 296 299 309 312 313 314 315 317 325 326 327 330 331 332 354 355 356 358 359 361 992 993 994 996 997 1005 2551 2552 2553 2555 2556 2560 2561 2562 2566 2567 2570 2571 2574
94 95 100 101 112 113 1008 1009 1012 1014 1015 1017 1020 1028 1029 1030 1031 1032 1069 1070 1114 1115 1118 2332 2333 2336 2345 2346 2347 2348 2355 2356 2357 2358 2360 2362 2372 2375 2376 2377 2385 2386 2387 2390 2391 2392 2395 2396 2397 2407 2408 2409 2410 2412 2551 2552 2553 2560 2561 2562 2566 2567 2570 2571 2574
143 144 175 178 179 180 183 184 185 264 265 309 312 313 314 315 317 320 321 322 325 326 327 1160 1161 1235 1236 1388 1389 1408 1409 1410 1411 1414 1415 1416 1417 1420 1433 1435 1440 1442 1450 1460 1476 1480 1482 1483 1484 1486 1488 1491 1495 1498 1501 1502 1504 1508 1521 1522 1621 1622 1623 1628 1629 1630 1631 1635 1908 1909 1910 1911 1918 1919 1920 1921 1990 1991 1992 1993 1997 2002 2004 2056 2057 2058 2059 2060 2061 2067 2069 2072 2073 2077 2078 2079 2080 2081 2085 2096 2097 2098 2099 2100 2101 2158 2160 2161 2162 2163 2164 2165 2166 2173 2177 2178 2180 2181 2184 2185 2187 2189 2190 2191 2193 2198 2246 2247 2248 2249 2250 2251 2252 2255 2261 2262 2263 2266 2267 2270 2271 2274 2275 2570 2571 2574
94 95 100 101 116 117 118 119 120 247 249 250 522 523 526 594 597 598 599 602 603 604 607 608 609 612 613 614 617 618 619 622 623 624 634 635 636 637 638 640 642 664 666 667 671 672 673 674 680 681 682 692 693 696 757 760 761 762 763 765 768 769 770 773 774 775 778 779 780 838 839 840 842 843 844 846 1008 1009 1012 1014 1015 1017 1020 1155 1156 1160 1161 1164 1235 1236 1273 1274 1275 1322 1323 1388 1389 1408 1409 1410 1411 1414 1415 1416 1417 1418 1420 1421 1422 1433 1435 1440 1442 1450 1460 1476 1480 1481 1482 1484 1486 1488 1491 1492 1493 1494 1530 1531 1532 1537 1538 1540 1541 1542 1543 1544 1545 1547 1548 1549 1563 1565 1646 1647 1648 1649 1650 1652 1658 1659 1660 1661 1664 1665 1666 1667 1673 1676 1677 1715 1716 1717 1718 1719 1722 1723 1724 1729 1732 1733 1734 1735 1739 1744 1745 1753 1754 1755 1760 1761 1762 1763 1764 1766 1767 1768 1769 1772 1773 1908 1909 1910 1911 1918 1919 1920 1921 1925 1926 1927 1930 1931 1932 1933 1934 1935 1937 1938 1939 1940 1941 1942 1943 1944 1945 1946 1947 1948 1949 1950 1951 1952 1953 1954 1961 1962 1967 1968 1969 1970 1971 1972 1973 1975 1978 1979 1982 1983 1984 1985 1986 1990 1991 1992 1993 1997 2002 2004 2008 2009 2010 2020 2021 2022 2023 2024 2025 2026 2027 2028 2029 2030 2031 2032 2033 2034 2035 2036 2037 2038 2039 2040 2041 2042 2043 2044 2045 2046 2047 2048 2049 2050 2051 2056 2057 2058 2059 2060 2061 2067 2069 2072 2073 2077 2078 2079 2080 2081 2085 2096 2097 2098 2099 2100 2101 2158 2160 2161 2162 2164 2169 2246 2247 2248 2249 2250 2251 2252 2255 2261 2262 2263 2299 2300 2566 2567 2570 2571 2574 2577 2578
247 249 250 522 523 526 594 597 598 599 602 603 604 607 608 609 612 613 614 617 618 619 622 623 624 634 635 636 637 638 640 642 664 666 667 671 672 673 674 680 681 682 692 693 696 757 760 761 762 763 765 768 769 770 773 774 775 778 779 780 838 839 840 842 843 844 846 1008 1009 1012 1014 1015 1017 1020 1155 1156 1160 1161 1164 1235 1236 1273 1274 1275 1322 1323 1388 1389 1408 1409 1410 1411 1414 1415 1416 1417 1418 1420 1421 1422 1433 1435 1440 1442 1450 1460 1476 1480 1481 1482 1484 1486 1488 1491 1492 1493 1494 1530 1531 1532 1537 1538 1540 1541 1542 1543 1544 1545 1547 1548 1549 1563 1565 1646 1647 1648 1649 1650 1652 1658 1659 1660 1661 1664 1665 1666 1667 1673 1676 1677 1715 1716 1717 1718 1719 1722 1723 1724 1729 1732 1733 1734 1735 1739 1744 1745 1753 1754 1755 1760 1761 1908 1909 1910 1911 1918 1919 1920 1921 1925 1926 1927 1930 1931 1932 1933 1934 1935 1937 1938 1939 1940 1941 1942 1943 1944 1945 1946 1947 1948 1949 1950 1961 1962 1967 1968 1969 1970 1971 1972 1973 1975 1978 1979 1982 1983 1984 1985 1986 1990 1991 1992 1993 1997 2002 2004 2008 2009 2010 2044 2045 2056 2057 2058 2059 2060 2061 2067 2069 2072 2073 2077 2078 2079 2080 2081 2085 2096 2097 2098 2099 2100 2101 2158 2160 2161 2162 2164 2169 2246 2247 2248 2249 2250 2251 2252 2255 2261 2262 2263 2299 2300 2566 2567 2570 2571 2574 2577 2578
2432 2433 2442 2473 2476 2477 2478 2479 2481 2518 2519 2520 2522 2566 2567 2570 2571 2574
94 95 100 101 2332 2333 2372 2375 2376 2377 2385 2386 2387 2407 2408 2409 2410 2570 2571 2572 2574
264 265 309 320 321 322 354 355 2570 2571 2572 2574
53 54 60 61 62 81 82 83 84 85 94 95 100 101 116 117 118 119 120 247 249 250 522 523 526 594 597 598 599 602 603 604 607 608 609 612 613 614 617 618 619 634 635 636 637 638 640 642 664 666 667 671 672 673 674 680 681 682 692 693 696 757 760 761 762 763 765 768 769 770 773 774 775 778 779 780 838 839 840 842 843 844 846 1155 1156 1160 1161 1164 1235 1236 1273 1274 1275 1322 1323 1388 1389 1408 1409 1410 1411 1414 1415 1416 1417 1418 1420 1421 1422 1433 1435 1440 1442 1450 1460 1476 1480 1481 1482 1484 1486 1488 1491 1492 1493 1494 1530 1531 1532 1537 1538 1540 1541 1542 1543 1544 1545 1547 1548 1549 1563 1565 1646 1647 1648 1649 1650 1652 1658 1673 1676 1677 1908 1909 1910 1911 1918 1919 1920 1921 1990 1991 1992 1993 1997 2002 2004 2008 2009 2010 2011 2012 2013 2014 2015 2016 2017 2018 2019 2020 2021 2022 2023 2024 2025 2026 2027 2028 2029 2030 2031 2032 2033 2034 2035 2036 2037 2038 2039 2040 2041 2042 2043 2044 2045 2046 2047 2048 2049 2050 2051 2056 2057 2058 2059 2060 2061 2067 2069 2072 2073 2077 2078 2079 2080 2081 2085 2096 2097 2098 2099 2100 2101 2158 2160 2161 2162 2164 2169 2246 2247 2248 2249 2250 2251 2252 2255 2261 2262 2263 2299 2300 2566 2567 2570 2571 2574 2577 2578
522 523 594 597 598 599 607 608 609 612 613 614 634 635 636 2570 2571 2572 2574
94 95 100 101 2332 2333 2372 2375 2376 2377 2390 2391 2392 2407 2408 2409 2570 2571 2572 2574
247 249 250 664 666 667 671 672 680 681 692 693 696 757 760 761 762 763 765 838 839 840 842 843 844 846 1008 1009 1012 1014 1015 1017 1020 1160 1161 1164 1235 1236 1273 1274 1275 1310 1311 1312 1315 1316 1317 1319 1322 1323 2566 2567 2570 2571 2574
247 249 250 664 666 667 671 672 680 681 692 693 696 708 709 710 711 714 720 726 732 738 744 757 760 761 762 763 765 838 839 840 842 843 844 846 1160 1161 1164 1177 1178 1179 1180 1182 1185 1186 1188 1197 1203 1204 1205 1206 1209 1215 1221 1235 1236 1244 1245 1246 1273 1274 1275 1322 1323 2551 2552 2553 2566 2567 2570 2571 2574
247 249 250 664 666 667 671 672 680 681 692 693 696 757 760 761 762 763 765 768 769 770 773 774 775 838 839 840 842 843 844 846 1160 1161 1164 1235 1236 1273 1274 1275 1322 1323 1388 1389 1408 1409 1410 1411 1414 1415 1416 1417 1418 1420 1421 1422 1433 1435 1440 1442 1450 1460 1476 1480 1481 1530 1531 1532 1537 1538 1540 1541 1542 1543 1544 1545 1563 1565 1908 1909 1910 1911 1918 1919 1920 1921 1990 1991 1992 1993 1997 2002 2004 2056 2057 2058 2059 2060 2061 2067 2069 2072 2073 2096 2097 2098 2099 2100 2101 2103 2104 2109 2110 2111 2112 2113 2114 2115 2117 2118 2119 2120 2121 2123 2127 2128 2129 2130 2131 2133 2246 2247 2248 2249 2250 2251 2252 2255 2261 2262 2263 2566 2567 2570 2571 2574
225 227 229 230 238 239 240 264 265 268 281 282 283 284 287 293 299 309 312 313 314 315 317 354 355 356 358 359 361 992 993 994 996 997 1005 2551 2552 2553 2566 2567 2570 2571 2574
247 249 250 664 666 667 671 672 680 681 692 693 696 757 760 761 762 763 765 768 769 770 773 774 775 838 839 840 842 843 844 846 1160 1161 1164 1235 1236 1273 1274 1275 1322 1323 1388 1389 1408 1409 1410 1411 1414 1415 1416 1417 1418 1420 1421 1422 1433 1435 1440 1442 1450 1460 1476 1480 1481 1530 1531 1532 1537 1538 1540 1541 1542 1543 1544 1545 1563 1565 1908 1909 1910 1911 1918 1919 1920 1921 1990 1991 1992 1993 1997 2002 2004 2056 2057 2058 2059 2060 2061 2067 2069 2072 2073 2096 2097 2098 2099 2100 2101 2103 2104 2109 2110 2111 2112 2113 2114 2115 2117 2118 2119 2120 2121 2123 2124 2125 2126 2127 2128 2129 2130 2131 2133 2134 2246 2247 2248 2249 2250 2251 2252 2255 2261 2262 2263 2566 2567 2570 2571 2574
1160 1161 1164 1235 1236 1249 1250 1251 1322 1323 1388 1389 1408 1409 1410 1411 1414 1415 1416 1417 1418 1420 1421 1423 1425 1427 1433 1435 1440 1442 1450 1451 1452 1453 1456 1458 1459 1908 1909 1910 1911 1918 1919 1920 1921 1925 1926 1927 1930 1931 1932 1933 1934 1935 1937 1961 1962 2056 2057 2058 2059 2060 2061 2067 2069 2072 2073 2096 2097 2098 2099 2100 2101 2246 2247 2248 2249 2250 2251 2252 2255 2261 2262 2263 2295 2296 2566 2567 2570 2571 2574
247 249 250 664 666 667 671 672 680 681 692 693 696 708 709 710 711 714 720 726 732 738 744 757 760 761 762 763 765 838 839 840 842 843 844 846 1160 1161 1164 1177 1178 1179 1180 1182 1185 1188 1197 1203 1204 1205 1206 1209 1215 1216 1217 1218 1221 1235 1236 1273 1274 1275 1285 1286 1287 1322 1323 2432 2433 2442 2445 2446 2447 2448 2451 2457 2463 2473 2476 2477 2478 2479 2481 2518 2519 2520 2522 2551 2552 2553 2566 2567 2570 2571 2574
1160 1161 1235 1236 1239 1240 1244 1245 1249 1250 1254 1255 1256 1261 1262 1266 1267 1268 1273 1274 1278 1279 1280 1285 1286 1290 1291 1292 1297 1298 1302 1303 1305 1310 1311 1315 1316 1317 2570 2571 2572 2574
94 95 100 101 1008 1009 1012 1014 1015 1017 1020 2332 2333 2336 2372 2375 2376 2377 2385 2386 2387 2390 2391 2392 2407 2408 2409 2410 2412 2432 2433 2442 2473 2476 2477 2478 2479 2481 2494 2495 2496 2506 2507 2508 2511 2512 2513 2515 2518 2519 2520 2522 2566 2567 2570 2571 2574
992 993 994 996 997 998 999 1000 1002 1008 1009 1012 1014 1015 1017 1020 2570 2571 2574
522 523 526 548 549 550 594 597 598 599 602 603 604 607 608 609 612 613 614 622 623 624 634 635 636 637 638 640 642 992 993 994 996 997 998 999 1002 1005 1008 1009 1012 1014 1015 1017 1020 1155 1156 2566 2567 2570 2571 2574 2577 2578
1008 1009 1012 1014 1015 1017 1020 1028 1029 1030 1046 1047 1048 1050 1051 1052 1053 1080 1081 1082 1083 1084 1085 1090 1091 1092 1093 1095 1102 1103 1104 1105 1106 1107 1109 1114 1115 1118 2560 2561 2562 2570 2571 2574
94 95 100 101 116 117 118 119 120 143 144 147 175 178 179 180 183 184 185 188 189 190 193 194 195 198 199 200 202 225 227 229 230 231 232 238 239 240 247 249 250 251 252 253 254 255 264 265 268 309 312 313 314 315 317 320 321 322 325 326 327 330 331 332 354 355 356 358 359 361 470 471 474 475 476 478 481 522 523 526 594 597 598 599 602 603 604 607 608 609 612 613 614 617 618 619 622 623 624 634 635 636 637 638 640 642 664 666 667 671 672 673 674 680 681 682 692 693 696 757 760 761 762 763 765 768 769 770 773 774 775 778 779 780 802 803 804 814 815 816 838 839 840 842 843 844 846 992 993 994 996 997 1005 1008 1009 1012 1014 1015 1017 1020 1155 1156 1160 1161 1164 1235 1236 1273 1274 1275 1322 1323 1388 1389 1408 1409 1410 1411 1414 1415 1416 1417 1418 1420 1421 1422 1433 1435 1436 1437 1440 1442 1450 1460 1476 1480 1481 1482 1483 1484 1486 1488 1491 1492 1493 1494 1495 1498 1499 1500 1501 1502 1504 1508 1509 1510 1511 1512 1513 1514 1516 1521 1522 1523 1530 1531 1532 1537 1538 1540 1541 1542 1543 1544 1545 1547 1548 1549 1550 1552 1553 1554 1555 1556 1558 1563 1565 1621 1622 1623 1628 1629 1630 1631 1632 1633 1635 1636 1637 1642 1646 1647 1648 1649 1650 1652 1658 1659 1660 1661 1664 1665 1666 1667 1668 1669 1673 1676 1677 1698 1699 1700 1701 1702 1703 1704 1705 1710 1711 1715 1716 1717 1718 1719 1722 1723 1724 1729 1732 1733 1734 1735 1739 1744 1745 1753 1754 1755 1762 1763 1764 1766 1767 1768 1769 1772 1773 1908 1909 1910 1911 1918 1919 1920 1921 1990 1991 1992 1993 1994 1995 1996 1997 2002 2004 2008 2009 2010 2050 2051 2056 2057 2058 2059 2060 2061 2067 2069 2072 2073 2077 2078 2079 2080 2081 2085 2096 2097 2098 2099 2100 2101 2103 2104 2109 2110 2111 2112 2113 2140 2141 2142 2144 2145 2146 2147 2148 2149 2152 2158 2160 2161 2162 2164 2169 2246 2247 2248 2249 2250 2251 2252 2255 2261 2262 2263 2299 2300 2303 2304 2566 2567 2570 2571 2574 2577 2578
247 249 250 522 523 526 594 597 598 599 602 603 604 607 608 609 612 613 614 634 635 636 637 638 640 642 664 666 667 668 671 672 673 674 680 681 692 693 696 757 760 761 762 763 765 790 791 792 795 796 797 799 838 839 840 842 843 844 846 867 868 871 896 899 900 901 909 910 911 921 922 925 1155 1156 2566 2567 2570 2571 2574 2577 2578
47 48 53 54 60 61 62 77 78 2570 2571 2574
94 95 100 101 112 113 2332 2333 2336 2345 2346 2347 2348 2355 2362 2372 2375 2376 2377 2380 2381 2382 2385 2386 2387 2390 2391 2392 2407 2408 2409 2410 2412 2551 2552 2555 2556 2566 2567 2570 2571 2574
2432 2433 2473 2476 2477 2484 2485 2489 2490 2494 2495 2499 2500 2501 2506 2507 2511 2512 2513 2570 2571 2572 2574
247 249 250 664 666 667 671 672 680 681 692 693 696 757 760 761 762 763 765 768 769 770 773 774 775 838 839 840 842 843 844 846 1008 1009 1012 1014 1015 1017 1020 1160 1161 1164 1235 1236 1239 1240 1241 1273 1274 1275 1310 1311 1312 1322 1323 1388 1389 1408 1409 1410 1411 1414 1415 1416 1417 1418 1420 1421 1422 1423 1425 1426 1427 1433 1435 1440 1442 1443 1444 1445 1446 1447 1448 1449 1450 1460 1476 1477 1478 1479 1480 1481 1530 1531 1532 1537 1538 1540 1541 1542 1543 1544 1545 1563 1565 1715 1716 1717 1718 1719 1722 1723 1724 1729 1732 1733 1734 1735 1739 1744 1745 1753 1754 1755 1760 1761 1908 1909 1910 1911 1918 1919 1920 1921 1925 1926 1927 1930 1931 1932 1933 1934 1935 1937 1961 1962 1990 1991 1992 1993 1997 2002 2004 2056 2057 2058 2059 2060 2061 2067 2069 2072 2073 2096 2097 2098 2099 2100 2101 2103 2104 2109 2110 2111 2112 2113 2140 2141 2142 2144 2145 2146 2147 2148 2149 2152 2246 2247 2248 2249 2250 2251 2252 2255 2261 2262 2263 2287 2288 2566 2567 2570 2571 2574
522 523 594 602 603 607 608 617 618 622 623 627 628 629 2570 2571 2572 2574
47 48 247 249 250 251 522 523 526 559 560 561 562 563 565 570 577 594 597 598 599 602 603 604 607 608 609 612 613 614 634 635 636 637 638 640 642 664 666 667 671 672 673 674 680 681 682 692 693 696 708 709 710 711 714 720 721 722 723 726 732 738 739 740 741 744 757 760 761 762 763 765 778 779 780 802 803 804 838 839 840 842 843 844 846 1155 1156 2551 2552 2553 2560 2561 2562 2566 2567 2570 2571 2574 2577 2578
94 95 100 101 112 113 2332 2333 2336 2345 2346 2347 2348 2355 2362 2372 2375 2376 2377 2385 2386 2387 2390 2391 2392 2407 2408 2409 2410 2412 2432 2433 2442 2445 2446 2447 2448 2451 2457 2458 2459 2460 2463 2473 2476 2477 2478 2479 2481 2494 2495 2496 2518 2519 2520 2522 2551 2552 2553 2560 2561 2562 2566 2567 2570 2571 2574
143 144 147 175 178 179 180 183 184 185 188 189 190 198 199 200 202 225 227 229 230 231 232 238 239 240 264 265 268 309 312 313 314 315 317 320 321 322 325 326 327 330 331 332 354 355 356 358 359 361 992 993 994 996 997 1005 1160 1161 1164 1235 1236 1273 1274 1275 1322 1323 1388 1389 1408 1409 1410 1411 1414 1415 1416 1417 1418 1420 1421 1422 1433 1435 1440 1442 1450 1460 1476 1480 1482 1483 1484 1486 1488 1491 1495 1498 1501 1502 1504 1508 1521 1522 1523 1621 1622 1623 1628 1629 1630 1631 1632 1633 1635 1636 1637 1642 1908 1909 1910 1911 1918 1919 1920 1921 1990 1991 1992 1993 1997 2002 2004 2056 2057 2058 2059 2060 2061 2067 2069 2072 2073 2077 2078 2079 2080 2081 2085 2096 2097 2098 2099 2100 2101 2103 2104 2109 2110 2111 2112 2113 2140 2141 2142 2144 2145 2146 2147 2148 2149 2152 2158 2160 2161 2162 2163 2164 2165 2166 2173 2177 2178 2180 2181 2184 2185 2187 2213 2214 2218 2219 2220 2221 2222 2228 2232 2235 2236 2239 2246 2247 2248 2249 2250 2251 2252 2255 2261 2262 2263 2566 2567 2570 2571 2574
94 95 100 101 522 523 526 542 543 544 594 597 598 599 602 603 604 607 608 609 612 613 614 622 623 624 634 635 636 637 638 640 642 992 993 994 996 997 998 999 1002 1005 1008 1009 1012 1014 1015 1017 1020 1155 1156 2566 2567 2570 2571 2574 2577 2578
2560 2561 2562
522 523 526 548 549 550 594 597 598 599 602 603 604 607 608 609 612 613 614 634 635 636 637 638 640 642 992 993 994 996 997 1005 1155 1156 2566 2567 2570 2571 2574 2577 2578
1008 1009 1012 1014 1015 1017 1020 1028 1029 1030 1031 1032 1114 1115 1118 2570 2571 2574
247 249 250 522 523 526 594 597 598 599 602 603 604 607 608 609 612 613 614 617 618 619 634 635 636 637 638 640 642 664 666 667 671 672 673 674 680 681 682 692 693 696 757 760 761 762 763 765 768 769 770 773 774 775 778 779 780 838 839 840 842 843 844 846 1155 1156 1160 1161 1164 1235 1236 1273 1274 1275 1322 1323 1388 1389 1408 1409 1410 1411 1414 1415 1416 1417 1418 1420 1421 1422 1433 1435 1440 1442 1450 1460 1476 1480 1481 1482 1484 1486 1488 1491 1492 1493 1494 1530 1531 1532 1537 1538 1540 1541 1542 1543 1544 1545 1547 1548 1549 1563 1565 1646 1647 1648 1649 1650 1652 1658 1673 1676 1677 1908 1909 1910 1911 1918 1919 1920 1921 1990 1991 1992 1993 1997 2002 2004 2008 2009 2010 2044 2045 2056 2057 2058 2059 2060 2061 2067 2069 2072 2073 2077 2078 2079 2080 2081 2085 2096 2097 2098 2099 2100 2101 2103 2104 2109 2110 2111 2112 2113 2140 2141 2142 2144 2145 2146 2147 2148 2149 2152 2158 2160 2161 2162 2163 2164 2165 2166 2173 2177 2178 2180 2181 2184 2185 2187 2213 2214 2218 2219 2220 2221 2222 2228 2232 2235 2236 2239 2246 2247 2248 2249 2250 2251 2252 2255 2261 2262 2263 2299 2300 2566 2567 2570 2571 2574 2577 2578
47 48 94 95 100 101 1160 1161 1235 1236 1388 1389 1408 1409 1410 1411 1414 1415 1416 1417 1420 1433 1435 1440 1442 1450 1460 1476 1480 1482 1484 1485 1486 1488 1489 1490 1596 1597 1598 1603 1604 1605 1606 1610 1866 1867 1871 1872 1873 1874 1876 1877 1879 1881 1882 1883 1884 1908 1909 1910 1911 1918 1919 1920 1921 1990 1991 1992 1993 1997 2002 2004 2008 2009 2010 2044 2045 2050 2051 2056 2057 2058 2059 2060 2061 2067 2069 2072 2073 2096 2097 2098 2099 2100 2101 2246 2247 2248 2249 2250 2251 2252 2255 2261 2262 2263 2266 2267 2270 2271 2274 2275 2307 2308 2332 2333 2372 2375 2376 2377 2380 2381 2382 2385 2386 2387 2432 2433 2473 2476 2477 2478 2479 2481 2484 2485 2486 2489 2490 2491 2570 2571 2574
247 249 250 664 666 667 671 672 680 681 692 693 696 757 760 761 762 763 765 768 769 770 773 774 775 838 839 840 842 843 844 846 1160 1161 1164 1235 1236 1273 1274 1275 1322 1323 1388 1389 1408 1409 1410 1411 1414 1415 1416 1417 1418 1420 1421 1422 1433 1435 1440 1442 1450 1460 1476 1480 1481 1530 1531 1532 1537 1538 1540 1541 1542 1543 1544 1545 1563 1565 1908 1909 1910 1911 1918 1919 1920 1921 1990 1991 1992 1993 1997 2002 2004 2056 2057 2058 2059 2060 2061 2067 2069 2072 2073 2096 2097 2098 2099 2100 2101 2103 2104 2109 2110 2111 2112 2113 2140 2141 2142 2144 2145 2146 2147 2148 2149 2152 2246 2247 2248 2249 2250 2251 2252 2255 2261 2262 2263 2566 2567 2570 2571 2574
247 249 250 664 666 667 671 672 680 681 692 693 696 757 760 761 762 763 765 768 769 770 773 774 775 838 839 840 842 843 844 846 1149 1150 1160 1161 1164 1235 1236 1244 1245 1246 1273 1274 1275 1322 1323 1388 1389 1408 1409 1410 1411 1414 1415 1416 1417 1418 1420 1421 1422 1423 1425 1427 1433 1435 1440 1442 1450 1460 1461 1462 1463 1464 1468 1469 1470 1474 1475 1476 1480 1481 1530 1531 1532 1537 1538 1540 1541 1542 1543 1544 1545 1563 1565 1908 1909 1910 1911 1918 1919 1920 1921 1930 1931 1932 1933 1934 1935 1937 1961 1962 1990 1991 1992 1993 1997 2002 2004 2056 2057 2058 2059 2060 2061 2067 2069 2072 2073 2096 2097 2098 2099 2100 2101 2246 2247 2248 2249 2250 2251 2252 2255 2261 2262 2263 2291 2292 2566 2567 2570 2571 2574
247 249 250 664 666 667 671 672 680 681 692 693 696 757 760 761 762 763 765 838 839 840 842 843 844 846 1160 1161 1164 1235 1236 1261 1262 1263 1266 1267 1268 1270 1273 1274 1275 1322 1323 2566 2567 2570 2571 2574
94 95 100 101 116 117 118 119 120 247 249 250 383 384 387 416 419 420 421 422 424 427 428 429 432 433 434 437 438 439 449 450 451 453 454 522 523 526 594 597 598 599 602 603 604 607 608 609 612 613 614 617 618 619 634 635 636 637 638 640 642 664 666 667 671 672 673 674 680 681 692 693 696 757 760 761 762 763 765 768 769 770 773 774 775 838 839 840 842 843 844 846 1155 1156 1160 1161 1164 1235 1236 1273 1274 1275 1297 1298 1299 1322 1323 1388 1389 1408 1409 1410 1411 1414 1415 1416 1417 1418 1420 1421 1422 1433 1435 1440 1442 1450 1460 1476 1480 1481 1482 1484 1486 1487 1488 1491 1492 1493 1494 1530 1531 1532 1537 1538 1540 1541 1542 1543 1544 1545 1547 1548 1550 1552 1554 1556 1558 1560 1563 1565 1569 1570 1571 1572 1575 1580 1581 1582 1583 1584 1585 1587 1588 1589 1592 1646 1647 1648 1649 1650 1652 1658 1673 1676 1677 1908 1909 1910 1911 1918 1919 1920 1921 1990 1991 1992 1993 1997 2002 2004 2008 2009 2010 2050 2051 2056 2057 2058 2059 2060 2061 2067 2069 2072 2073 2077 2078 2079 2080 2081 2085 2096 2097 2098 2099 2100 2101 2158 2160 2161 2162 2164 2169 2246 2247 2248 2249 2250 2251 2252 2255 2261 2262 2263 2299 2300 2566 2567 2570 2571 2574 2577 2578
247 249 250 470 471 474 475 476 478 481 522 523 526 594 597 598 599 602 603 604 607 608 609 612 613 614 634 635 636 637 638 640 642 664 666 667 671 672 673 674 680 681 682 692 693 696 757 760 761 762 763 765 778 779 780 814 815 816 819 820 821 823 838 839 840 842 843 844 846 1155 1156 2566 2567 2570 2571 2574 2577 2578
247 249 250 664 666 667 671 672 680 681 692 693 696 708 709 710 711 714 720 726 732 738 744 757 760 761 762 763 765 838 839 840 842 843 844 846 1160 1161 1164 1177 1178 1179 1180 1182 1185 1188 1189 1190 1193 1194 1197 1203 1204 1205 1206 1209 1215 1221 1235 1236 1261 1262 1263 1273 1274 1275 1322 1323 2551 2552 2553 2566 2567 2570 2571 2574
1008 1009 1012 1014 1015 1017 1020 1028 1029 1030 1031 1032 1055 1056 1057 1059 1060 1061 1062 1073 1074 1075 1076 1114 1115 1116 1118 2560 2561 2562 2570 2571 2574
470 471 474 475 476 478 481 488 489 490 491 493 494 495 496 501 1155 1156 2551 2552 2553 2577 2578
47 48 522 523 526 559 560 561 562 563 565 570 577 594 597 598 599 602 603 604 607 608 609 612 613 614 634 635 636 637 638 640 642 1155 1156 2551 2552 2553 2566 2567 2570 2571 2574 2577 2578
47 48 522 523 526 559 560 561 562 563 565 570 577 594 597 598 599 602 603 604 607 608 609 612 613 614 617 618 619 634 635 636 637 638 640 642 1155 1156 2551 2552 2555 2556 2566 2567 2570 2571 2574 2577 2578
143 144 147 175 178 179 180 183 184 185 198 199 200 202 225 227 229 230 231 232 233 238 239 240 264 265 309 312 313 314 315 317 320 321 322 330 331 332 354 355 356 358 359 992 993 994 996 997 1005 2566 2567 2570 2571 2574
47 48 522 523 526 559 560 561 562 563 565 570 571 572 573 575 577 594 597 598 599 602 603 604 607 608 609 612 613 614 622 623 624 634 635 636 637 638 640 642 1008 1009 1012 1014 1015 1017 1020 1028 1029 1030 1031 1032 1114 1115 1118 1155 1156 2551 2552 2553 2560 2561 2562 2566 2567 2570 2571 2574 2577 2578
247 249 250 664 666 667 671 672 680 681 692 693 696 757 760 761 762 763 765 768 769 770 773 774 775 838 839 840 842 843 844 846 1160 1161 1164 1235 1236 1273 1274 1275 1322 1323 1388 1389 1408 1409 1410 1411 1414 1415 1416 1417 1418 1420 1421 1422 1433 1435 1440 1442 1450 1460 1476 1480 1481 1530 1531 1532 1537 1538 1540 1541 1542 1543 1544 1545 1563 1565 1908 1909 1910 1911 1918 1919 1920 1921 1990 1991 1992 1993 1997 2002 2004 2056 2057 2058 2059 2060 2061 2067 2069 2072 2073 2096 2097 2098 2099 2100 2101 2103 2104 2109 2110 2111 2112 2113 2114 2115 2117 2118 2119 2120 2121 2123 2124 2125 2126 2127 2128 2129 2130 2131 2133 2134 2246 2247 2248 2249 2250 2251 2252 2255 2261 2262 2263 2566 2567 2570 2571 2574
94 95 100 101 116 117 118 119 120 247 249 250 383 384 387 416 419 420 421 422 424 427 428 429 432 433 434 437 438 439 449 450 451 453 454 522 523 526 594 597 598 599 602 603 604 607 608 609 612 613 614 617 618 619 634 635 636 637 638 640 642 664 666 667 671 672 673 674 680 681 692 693 696 757 760 761 762 763 765 768 769 770 773 774 775 838 839 840 842 843 844 846 1155 1156 1160 1161 1164 1235 1236 1239 1240 1241 1273 1274 1275 1297 1298 1299 1322 1323 1388 1389 1408 1409 1410 1411 1414 1415 1416 1417 1418 1420 1421 1422 1423 1425 1427 1433 1435 1440 1442 1443 1444 1445 1446 1447 1448 1449 1450 1460 1476 1480 1481 1482 1484 1486 1487 1488 1491 1492 1493 1494 1530 1531 1532 1537 1538 1540 1541 1542 1543 1544 1545 1547 1548 1550 1552 1554 1556 1558 1560 1563 1565 1569 1570 1571 1572 1573 1575 1580 1581 1582 1583 1584 1585 1587 1588 1589 1592 1646 1647 1648 1649 1650 1652 1658 1673 1676 1677 1908 1909 1910 1911 1918 1919 1920 1921 1990 1991 1992 1993 1997 2002 2004 2008 2009 2010 2050 2051 2056 2057 2058 2059 2060 2061 2067 2069 2072 2073 2077 2078 2079 2080 2081 2085 2096 2097 2098 2099 2100 2101 2158 2160 2161 2162 2164 2169 2246 2247 2248 2249 2250 2251 2252 2255 2261 2262 2263 2287 2288 2299 2300 2566 2567 2570 2571 2574 2577 2578
692 693 757 768 769 770 838 839 2570 2571 2572 2574
247 249 250 522 523 526 594 597 598 599 602 603 604 607 608 609 612 613 614 634 635 636 637 638 640 642 664 666 667 671 672 673 674 680 681 682 692 693 696 757 760 761 762 763 765 778 779 780 783 784 785 787 838 839 840 842 843 844 846 1155 1156 2566 2567 2570 2571 2574 2577 2578
247 249 250 664 666 667 671 672 680 681 692 693 696 757 760 761 762 763 765 768 769 770 773 774 775 838 839 840 842 843 844 846 1160 1161 1164 1235 1236 1273 1274 1275 1322 1323 1388 1389 1408 1409 1410 1411 1414 1415 1416 1417 1418 1420 1421 1422 1433 1435 1440 1442 1450 1460 1476 1480 1481 1530 1531 1532 1537 1538 1540 1541 1542 1543 1544 1545 1563 1565 1908 1909 1910 1911 1918 1919 1920 1921 1990 1991 1992 1993 1997 2002 2004 2056 2057 2058 2059 2060 2061 2067 2069 2072 2073 2096 2097 2098 2099 2100 2101 2246 2247 2248 2249 2250 2251 2252 2255 2566 2567 2570 2571 2574
143 144 147 175 178 179 180 183 184 185 198 199 200 202 225 227 229 230 231 232 238 239 240 247 249 250 251 252 253 254 255 256 264 265 268 309 312 313 314 315 317 320 321 322 330 331 332 354 355 356 358 359 361 664 666 667 671 672 680 681 692 693 757 760 761 762 763 765 768 769 770 802 803 804 838 839 840 842 843 844 992 993 994 996 997 1005 2566 2567 2570 2571 2574
94 95 100 101 116 117 118 119 120 247 249 250 383 384 387 416 419 420 421 422 424 427 428 429 432 433 434 437 438 439 449 450 451 453 454 522 523 526 594 597 598 599 602 603 604 607 608 609 612 613 614 617 618 619 634 635 636 637 638 640 642 664 666 667 671 672 673 674 680 681 692 693 696 757 760 761 762 763 765 768 769 770 773 774 775 838 839 840 842 843 844 846 1155 1156 1160 1161 1164 1235 1236 1273 1274 1275 1297 1298 1299 1322 1323 1388 1389 1408 1409 1410 1411 1414 1415 1416 1417 1418 1420 1421 1422 1433 1435 1440 1442 1450 1460 1476 1480 1481 1482 1484 1486 1487 1488 1491 1492 1493 1494 1530 1531 1532 1537 1538 1540 1541 1542 1543 1544 1545 1547 1548 1550 1552 1554 1556 1558 1560 1563 1565 1569 1570 1571 1572 1575 1580 1581 1582 1583 1584 1585 1587 1588 1589 1592 1646 1647 1648 1649 1650 1652 1658 1673 1676 1677 1908 1909 1910 1911 1918 1919 1920 1921 1990 1991 1992 1993 1997 2002 2004 2008 2009 2010 2050 2051 2056 2057 2058 2059 2060 2061 2067 2069 2072 2073 2077 2078 2079 2080 2081 2085 2096 2097 2098 2099 2100 2101 2158 2160 2161 2162 2164 2169 2246 2247 2248 2249 2250 2251 2252 2255 2261 2262 2263 2299 2300 2566 2567 2570 2571 2574 2577 2578
143 144 147 175 178 179 180 183 184 185 188 189 190 198 199 200 202 225 227 229 230 231 232 238 239 240 264 265 268 309 312 313 314 315 317 320 321 322 325 326 327 330 331 332 354 355 356 358 359 361 992 993 994 996 997 1005 1160 1161 1164 1235 1236 1273 1274 1275 1322 1323 1388 1389 1408 1409 1410 1411 1414 1415 1416 1417 1418 1420 1421 1422 1433 1435 1440 1442 1450 1460 1476 1480 1482 1483 1484 1486 1488 1491 1495 1498 1501 1502 1504 1508 1521 1522 1523 1621 1622 1623 1628 1629 1630 1631 1632 1633 1635 1636 1637 1642 1908 1909 1910 1911 1918 1919 1920 1921 1990 1991 1992 1993 1997 2002 2004 2056 2057 2058 2059 2060 2061 2067 2069 2072 2073 2077 2078 2079 2080 2081 2085 2096 2097 2098 2099 2100 2101 2103 2104 2109 2110 2111 2112 2113 2114 2115 2117 2118 2119 2120 2121 2123 2124 2125 2126 2127 2128 2129 2130 2131 2133 2134 2140 2141 2142 2144 2145 2146 2147 2148 2149 2152 2158 2160 2161 2162 2164 2169 2246 2247 2248 2249 2250 2251 2252 2255 2261 2262 2263 2566 2567 2570 2571 2574
47 48 522 523 526 559 560 561 562 565 570 577 594 597 598 599 602 603 604 607 608 609 612 613 614 634 635 636 637 638 640 642 1155 1156 2551 2552 2553 2566 2567 2570 2571 2574 2577 2578
247 249 250 664 666 667 671 672 680 681 692 693 696 708 709 710 711 714 720 726 732 738 744 757 760 761 762 763 765 838 839 840 842 843 844 846 1008 1009 1012 1014 1015 1017 1020 1028 1029 1030 1031 1032 1069 1070 1114 1115 1118 1160 1161 1164 1177 1178 1179 1180 1182 1185 1188 1197 1198 1199 1200 1203 1204 1205 1206 1209 1215 1221 1235 1236 1273 1274 1275 1310 1311 1312 1322 1323 2551 2552 2553 2566 2567 2570 2571 2574
94 95 100 101 2332 2333 2336 2372 2375 2376 2377 2385 2386 2387 2390 2391 2392 2407 2408 2409 2410 2412 2432 2433 2442 2473 2476 2477 2478 2479 2481 2494 2495 2496 2499 2500 2501 2503 2518 2519 2520 2522 2566 2567 2570 2571 2574
1160 1161 1164 1235 1236 1285 1286 1287 1290 1291 1292 1294 1322 1323 2432 2433 2442 2473 2476 2477 2478 2479 2481 2518 2519 2520 2522 2566 2567 2570 2571 2574
247 249 250 522 523 526 594 597 598 599 602 603 604 607 608 609 612 613 614 617 618 619 622 623 624 634 635 636 637 638 640 642 664 666 667 671 672 673 674 680 681 682 692 693 696 757 760 761 762 763 765 768 769 770 773 774 775 778 779 780 838 839 840 842 843 844 846 1008 1009 1012 1014 1015 1017 1020 1155 1156 1160 1161 1164 1235 1236 1273 1274 1275 1322 1323 1388 1389 1408 1409 1410 1411 1414 1415 1416 1417 1418 1420 1421 1422 1433 1435 1440 1442 1450 1460 1476 1480 1481 1482 1484 1486 1488 1491 1492 1493 1494 1530 1531 1532 1537 1538 1540 1541 1542 1543 1544 1545 1547 1548 1549 1563 1565 1646 1647 1648 1649 1650 1652 1658 1659 1660 1661 1664 1665 1666 1667 1668 1669 1673 1676 1677 1715 1716 1717 1718 1719 1722 1723 1724 1726 1727 1729 1732 1733 1734 1735 1736 1737 1739 1744 1745 1753 1754 1755 1762 1763 1764 1908 1909 1910 1911 1918 1919 1920 1921 1990 1991 1992 1993 1994 1995 1996 1997 2002 2004 2008 2009 2010 2032 2033 2056 2057 2058 2059 2060 2061 2067 2069 2072 2073 2077 2078 2079 2080 2081 2085 2096 2097 2098 2099 2100 2101 2158 2160 2161 2162 2164 2169 2246 2247 2248 2249 2250 2251 2252 2255 2261 2262 2263 2299 2300 2566 2567 2570 2571 2574 2577 2578
2332 2333 2372 2375 2376 2380 2381 2385 2386 2390 2391 2395 2396 2400 2401 2402 2570 2571 2572 2574
143 144 147 155 156 157 158 161 166 175 178 179 180 183 184 185 198 199 200 202 225 227 229 230 231 232 238 239 240 264 265 268 281 282 283 284 287 293 294 295 296 299 309 312 313 314 315 317 330 331 332 354 355 356 358 359 361 992 993 994 996 997 1005 2551 2552 2553 2560 2561 2562 2566 2567 2570 2571 2574
522 523 526 542 543 544 594 597 598 599 602 603 604 607 608 609 612 613 614 622 623 624 634 635 636 637 638 640 642 992 993 994 996 997 998 999 1002 1005 1008 1009 1012 1014 1015 1017 1020 1155 1156 2566 2567 2570 2571 2574 2577 2578
247 249 250 522 523 526 594 597 598 599 602 603 604 607 608 609 612 613 614 617 618 619 634 635 636 637 638 640 642 664 666 667 671 672 673 674 680 681 682 692 693 696 757 760 761 762 763 765 768 769 770 773 774 775 778 779 780 838 839 840 842 843 844 846 1155 1156 1160 1161 1164 1235 1236 1273 1274 1275 1322 1323 1388 1389 1408 1409 1410 1411 1414 1415 1416 1417 1418 1420 1421 1422 1433 1435 1440 1442 1450 1460 1476 1480 1481 1482 1484 1486 1488 1491 1492 1493 1494 1530 1531 1532 1537 1538 1540 1541 1542 1543 1544 1545 1547 1548 1549 1563 1565 1646 1647 1648 1649 1650 1652 1658 1673 1676 1677 1908 1909 1910 1911 1918 1919 1920 1921 1990 1991 1992 1993 1997 2002 2004 2008 2009 2010 2044 2045 2056 2057 2058 2059 2060 2061 2067 2069 2072 2073 2077 2078 2079 2080 2081 2082 2083 2085 2096 2097 2098 2099 2100 2101 2158 2160 2161 2162 2164 2169 2246 2247 2248 2249 2250 2251 2252 2255 2261 2262 2263 2299 2300 2566 2567 2570 2571 2574 2577 2578
225 227 229 230 238 239 240 264 265 268 309 312 313 314 315 317 354 355 356 358 359 361 992 993 994 996 997 1005 2566 2567 2570 2571 2574
247 249 250 383 384 387 395 396 397 398 401 407 416 419 420 421 422 424 427 428 429 432 433 434 449 450 451 453 454 664 666 667 671 672 680 681 692 693 696 708 709 710 711 714 720 726 732 738 744 757 760 761 762 763 765 768 769 770 773 774 775 838 839 840 842 843 844 846 1008 1009 1012 1014 1015 1017 1020 1028 1029 1030 1031 1032 1069 1070 1114 1115 1118 1160 1161 1164 1177 1178 1179 1180 1182 1183 1185 1188 1189 1190 1191 1193 1194 1197 1198 1199 1200 1203 1204 1205 1206 1209 1210 1211 1212 1215 1216 1217 1218 1221 1235 1236 1239 1240 1241 1249 1250 1251 1261 1262 1263 1273 1274 1275 1285 1286 1287 1297 1298 1299 1310 1311 1312 1322 1323 1388 1389 1408 1409 1410 1411 1414 1415 1416 1417 1418 1420 1421 1422 1423 1424 1425 1426 1427 1428 1433 1435 1440 1442 1443 1444 1445 1446 1447 1448 1449 1450 1451 1452 1453 1454 1456 1458 1459 1460 1476 1477 1478 1479 1480 1481 1482 1484 1485 1486 1487 1530 1531 1532 1537 1538 1540 1541 1542 1543 1544 1545 1563 1565 1569 1570 1571 1572 1573 1575 1580 1581 1582 1583 1584 1585 1592 1596 1597 1598 1603 1604 1605 1606 1607 1608 1617 1715 1716 1717 1718 1719 1722 1723 1724 1729 1732 1733 1734 1735 1739 1744 1745 1753 1754 1755 1760 1761 1908 1909 1910 1911 1918 1919 1920 1921 1925 1926 1927 1930 1931 1932 1933 1934 1935 1937 1961 1962 1990 1991 1992 1993 1997 2002 2004 2056 2057 2058 2059 2060 2061 2067 2069 2072 2073 2096 2097 2098 2099 2100 2101 2103 2104 2109 2110 2111 2112 2113 2140 2141 2142 2144 2145 2146 2147 2148 2149 2152 2246 2247 2248 2249 2250 2251 2252 2255 2261 2262 2263 2287 2288 2295 2296 2432 2433 2442 2445 2446 2447 2448 2451 2457 2463 2473 2476 2477 2478 2479 2481 2484 2485 2486 2489 2490 2491 2518 2519 2520 2522 2551 2552 2553 2566 2567 2570 2571 2574
143 144 147 155 156 157 158 161 166 175 178 179 180 183 184 185 188 189 190 198 199 200 202 2551 2552 2555 2556 2566 2567 2570 2571 2574
992 993 994 996 997 998 999 1002 1005 1008 1009 1012 1014 1015 1017 1020 2570 2571 2574
2432 2433 2473 2484 2485 2486 2518 2519 2570 2571 2572 2574
143 144 175 178 179 180 183 184 185 264 265 309 312 313 314 315 317 320 321 322 325 326 327 1160 1161 1235 1236 1388 1389 1408 1409 1410 1411 1414 1415 1416 1417 1420 1433 1435 1440 1442 1450 1460 1476 1480 1482 1483 1484 1486 1488 1491 1495 1498 1501 1502 1504 1508 1521 1522 1621 1622 1623 1628 1629 1630 1631 1635 1908 1909 1910 1911 1918 1919 1920 1921 1990 1991 1992 1993 1997 2002 2004 2056 2057 2058 2059 2060 2061 2067 2069 2072 2073 2077 2078 2079 2080 2081 2085 2096 2097 2098 2099 2100 2101 2158 2160 2161 2162 2163 2164 2165 2166 2173 2174 2175 2246 2247 2248 2249 2250 2251 2252 2255 2261 2262 2263 2266 2267 2270 2271 2274 2275 2570 2571 2574
522 523 594 597 598 599 602 603 604 612 613 614 634 635 636 637 2570 2571 2572 2574
383 384 387 416 419 420 421 422 424 449 450 451 453 454 664 666 667 671 672 1160 1161 1164 1235 1236 1297 1298 1299 1302 1303 1305 1307 1322 1323 2566 2567 2570 2571 2574
247 249 250 522 523 526 594 597 598 599 602 603 604 607 608 609 612 613 614 617 618 619 634 635 636 637 638 640 642 664 666 667 671 672 673 674 680 681 682 692 693 696 757 760 761 762 763 765 768 769 770 773 774 775 778 779 780 838 839 840 842 843 844 846 1155 1156 1160 1161 1164 1235 1236 1273 1274 1275 1322 1323 1388 1389 1408 1409 1410 1411 1414 1415 1416 1417 1418 1420 1421 1422 1433 1435 1440 1442 1450 1460 1476 1480 1481 1482 1484 1486 1488 1491 1492 1493 1494 1530 1531 1532 1537 1538 1540 1541 1542 1543 1544 1545 1547 1548 1549 1563 1565 1646 1647 1648 1649 1650 1652 1658 1673 1676 1677 1908 1909 1910 1911 1918 1919 1920 1921 1990 1991 1992 1993 1997 2002 2004 2008 2009 2010 2044 2045 2056 2057 2058 2059 2060 2061 2067 2069 2072 2073 2077 2078 2079 2080 2081 2085 2096 2097 2098 2099 2100 2101 2158 2160 2161 2162 2163 2164 2165 2166 2173 2177 2178 2180 2181 2184 2185 2187 2213 2214 2218 2219 2220 2221 2222 2228 2232 2235 2236 2237 2246 2247 2248 2249 2250 2251 2252 2255 2261 2262 2263 2299 2300 2566 2567 2570 2571 2574 2577 2578
143 144 175 178 179 180 183 184 185 264 265 309 312 313 314 315 317 320 321 322 325 326 327 1160 1161 1235 1236 1388 1389 1408 1409 1410 1411 1414 1415 1416 1417 1420 1433 1435 1440 1442 1450 1460 1476 1480 1482 1483 1484 1486 1488 1491 1495 1498 1501 1502 1504 1508 1521 1522 1621 1622 1623 1628 1629 1630 1631 1635 1908 1909 1910 1911 1918 1919 1920 1921 1990 1991 1992 1993 1997 2002 2004 2056 2057 2058 2059 2060 2061 2067 2069 2072 2073 2077 2078 2079 2080 2081 2085 2096 2097 2098 2099 2100 2101 2158 2160 2161 2162 2163 2164 2165 2166 2173 2177 2178 2180 2181 2184 2185 2187 2189 2190 2193 2194 2195 2196 2198 2201 2202 2203 2207 2208 2246 2247 2248 2249 2250 2251 2252 2255 2261 2262 2263 2266 2267 2270 2271 2274 2275 2570 2571 2574
1155 1156
47 48 247 249 250 522 523 526 559 560 561 562 563 565 570 577 594 597 598 599 602 603 604 607 608 609 612 613 614 634 635 636 637 638 640 642 664 666 667 671 672 673 674 680 681 682 692 693 696 708 709 710 711 714 715 716 717 720 721 722 723 726 732 738 744 757 760 761 762 763 765 778 779 780 826 827 828 838 839 840 842 843 844 846 1008 1009 1012 1014 1015 1017 1020 1028 1029 1030 1031 1032 1069 1070 1114 1115 1118 1155 1156 2551 2552 2553 2560 2561 2562 2566 2567 2570 2571 2574 2577 2578
247 249 250 522 523 526 594 597 598 599 602 603 604 607 608 609 612 613 614 617 618 619 634 635 636 637 638 640 642 664 666 667 671 672 673 674 680 681 682 692 693 696 757 760 761 762 763 765 768 769 770 773 774 775 778 779 780 838 839 840 842 843 844 846 1155 1156 1160 1161 1164 1235 1236 1273 1274 1275 1322 1323 1388 1389 1408 1409 1410 1411 1414 1415 1416 1417 1418 1420 1421 1422 1433 1435 1440 1442 1450 1460 1476 1480 1481 1482 1484 1486 1488 1491 1492 1493 1494 1530 1531 1532 1537 1538 1540 1541 1542 1543 1544 1545 1547 1548 1549 1563 1565 1646 1647 1648 1649 1650 1652 1658 1673 1676 1677 1908 1909 1910 1911 1918 1919 1920 1921 1990 1991 1992 1993 1997 2002 2004 2008 2009 2010 2044 2045 2056 2057 2058 2059 2060 2061 2067 2069 2072 2073 2077 2078 2079 2080 2081 2085 2096 2097 2098 2099 2100 2101 2158 2160 2161 2162 2163 2164 2165 2166 2169 2173 2177 2178 2180 2181 2184 2185 2187 2213 2214 2218 2219 2220 2221 2222 2228 2232 2235 2236 2237 2246 2247 2248 2249 2250 2251 2252 2255 2261 2262 2263 2299 2300 2566 2567 2570 2571 2574 2577 2578
522 523 594 597 598 599 602 603 604 607 608 609 612 613 614 692 693 757 760 761 762 763 765 768 769 770 773 774 775 1160 1161 1235 1236 1388 1389 1408 1409 1410 1411 1414 1415 1416 1417 1420 1433 1435 1440 1442 1450 1460 1476 1480 1481 1482 1484 1486 1488 1491 1492 1493 1494 1530 1531 1532 1537 1538 1540 1541 1542 1543 1547 1646 1647 1648 1649 1650 1652 1658 1659 1660 1661 1715 1716 1717 1718 1719 1722 1723 1724 1729 1732 1753 1754 1755 1760 1761 1908 1909 1910 1911 1918 1919 1920 1921 1925 1926 1927 1930 1931 1932 1933 1934 1935 1937 1938 1939 1940 1948 1949 1967 1968 1969 1970 1971 1978 1982 1983 1984 1985 1986 1990 1991 1992 1993 1997 2002 2004 2008 2009 2010 2044 2045 2056 2057 2058 2059 2060 2061 2067 2069 2072 2073 2077 2078 2079 2080 2081 2085 2096 2097 2098 2099 2100 2101 2246 2247 2248 2249 2250 2251 2252 2255 2261 2262 2263 2266 2267 2270 2271 2274 2275 2299 2300 2570 2571 2574
992 993 994 996 997 998 1005 1008 1009 1012 1014 1015 1017 1020 2570 2571 2574
247 249 250 522 523 526 594 597 598 599 602 603 604 607 608 609 612 613 614 617 618 619 634 635 636 637 638 640 642 664 666 667 668 671 672 673 674 680 681 682 692 693 696 757 760 761 762 763 765 768 769 770 773 774 775 778 779 780 790 791 792 838 839 840 842 843 844 846 867 868 871 896 899 900 901 904 905 906 909 910 911 921 922 925 1155 1156 1160 1161 1164 1235 1236 1273 1274 1275 1322 1323 1388 1389 1408 1409 1410 1411 1414 1415 1416 1417 1418 1420 1421 1422 1433 1435 1440 1442 1450 1460 1476 1480 1481 1482 1484 1486 1488 1491 1492 1493 1494 1495 1496 1497 1530 1531 1532 1537 1538 1540 1541 1542 1543 1544 1545 1547 1548 1549 1550 1551 1563 1565 1646 1647 1648 1649 1650 1652 1658 1673 1676 1677 1680 1681 1685 1686 1687 1688 1689 1690 1692 1694 1908 1909 1910 1911 1918 1919 1920 1921 1990 1991 1992 1993 1997 2002 2004 2008 2009 2010 2032 2033 2044 2045 2056 2057 2058 2059 2060 2061 2067 2069 2072 2073 2077 2078 2079 2080 2081 2085 2096 2097 2098 2099 2100 2101 2158 2160 2161 2162 2164 2169 2246 2247 2248 2249 2250 2251 2252 2255 2261 2262 2263 2299 2300 2311 2312 2566 2567 2570 2571 2574 2577 2578
383 384 387 416 419 420 421 422 424 437 438 439 442 443 444 446 449 450 451 453 454 522 523 526 594 597 598 599 602 603 604 607 608 609 612 613 614 634 635 636 637 638 640 642 664 666 667 671 672 673 674 1155 1156 2566 2567 2570 2571 2574 2577 2578
94 95 100 101 112 113 2570 2571 2574
94 95 100 101 112 113 1008 1009 1012 1014 1015 1017 1020 1028 1029 1030 1031 1032 1069 1070 1114 1115 1118 2332 2333 2336 2345 2346 2347 2348 2355 2362 2372 2375 2376 2377 2385 2386 2387 2390 2391 2392 2407 2408 2409 2410 2412 2432 2433 2442 2445 2446 2447 2448 2451 2452 2453 2454 2457 2458 2459 2460 2463 2473 2476 2477 2478 2479 2481 2494 2495 2496 2506 2507 2508 2518 2519 2520 2522 2551 2552 2553 2560 2561 2562 2566 2567 2570 2571 2574
47 48 247 249 250 470 471 474 475 476 478 481 488 489 490 491 493 494 495 496 501 522 523 526 559 560 561 562 563 565 570 577 594 597 598 599 602 603 604 607 608 609 612 613 614 634 635 636 637 638 640 642 664 666 667 671 672 673 674 680 681 682 692 693 696 708 709 710 711 714 720 721 722 723 726 732 733 734 735 738 744 757 760 761 762 763 765 778 779 780 814 815 816 838 839 840 842 843 844 846 1155 1156 2551 2552 2553 2560 2561 2562 2566 2567 2570 2571 2574 2577 2578
247 249 250 664 666 667 671 672 680 681 692 693 696 757 760 761 762 763 765 768 769 770 773 774 775 838 839 840 842 843 844 846 1160 1161 1164 1235 1236 1273 1274 1275 1322 1323 1388 1389 1408 1409 1410 1411 1414 1415 1416 1417 1418 1420 1421 1422 1433 1435 1440 1442 1450 1460 1476 1480 1481 1530 1531 1532 1537 1538 1540 1541 1542 1543 1544 1545 1563 1565 1908 1909 1910 1911 1918 1919 1920 1921 1990 1991 1992 1993 1997 2002 2004 2056 2057 2058 2059 2060 2061 2067 2069 2072 2073 2096 2097 2098 2099 2100 2101 2103 2104 2109 2110 2111 2112 2113 2140 2141 2142 2144 2145 2146 2147 2148 2149 2152 2246 2247 2248 2249 2250 2251 2252 2255 2261 2262 2263 2566 2567 2570 2571 2574
247 249 250 664 666 667 671 672 680 681 692 693 696 708 709 710 711 714 720 726 732 738 744 757 760 761 762 763 765 838 839 840 842 843 844 846 1160 1161 1164 1177 1178 1179 1180 1182 1185 1188 1189 1190 1191 1193 1194 1197 1203 1204 1205 1206 1209 1215 1221 1235 1236 1249 1250 1251 1261 1262 1263 1273 1274 1275 1322 1323 2551 2552 2553 2566 2567 2570 2571 2574
47 48 383 384 387 395 396 397 398 401 402 403 404 407 416 419 420 421 422 424 432 433 434 437 438 439 449 450 451 453 454 522 523 526 559 560 561 562 563 565 570 577 594 597 598 599 602 603 604 607 608 609 612 613 614 634 635 636 637 638 640 642 664 666 667 671 672 673 674 1155 1156 2551 2552 2553 2555 2556 2560 2561 2562 2566 2567 2570 2571 2574 2577 2578
247 249 250 251 522 523 526 594 597 598 599 602 603 604 607 608 609 612 613 614 634 635 636 637 638 640 642 664 666 667 671 672 673 674 680 681 682 692 693 696 757 760 761 762 763 765 778 779 780 802 803 804 807 808 809 811 838 839 840 842 843 844 846 1155 1156 2566 2567 2570 2571 2574 2577 2578
247 249 250 664 666 667 671 672 680 681 692 693 696 757 760 761 762 763 765 768 769 770 773 774 775 826 827 828 838 839 840 842 843 844 846 1012 1014 1015 1017 1020 1160 1161 1164 1235 1236 1273 1274 1275 1322 1323 1388 1389 1408 1409 1410 1411 1414 1415 1416 1417 1418 1420 1421 1422 1433 1435 1440 1442 1450 1460 1476 1477 1478 1479 1480 1481 1530 1531 1532 1537 1538 1540 1541 1542 1543 1544 1545 1547 1548 1550 1552 1554 1556 1557 1563 1565 1715 1716 1717 1718 1719 1720 1722 1723 1724 1729 1732 1733 1734 1735 1739 1744 1745 1753 1754 1755 1756 1757 1758 1759 1760 1761 1762 1763 1764 1766 1767 1772 1773 1783 1785 1786 1787 1788 1790 1791 1794 1795 1796 1797 1808 1809 1810 1811 1815 1816 1817 1818 1823 1824 1832 1833 1836 1844 1845 1846 1847 1848 1850 1851 1854 1856 1857 1858 1859 1908 1909 1910 1911 1918 1919 1920 1921 1925 1926 1927 1930 1931 1932 1933 1934 1935 1937 1961 1962 1990 1991 1992 1993 1994 1995 1996 1997 1998 1999 2000 2002 2004 2056 2057 2058 2059 2060 2061 2067 2069 2072 2073 2096 2097 2098 2099 2100 2101 2246 2247 2248 2249 2250 2251 2252 2255 2261 2262 2263 2566 2567 2570 2571 2574
1008 1009 1012 1014 1015 2570 2571 2572 2574
94 95 100 101 112 113 2332 2333 2336 2345 2346 2347 2348 2355 2362 2372 2375 2376 2377 2385 2386 2387 2390 2391 2392 2407 2408 2409 2410 2412 2551 2552 2553 2566 2567 2570 2571 2574
2432 2433 2442 2445 2446 2447 2448 2451 2457 2463 2473 2476 2477 2478 2479 2481 2518 2519 2520 2522 2551 2552 2553 2566 2567 2570 2571 2574
47 48 247 249 250 251 470 471 474 475 476 478 481 488 489 490 491 493 494 495 496 501 522 523 526 559 560 561 562 563 565 570 577 594 597 598 599 602 603 604 607 608 609 612 613 614 634 635 636 637 638 640 642 664 666 667 668 671 672 673 674 680 681 682 692 693 696 708 709 710 711 714 715 716 717 720 721 722 723 726 727 728 729 732 733 734 735 738 739 740 741 744 757 760 761 762 763 765 778 779 780 790 791 792 802 803 804 814 815 816 826 827 828 838 839 840 842 843 844 846 867 868 871 878 879 880 881 882 883 884 885 888 896 899 900 901 909 910 911 921 922 925 1008 1009 1012 1014 1015 1017 1020 1028 1029 1030 1031 1032 1069 1070 1114 1115 1118 1155 1156 2551 2552 2553 2560 2561 2562 2566 2567 2570 2571 2574 2577 2578
522 523 526 542 543 544 594 597 598 599 602 603 604 607 608 609 612 613 614 622 623 624 634 635 636 637 638 640 642 992 993 994 996 997 998 999 1002 1005 1008 1009 1012 1014 1015 1017 1020 1155 1156 2566 2567 2570 2571 2574 2577 2578
692 693 757 760 761 762 763 765 768 769 770 773 774 775 1160 1161 1235 1236 1388 1389 1408 1409 1410 1411 1414 1415 1416 1417 1420 1433 1435 1440 1442 1450 1460 1461 1476 1480 1481 1530 1531 1532 1537 1538 1540 1541 1542 1543 1547 1908 1909 1910 1911 1918 1919 1920 1921 1990 1991 1992 1993 1997 2002 2004 2056 2057 2058 2059 2060 2061 2067 2069 2072 2073 2096 2097 2098 2099 2100 2101 2246 2247 2248 2249 2250 2251 2252 2255 2261 2262 2263 2266 2267 2270 2271 2274 2275 2291 2292 2570 2571 2574
1160 1161 1235 1236 1388 1389 1408 1409 1410 1411 1414 1415 1416 1417 1420 1433 1435 1440 1442 1450 1460 1461 1462 1463 1464 1471 1472 1908 1909 1910 1911 1918 1919 1920 1921 1930 1931 1932 1933 1934 1935 1937 1961 1962 2056 2057 2058 2059 2060 2061 2067 2069 2072 2073 2096 2097 2098 2099 2100 2101 2246 2247 2248 2249 2250 2251 2252 2255 2266 2267 2270 2271 2274 2275 2291 2292 2570 2571 2574
383 384 387 416 419 420 421 422 424 449 450 451 453 454 664 666 667 671 672 2566 2567 2570 2571 2574
94 95 100 101 2332 2333 2372 2385 2386 2387 2390 2391 2392 2407 2408 2570 2571 2572 2574
1160 1161 1164 1235 1236 1261 1262 1263 1322 1323 1388 1389 1408 1409 1410 1411 1414 1415 1416 1417 1418 1420 1421 1423 1425 1427 1433 1435 1440 1442 1450 1451 1452 1453 1454 1458 1459 1908 1909 1910 1911 1918 1919 1920 1921 1925 1926 1927 1930 1931 1932 1933 1934 1935 1937 1961 1962 2056 2057 2058 2059 2060 2061 2067 2069 2072 2073 2096 2097 2098 2099 2100 2101 2246 2247 2248 2249 2250 2251 2252 2255 2261 2262 2263 2295 2296 2566 2567 2570 2571 2574
143 144 175 183 184 185 198 199 2570 2571 2572
143 144 147 175 178 179 180 183 184 185 188 189 190 198 199 200 202 225 227 229 230 231 232 238 239 240 264 265 268 309 312 313 314 315 317 320 321 322 325 326 327 330 331 332 354 355 356 358 359 361 992 993 994 996 997 1005 1160 1161 1164 1235 1236 1273 1274 1275 1322 1323 1388 1389 1408 1409 1410 1411 1414 1415 1416 1417 1418 1420 1421 1422 1433 1435 1440 1442 1450 1460 1476 1480 1482 1483 1484 1486 1488 1491 1495 1498 1501 1502 1504 1508 1521 1522 1523 1621 1622 1623 1628 1629 1630 1631 1632 1633 1635 1636 1637 1642 1908 1909 1910 1911 1918 1919 1920 1921 1990 1991 1992 1993 1997 2002 2004 2056 2057 2058 2059 2060 2061 2067 2069 2072 2073 2077 2078 2079 2080 2081 2085 2096 2097 2098 2099 2100 2101 2103 2104 2109 2110 2111 2112 2113 2140 2141 2142 2144 2145 2146 2147 2148 2149 2152 2158 2160 2161 2162 2163 2164 2165 2166 2173 2177 2178 2180 2181 2184 2185 2187 2213 2214 2218 2219 2220 2221 2222 2228 2229 2232 2233 2246 2247 2248 2249 2250 2251 2252 2255 2261 2262 2263 2566 2567 2570 2571 2574
522 523 526 554 555 556 594 597 598 599 602 603 604 607 608 609 612 613 614 634 635 636 637 638 640 642 992 993 994 996 997 1005 1155 1156 2566 2567 2570 2571 2574 2577 2578
2551 2552 2555 2556
522 523 526 548 549 550 594 597 598 599 602 603 604 607 608 609 612 613 614 622 623 624 634 635 636 637 638 640 642 992 993 994 996 997 998 999 1002 1005 1008 1009 1012 1014 1015 1017 1020 1155 1156 2566 2567 2570 2571 2574 2577 2578
47 48 247 249 250 522 523 526 559 560 561 562 563 565 570 577 594 597 598 599 602 603 604 607 608 609 612 613 614 634 635 636 637 638 640 642 664 666 667 671 672 673 674 680 681 682 692 693 696 708 709 710 711 714 720 721 722 723 726 732 738 744 757 760 761 762 763 765 773 774 775 778 779 780 838 839 840 842 843 844 846 1155 1156 2551 2552 2553 2555 2556 2560 2561 2562 2566 2567 2570 2571 2574 2577 2578
143 144 147 175 178 179 180 183 184 185 188 189 190 198 199 200 202 225 227 229 230 231 232 238 239 240 264 265 268 309 312 313 314 315 317 320 321 322 325 326 327 330 331 332 354 355 356 358 359 361 992 993 994 996 997 1005 1160 1161 1164 1235 1236 1273 1274 1275 1322 1323 1388 1389 1408 1409 1410 1411 1414 1415 1416 1417 1418 1420 1421 1422 1433 1435 1440 1442 1450 1460 1476 1480 1482 1483 1484 1486 1488 1491 1495 1498 1501 1502 1504 1508 1521 1522 1523 1621 1622 1623 1628 1629 1630 1631 1632 1633 1635 1636 1637 1642 1908 1909 1910 1911 1918 1919 1920 1921 1990 1991 1992 1993 1997 2002 2004 2056 2057 2058 2059 2060 2061 2067 2069 2072 2073 2077 2078 2079 2080 2081 2085 2096 2097 2098 2099 2100 2101 2158 2160 2161 2162 2163 2164 2165 2166 2173 2177 2178 2180 2181 2184 2185 2187 2213 2214 2218 2219 2220 2221 2222 2228 2229 2232 2235 2236 2237 2246 2247 2248 2249 2250 2251 2252 2255 2261 2262 2263 2566 2567 2570 2571 2574
143 144 147 155 156 157 158 161 166 175 178 179 180 183 184 185 198 199 200 202 225 227 229 230 231 232 238 239 240 264 265 268 281 282 283 284 287 288 289 290 293 294 295 296 299 309 312 313 314 315 317 330 331 332 342 343 344 354 355 356 358 359 361 992 993 994 996 997 998 1005 1008 1009 1012 1014 1015 1017 1020 1028 1029 1030 1031 1032 1069 1070 1114 1115 1118 2551 2552 2553 2560 2561 2562 2566 2567 2570 2571 2574
143 144 147 155 156 157 158 161 162 163 164 166 175 178 179 180 183 184 185 193 194 195 198 199 200 202 1008 1009 1012 1014 1015 1017 1020 1028 1029 1030 1031 1032 1073 1074 1075 1076 1114 1115 1116 1118 2551 2552 2553 2560 2561 2562 2566 2567 2570 2571 2574
47 48
94 95 100 101 116 117 118 119 120 247 249 250 522 523 526 594 597 598 599 602 603 604 607 608 609 612 613 614 617 618 619 622 623 624 634 635 636 637 638 640 642 664 666 667 671 672 673 674 680 681 682 692 693 696 757 760 761 762 763 765 768 769 770 773 774 775 778 779 780 838 839 840 842 843 844 846 1012 1014 1015 1017 1020 1155 1156 1160 1161 1164 1235 1236 1273 1274 1275 1322 1323 1388 1389 1408 1409 1410 1411 1414 1415 1416 1417 1418 1420 1421 1422 1433 1435 1440 1442 1450 1460 1476 1480 1481 1482 1484 1486 1488 1491 1492 1493 1494 1530 1531 1532 1537 1538 1540 1541 1542 1543 1544 1545 1547 1548 1549 1563 1565 1646 1647 1648 1649 1650 1652 1658 1659 1660 1661 1664 1665 1666 1667 1668 1673 1676 1677 1715 1716 1717 1718 1719 1722 1723 1724 1729 1732 1733 1734 1735 1739 1744 1745 1753 1754 1755 1756 1757 1758 1759 1760 1761 1783 1785 1786 1787 1788 1790 1791 1794 1795 1796 1797 1808 1809 1810 1823 1824 1844 1845 1846 1847 1848 1850 1851 1854 1856 1857 1858 1859 1908 1909 1910 1911 1918 1919 1920 1921 1925 1926 1927 1930 1931 1932 1933 1934 1935 1937 1961 1962 1990 1991 1992 1993 1994 1995 1996 1997 2002 2004 2008 2009 2010 2050 2051 2056 2057 2058 2059 2060 2061 2067 2069 2072 2073 2077 2078 2079 2080 2081 2085 2096 2097 2098 2099 2100 2101 2158 2160 2161 2162 2164 2169 2246 2247 2248 2249 2250 2251 2252 2255 2261 2262 2263 2299 2300 2566 2567 2570 2571 2574 2577 2578
94 95 100 101 112 113 2332 2333 2336 2345 2346 2347 2348 2355 2362 2372 2375 2376 2377 2385 2386 2387 2390 2391 2392 2407 2408 2409 2410 2412 2432 2433 2442 2445 2446 2447 2448 2451 2457 2458 2459 2460 2463 2473 2476 2477 2478 2479 2481 2489 2490 2491 2494 2495 2496 2518 2519 2520 2522 2551 2552 2553 2555 2556 2560 2561 2562 2566 2567 2570 2571 2574
143 144 147 175 178 179 180 183 184 185 198 199 200 202 225 227 229 230 231 232 238 239 240 264 265 268 309 312 313 314 315 317 330 331 332 342 343 344 347 348 349 351 354 355 356 358 359 361 992 993 994 996 997 998 1005 1008 1009 1012 1014 1015 1017 1020 2566 2567 2570 2571 2574
522 523 526 594 597 598 599 602 603 604 607 608 609 612 613 614 622 623 624 627 628 629 631 634 635 636 637 638 640 642 1008 1009 1012 1014 1015 1017 1020 1155 1156 2566 2567 2570 2571 2574 2577 2578
247 249 250 664 666 667 671 672 680 681 692 693 696 708 709 710 711 714 720 726 732 738 744 757 760 761 762 763 765 838 839 840 842 843 844 846 1160 1161 1164 1177 1178 1179 1180 1182 1185 1188 1189 1190 1191 1193 1197 1203 1204 1205 1206 1209 1215 1221 1235 1236 1249 1250 1251 1273 1274 1275 1322 1323 2551 2552 2553 2566 2567 2570 2571 2574
383 384 416 419 420 427 428 432 433 437 438 442 443 444 2570 2571 2572 2574
522 523 526 542 543 544 594 597 598 599 602 603 604 607 608 609 612 613 614 634 635 636 637 638 640 642 992 993 994 996 997 1005 1155 1156 2566 2567 2570 2571 2574 2577 2578
143 144 147 175 178 179 180 183 184 185 188 189 190 198 199 200 202 225 227 229 230 231 232 238 239 240 264 265 268 309 312 313 314 315 317 320 321 322 325 326 327 330 331 332 354 355 356 358 359 361 992 993 994 996 997 1005 1160 1161 1164 1235 1236 1273 1274 1275 1322 1323 1388 1389 1408 1409 1410 1411 1414 1415 1416 1417 1418 1420 1421 1422 1433 1435 1440 1442 1450 1460 1476 1480 1482 1483 1484 1486 1488 1491 1495 1498 1501 1502 1504 1508 1521 1522 1523 1621 1622 1623 1628 1629 1630 1631 1632 1633 1635 1636 1637 1642 1908 1909 1910 1911 1918 1919 1920 1921 1990 1991 1992 1993 1997 2002 2004 2056 2057 2058 2059 2060 2061 2067 2069 2072 2073 2077 2078 2079 2080 2081 2085 2096 2097 2098 2099 2100 2101 2158 2160 2161 2162 2163 2164 2165 2166 2173 2177 2178 2180 2181 2184 2185 2187 2189 2190 2193 2194 2195 2196 2198 2201 2202 2203 2204 2205 2207 2228 2229 2232 2235 2236 2237 2246 2247 2248 2249 2250 2251 2252 2255 2261 2262 2263 2566 2567 2570 2571 2574
94 95 100 101 522 523 526 542 543 544 554 555 556 594 597 598 599 602 603 604 607 608 609 612 613 614 622 623 624 634 635 636 637 638 640 642 992 993 994 996 997 998 999 1002 1005 1008 1009 1012 1014 1015 1017 1020 1155 1156 2566 2567 2570 2571 2574 2577 2578
1008 1009 1012 1014 1015 1017 1020 1028 1029 1030 1031 1032 1037 1038 1039 1041 1043 1044 1114 1115 1116 1118 2570 2571 2574
522 523 526 594 597 598 599 602 603 604 607 608 609 612 613 614 634 635 636 637 638 640 642 664 666 667 671 672 673 674 680 681 682 683 692 693 757 760 761 762 763 765 768 769 770 778 779 780 838 839 840 842 843 1155 1156 2566 2567 2570 2571 2574 2577 2578
247 249 250 383 384 387 395 396 397 398 401 407 416 419 420 421 422 424 449 450 451 453 454 664 666 667 671 672 680 681 692 693 696 708 709 710 711 714 720 726 732 738 744 757 760 761 762 763 765 838 839 840 842 843 844 846 1160 1161 1164 1177 1178 1179 1180 1182 1185 1188 1197 1203 1204 1205 1206 1209 1210 1211 1212 1215 1221 1235 1236 1273 1274 1275 1297 1298 1299 1322 1323 2551 2552 2553 2566 2567 2570 2571 2574
247 249 250 522 523 526 594 597 598 599 602 603 604 607 608 609 612 613 614 634 635 636 637 638 640 642 664 666 667 671 672 673 674 680 681 682 692 693 696 757 760 761 762 763 765 778 779 780 826 827 828 831 832 833 835 838 839 840 842 843 844 846 1008 1009 1012 1014 1015 1017 1020 1155 1156 2566 2567 2570 2571 2574 2577 2578
143 144 175 178 179 180 198 199 200 2570 2571 2572 2574
247 249 250 522 523 526 594 597 598 599 602 603 604 607 608 609 612 613 614 617 618 619 622 623 624 634 635 636 637 638 640 642 664 666 667 671 672 673 674 680 681 682 692 693 696 757 760 761 762 763 765 768 769 770 773 774 775 778 779 780 838 839 840 842 843 844 846 1012 1014 1015 1017 1020 1155 1156 1160 1161 1164 1235 1236 1273 1274 1275 1322 1323 1388 1389 1408 1409 1410 1411 1414 1415 1416 1417 1418 1420 1421 1422 1433 1435 1440 1442 1450 1460 1476 1480 1481 1482 1484 1486 1488 1491 1492 1493 1494 1530 1531 1532 1537 1538 1540 1541 1542 1543 1544 1545 1547 1548 1549 1563 1565 1646 1647 1648 1649 1650 1652 1658 1659 1660 1661 1664 1665 1666 1667 1673 1676 1677 1715 1716 1717 1718 1719 1722 1723 1724 1729 1732 1733 1734 1735 1739 1744 1745 1753 1754 1755 1762 1763 1766 1767 1768 1769 1908 1909 1910 1911 1918 1919 1920 1921 1990 1991 1992 1993 1994 1995 1996 1997 2002 2004 2008 2009 2010 2044 2045 2056 2057 2058 2059 2060 2061 2067 2069 2072 2073 2077 2078 2079 2080 2081 2085 2096 2097 2098 2099 2100 2101 2158 2160 2161 2162 2164 2169 2246 2247 2248 2249 2250 2251 2252 2255 2261 2262 2263 2299 2300 2566 2567 2570 2571 2574 2577 2578
522 523 594 597 598 599 602 603 604 607 608 609 634 635 636 637 638 2570 2571 2572 2574
247 249 250 664 666 667 671 672 680 681 692 693 696 757 760 761 762 763 765 838 839 840 842 843 844 846 2566 2567 2570 2571 2574
94 95 100 101 522 523 526 548 549 550 594 597 598 599 602 603 604 607 608 609 612 613 614 622 623 624 634 635 636 637 638 640 642 992 993 994 996 997 998 999 1002 1005 1008 1009 1012 1014 1015 1017 1020 1155 1156 2566 2567 2570 2571 2574 2577 2578
94 95 100 101 112 113 2332 2333 2336 2345 2346 2347 2348 2355 2362 2372 2375 2376 2377 2385 2386 2387 2390 2391 2392 2407 2408 2409 2410 2412 2432 2433 2442 2445 2446 2447 2448 2451 2457 2458 2459 2460 2463 2473 2476 2477 2478 2479 2481 2494 2495 2496 2518 2519 2520 2522 2551 2552 2553 2560 2561 2562 2566 2567 2570 2571 2574
522 523 594 602 603 604 607 608 609 612 613 614 634 635 2570 2571 2572 2574
474 475 476 478 481 488 489 490 491 493 501 1155 1156 2551 2552 2555 2556 2577 2578
383 384 387 416 419 420 421 422 424 427 428 429 432 433 434 437 438 439 449 450 451 453 454 522 523 526 594 597 598 599 602 603 604 607 608 609 612 613 614 617 618 619 634 635 636 637 638 640 642 664 666 667 671 672 673 674 1155 1156 1160 1161 1164 1235 1236 1297 1298 1299 1322 1323 1388 1389 1408 1409 1410 1411 1414 1415 1416 1417 1418 1420 1421 1423 1425 1427 1428 1433 1435 1440 1442 1450 1460 1476 1480 1482 1484 1486 1487 1488 1491 1492 1493 1494 1569 1570 1571 1572 1575 1580 1581 1582 1583 1584 1585 1587 1588 1589 1592 1646 1647 1648 1649 1650 1652 1658 1673 1676 1677 1908 1909 1910 1911 1918 1919 1920 1921 1990 1991 1992 1993 1997 2002 2004 2008 2009 2010 2032 2033 2056 2057 2058 2059 2060 2061 2067 2069 2072 2073 2077 2078 2079 2080 2081 2085 2096 2097 2098 2099 2100 2101 2103 2104 2109 2110 2111 2112 2113 2140 2141 2142 2144 2145 2146 2147 2148 2149 2152 2158 2160 2161 2162 2164 2169 2246 2247 2248 2249 2250 2251 2252 2255 2261 2262 2263 2299 2300 2566 2567 2570 2571 2574 2577 2578
247 249 250 664 666 667 671 672 680 681 692 693 696 757 760 761 762 763 765 768 769 770 773 774 775 838 839 840 842 843 844 846 1160 1161 1164 1235 1236 1273 1274 1275 1322 1323 1388 1389 1408 1409 1410 1411 1414 1415 1416 1417 1418 1420 1421 1422 1433 1435 1440 1442 1450 1460 1476 1480 1481 1530 1531 1532 1537 1538 1540 1541 1542 1543 1544 1545 1563 1565 1908 1909 1910 1911 1918 1919 1920 1921 1990 1991 1992 1993 1997 2002 2004 2056 2057 2058 2059 2060 2061 2067 2069 2072 2073 2096 2097 2098 2099 2100 2101 2103 2104 2109 2110 2111 2112 2113 2140 2141 2142 2144 2145 2146 2147 2148 2149 2152 2246 2247 2248 2249 2250 2251 2252 2255 2261 2262 2263 2566 2567 2570 2571 2574
94 95 100 101 116 117 118 119 120 1012 1014 1015 1017 1020 1160 1161 1164 1235 1236 1285 1286 1287 1322 1323 1388 1389 1408 1409 1410 1411 1414 1415 1416 1417 1418 1420 1421 1423 1424 1433 1435 1440 1442 1450 1460 1476 1477 1478 1479 1480 1482 1484 1485 1486 1488 1489 1490 1596 1597 1598 1603 1604 1605 1606 1607 1608 1610 1611 1612 1613 1614 1617 1715 1716 1717 1718 1719 1722 1723 1724 1729 1732 1733 1734 1735 1739 1744 1745 1753 1754 1755 1756 1757 1758 1759 1762 1763 1764 1766 1767 1772 1773 1783 1785 1786 1787 1788 1790 1791 1794 1795 1796 1797 1808 1809 1810 1823 1844 1845 1846 1847 1848 1850 1851 1854 1856 1857 1858 1859 1866 1867 1871 1872 1873 1876 1877 1879 1881 1882 1883 1886 1887 1889 1890 1891 1892 1893 1894 1895 1897 1898 1899 1902 1904 1908 1909 1910 1911 1918 1919 1920 1921 1990 1991 1992 1993 1994 1995 1996 1997 2002 2004 2008 2009 2010 2050 2051 2056 2057 2058 2059 2060 2061 2067 2069 2072 2073 2096 2097 2098 2099 2100 2101 2246 2247 2248 2249 2250 2251 2252 2255 2261 2262 2263 2307 2308 2332 2333 2336 2372 2375 2376 2377 2380 2381 2382 2385 2386 2387 2390 2391 2392 2395 2396 2397 2407 2408 2409 2410 2412 2432 2433 2442 2473 2476 2477 2478 2479 2481 2484 2485 2486 2489 2490 2491 2494 2495 2496 2506 2507 2508 2518 2519 2520 2522 2566 2567 2570 2571 2574
143 144 147 175 178 179 180 183 184 185 198 199 200 202 225 227 229 230 231 232 238 239 240 264 265 268 309 312 313 314 315 317 330 331 332 335 336 337 339 354 355 356 358 359 361 992 993 994 996 997 1005 2566 2567 2570 2571 2574
47 48 247 249 250 522 523 526 559 560 561 562 563 565 570 577 594 597 598 599 602 603 604 607 608 609 612 613 614 634 635 636 637 638 640 642 664 666 667 671 672 673 674 680 681 682 692 693 696 708 709 710 711 714 720 721 722 723 726 732 738 744 757 760 761 762 763 765 778 779 780 838 839 840 842 843 844 846 1155 1156 2551 2552 2553 2560 2561 2562 2566 2567 2570 2571 2574 2577 2578
692 693 757 760 761 768 769 773 774 778 779 783 784 785 790 791 795 796 797 802 803 807 808 809 814 815 819 820 821 826 827 831 832 833 2570 2571 2572 2574
470 471 474 475 476 478 481 488 489 490 491 493 494 495 498 501 1155 1156 2551 2552 2553 2577 2578
955 957 958 959 960 962 963 964 965 967 968 969 971 972 973 975 977 978 979 982 988 1008 1009 1012 1014 1015 1017 1020 2570 2571 2574
383 384 416 419 420 421 422 424 427 428 429 437 438 439 449 450 451 453 522 523 526 594 597 598 599 602 603 604 607 608 609 612 613 614 634 635 636 637 638 640 642 664 666 667 671 672 673 674 675 1155 1156 2566 2567 2570 2571 2574 2577 2578
247 249 250 664 666 667 671 672 680 681 692 693 696 757 760 761 762 763 765 838 839 840 842 843 844 846 1160 1161 1164 1235 1236 1249 1250 1251 1254 1255 1256 1258 1273 1274 1275 1322 1323 2566 2567 2570 2571 2574
247 249 250 664 666 667 671 672 680 681 692 693 696 757 760 761 762 763 765 768 769 770 773 774 775 838 839 840 842 843 844 846 1160 1161 1164 1235 1236 1273 1274 1275 1322 1323 1388 1389 1408 1409 1410 1411 1414 1415 1416 1417 1418 1420 1421 1422 1433 1435 1440 1442 1450 1460 1476 1480 1481 1530 1531 1532 1537 1538 1540 1541 1542 1543 1544 1545 1563 1565 1908 1909 1910 1911 1918 1919 1920 1921 1990 1991 1992 1993 1997 2002 2004 2056 2057 2058 2059 2060 2061 2067 2069 2072 2073 2096 2097 2098 2099 2100 2101 2103 2104 2109 2110 2111 2112 2113 2114 2115 2117 2118 2119 2120 2121 2123 2124 2125 2126 2127 2128 2129 2130 2133 2134 2135 2136 2246 2247 2248 2249 2250 2251 2252 2255 2261 2262 2263 2566 2567 2570 2571 2574
247 249 250 664 666 667 671 672 680 681 692 693 696 708 709 710 711 714 720 726 732 738 744 757 760 761 762 763 765 838 839 840 842 843 844 846 2551 2552 2553 2566 2567 2570 2571 2574
522 523 526 594 597 598 599 602 603 604 607 608 609 612 613 614 634 635 636 637 638 640 642 664 666 667 671 672 673 674 675 692 693 757 760 761 762 763 765 768 769 770 778 779 780 838 839 840 842 1155 1156 2566 2567 2570 2571 2574 2577 2578
