37
36
32 73 76 80 83 85 86 88 93
0 1 2 3 4 5 6 7 8 9 10 11 12 13 14 15 16 17 18 19 20 21 22 23 24 25 26 27 28 29 33 34 38 39 50 51 52 53 54 55 56 57 58 63 72 73 74 75 76 78 79 80 81 83 84 89 90 92 94 95 96 97
36
38 40 41 46 47 48 49 57 58 59 61 62 63 65 68 69 70 71
60
37
59 60
57
57
57 58
60
38 40 41 44 45 46 47 48 49 57 58 59 63 65 68 69 70 71
38 40 41 46 57 58 61 62 63 65 68 69 70 71
38 40 41 42 43 46 57 58 63 65 68 69 70 71
59
38 40 41 46 47 48 49 57 58 61 62 63 65 68 69 70 71
59
38 40 41 46 47 48 49 57 58 61 62 63 65 68 69 70 71
57 58
38 40 41 42 43 44 45 57 58 63 65 69 71
36
59
59
38 40 41 46 47 48 49 57 58 59 61 62 63 65 68 69 70 71
57 58 59 60 63 64 67 68 69 70 71
29 32 73 75 76 80 83 84 85 86 87 92
32 73 76 80 83 85 86 88 93
59 60
36
35
32 73 76 80 83 84 85 86 87 92
0 1 2 3 4 5 6 7 8 9 10 11 12 13 14 15 16 19 22 28 29 38 39 50 51 52 53 54 55 56 57 58 63 72 73 74 75 76 78 79 80 81 83 84 89 90 92 94 95 96 97
37
60
36
59
36
35
37
36
29 30 31 72 73 76 77 78 79 80 81 82 83 84 89 90 92 94 96 97
32 73 75 76 80 83 85 86 88 93
37
38 40 41 46 47 48 49 57 58 59 61 62 63 65 68 69 70 71
29 30 31 32 73 76 80 82 83 84 85 86 87 92
36
37
38 40 41 46 47 48 49 57 58 59 61 62 63 65 68 69 70 71
59 60
60
38 40 41 46 47 48 49 57 58 59 61 62 63 65 68 69 70 71
38 40 41 46 47 48 49 57 58 59 61 62 63 65 68 69 70 71
35
57 58 63 64 69 71
37
37
35
60
57 58 59 63 64 66 69 70 71
37
57 58 59 63 64 67 68 69 70 71
38 40 41 46 47 48 49 57 58 59 61 62 63 65 68 69 70 71
36
35
37
38 40 41 46 47 48 49 57 58 59 61 62 63 65 68 69 70 71
37
29 30 31 72 73 76 77 78 79 80 81 82 83 84 89 90 91 96 97
57 58 63 64 66 67 68 69 70 71
37
60
