0 1 2 3 5 7 10 11 12 14 15 17 19 20 22 30 33 34 35 37 38 39 40 41 44 45 46 47 48 49 51 52 55
9 10 11 14 15 17 22 30 33 34 35 37 38 39 40 41 44 45 55
10 11 17 22
0 9 10 11 14 15 17 22 24 25 30 33 34 35 37 38 39 40 41 44 45 55
1 2 3 4 5 7 8 9 10 11 14 15 17 19 20 22 23 24 26 27 28 30 33 34 35 37 38 39 40 41 42 44 45 46 47 48 49 51 52 53 55
9 10 11 14 15 17 22 23 24 26 27 28 29 30 33 34 35 37 38 39 40 41 44 45 53 55
0 6 7 8 9 10 11 14 15 17 20 22 23 24 26 27 28 29 30 33 34 35 37 38 39 40 41 44 45 53 55
1 2 3 4 5 7 9 10 11 14 15 17 19 20 22 23 24 26 27 28 29 30 33 34 35 37 38 39 40 41 42 44 45 46 47 48 49 51 52 53 55
9 17 22
1 2 3 4 6 8 9 17 19 20 21 22 40 42 43 46 47 48 49 52 54 55
0 1 2 3 4 5 6 7 8 10 11 14 15 17 19 20 22 30 33 34 35 37 38 39 40 41 42 44 45 46 47 48 49 50 51 52 55
1 2 3 4 5 6 7 8 9 10 11 14 15 17 19 20 22 23 24 26 27 28 29 30 33 34 35 37 38 39 40 41 42 44 45 46 47 48 49 51 52 53 55
10 11 14 15 16 17 22 30 33 34 35 37 38 39 40 41 44 45 55
10 11 17 22
10 11 14 15 17 19 20 22 30 33 34 35 37 38 39 40 41 44 45 55
9 10 11 14 15 17 22 23 24 26 27 28 29 30 33 34 35 37 38 39 40 41 44 45 53 55
7 10 11 14 15 17 19 20 22 30 36 40 45
9 10 11 14 15 17 22 23 24 25 26 27 28 29 30 33 34 35 37 38 39 40 41 44 45 53 55
1 2 3 5 7 9 10 11 14 15 16 17 18 19 20 22 30 33 34 35 37 38 39 40 41 44 45 46 47 48 49 51 52 55
1 2 3 6 8 19 20 21 46 47 48 49 52 54 55
10 11 17 22
9 10 11 14 15 17 22 24 25 30 33 34 35 37 38 39 40 41 44 45 55
9 10 11 14 15 17 22 24 26 29 30 33 34 35 37 38 39 40 41 44 45 55
1 2 3 4 6 8 9 17 19 20 21 22 40 42 43 46 47 48 49 52 54 55
0 1 2 3 4 5 7 9 10 11 13 14 15 16 17 18 19 20 22 23 24 26 27 28 29 30 33 34 35 37 38 39 40 41 42 44 45 46 47 48 49 51 52 53 55
1 2 3 5 7 9 10 11 14 15 16 17 18 19 20 22 24 25 30 33 34 35 37 38 39 40 41 44 45 46 47 48 49 51 52 55
7 10 11 14 15 17 22 30 36 40 45
0 1 2 3 5 7 9 10 11 14 15 16 17 18 19 20 22 24 25 30 33 34 35 37 38 39 40 41 44 45 46 47 48 49 51 52 55
16 17 22
0 1 2 3 4 5 6 7 8 9 10 11 14 15 17 19 20 22 23 24 26 27 28 29 30 33 34 35 37 38 39 40 41 42 44 45 46 47 48 49 50 51 52 53 55
1 2 3 4 5 7 9 10 11 14 15 17 18 19 20 22 23 24 26 27 28 30 33 34 35 37 38 39 40 41 42 44 45 46 47 48 49 51 52 53 55
0 9 10 11 14 15 17 22 24 25 30 33 34 35 37 38 39 40 41 44 45 55
0 1 2 3 5 7 9 10 11 13 14 15 16 17 18 19 20 22 23 24 26 27 28 29 30 33 34 35 37 38 39 40 41 44 45 46 47 48 49 51 52 53 55
1 2 3 5 7 10 11 12 13 14 15 17 19 20 22 30 33 34 35 37 38 39 40 41 44 45 46 47 48 49 51 52 55
7 9 10 11 14 15 17 22 30 33 34 36 37 38 39 40 45 55
7 10 11 14 15 17 19 20 22 30 33 34 36 37 38 39 40 45 55
1 2 3 6 8 19 20 21 46 47 48 49 52 54 55
9 10 11 14 15 17 22 23 24 26 27 28 29 30 33 34 35 37 38 39 40 41 44 45 53 55
0 6 7 8 9 10 11 14 15 17 20 22 23 24 26 27 28 29 30 33 34 35 37 38 39 40 41 44 45 53 55
0 1 2 3 5 7 9 10 11 14 15 16 17 18 19 20 22 30 33 34 35 37 38 39 40 41 44 45 46 47 48 49 51 52 55
0 1 2 3 5 7 9 10 11 13 14 15 16 17 18 19 20 22 23 24 26 27 28 29 30 33 34 35 37 38 39 40 41 44 45 46 47 48 49 51 52 53 55
7 10 11 14 15 17 22 30 31 32 33 34 35 36 37 38 39 40 45 55
9 10 11 14 15 17 19 20 22 30 33 34 35 37 38 39 40 41 44 45 55
2
1 2 6 8 10 11 14 15 17 19 20 22 30 33 34 35 37 38 39 40 41 44 45 55
10 11 14 15 16 17 22 30 33 34 35 37 38 39 40 41 44 45 55
1 2 3 6 8 19 20 21 46 47 48 49 52 54 55
1 2 3 4 5 7 9 10 11 14 15 17 19 20 22 23 24 26 27 28 29 30 33 34 35 37 38 39 40 41 42 44 45 46 47 48 49 51 52 53 55
7 9 10 11 14 15 17 22 23 24 25 26 27 28 29 30 33 34 35 36 37 38 39 40 41 44 45 53 55
0 2
7 9 10 11 14 15 17 22 30 33 34 35 36 37 38 39 40 41 44 45 55
47 48 49 50 52
1 2 3 4 6 8 9 17 19 20 21 22 40 42 46 47 48 49 52 54 55
9 10 11 14 15 17 19 20 22 24 29 30 33 34 35 37 38 39 40 41 44 45 55
1 2 3 6 8 19 20 21 46 47 48 49 52 54 55
19 20
0 1 2 3 5 7 9 10 11 13 14 15 16 17 18 19 20 22 23 24 26 27 28 29 30 33 34 35 37 38 39 40 41 44 45 46 47 48 49 51 52 53 55
10 11 17 22
9 10 11 14 15 17 22 23 24 26 27 28 30 31 32 33 34 35 37 38 39 40 41 44 45 53 55
10 11 14 15 17 22 30 31 32 33 34 35 36 37 38 39 40 41 44 45 55
1 2 3 4 6 8 9 17 19 20 21 22 40 42 46 47 48 49 52 54 55
