15.5973718166
26.4010460377
34.2673239708
41.6620268822
48.1830580235
53.9739990234
60.0338628292
65.292678833
70.4274749756
75.7400670052
80.6255638599
84.9369928837
89.138769865
92.9174628258
96.2393419743
100.600878954
104.600163937
107.877882957
110.655303955
113.220621824
115.618383884
117.788431883
119.657230854
121.127676964
122.49743104
123.727526903
124.672111988
125.362748861
126.021011829
126.462858915
126.879732847
127.283773899
127.541657925
127.738234043
127.930799007
128.115583897
128.294698
128.469476938
128.637387991
128.661247969
