166 167 168 169 181 182 183 184 185 186 187 188 200 202 205 210 211 222 223 224 225 226 227 246 247 248 249 250 251 252 253 254 263 264 265 266 269 272 275 278 282 329 330 331 391 392 456 457 460 461 462 463 464 468 469 470 475 476 479 480 481 501 502 503 515 516 517 522 523 524 528 535 536 537 538 539 540 541 542 543 544 551 552 553 554 555 556 557 563 565 574 575 576 619 620 633 634 637 642 643 644 647 648 664 665 666 735 736 737 776 777 782 783 786 787 789 790 791 792 803 808 809 810 811 812 814 822 823 827 829 850 851 862 863 864 870 871 872 903 904 905 908 909 910 911 913 935 936 939 940 1014 1015 1029 1030 1033 1036 1040 1041 1042 1051 1052 1053 1054 1055 1068 1069 1070 1077 1078 1081 1082 1083 1084 1085 1086 1122 1123 1130 1131 1132 1133 1135 1136 1206 1207 1208 1209
411 412 413 414 415 419 426 427 428 429 433 434 435 437 440 456 457 460 461 462 463 464 468 469 470 475 476 479 480 481 515 516 517 522 523 524 528 535 536 537 538 539 540 541 542 543 544 551 552 553 554 555 556 557 563 565 574 575 576 619 620 664 665 666 735 736 737 776 777 782 783 786 787 789 790 791 792 803 808 809 810 811 812 814 822 823 827 829 850 851 862 863 864 870 871 872 903 904 905 908 909 910 911 913 935 936 939 940 1206 1207 1208 1209
456 457 460 461 462 619 620 664 665 666 667
166 167 168 169 411 412 413 414 415 419 426 427 428 429 433 434 437 440 443 444 445 449 456 457 460 461 462 463 464 468 469 470 471 475 476 479 480 481 515 516 517 522 523 524 528 535 536 537 538 539 540 541 542 543 544 551 552 553 554 555 556 557 563 565 574 575 576 619 620 664 665 666 683 684 685 686 687 695 696 735 736 737 776 777 782 783 786 787 789 790 791 792 795 796 797 803 808 809 810 811 812 814 822 823 827 829 850 851 862 863 864 870 871 872 903 904 905 908 909 910 911 913 935 936 939 940 1206 1207 1208 1209
181 182 183 184 185 186 187 188 200 202 205 210 211 212 214 217 222 223 224 225 226 227 246 247 248 249 250 251 252 253 254 263 264 265 266 267 269 272 275 278 282 286 287 288 292 293 294 295 296 297 302 305 306 307 308 311 312 313 314 315 316 317 329 330 331 332 333 334 335 391 392 397 398 401 411 412 413 414 415 419 426 427 428 429 443 444 445 449 456 457 460 461 462 463 464 468 469 470 475 476 479 480 481 515 516 517 522 523 524 528 535 536 537 538 539 540 541 542 543 544 551 552 553 554 555 556 557 563 565 574 575 576 619 620 633 634 637 638 642 643 644 647 648 664 665 666 672 673 683 684 685 686 687 700 701 705 706 710 711 735 736 737 776 777 782 783 786 787 789 790 791 792 803 808 809 810 811 812 814 822 823 827 829 850 851 862 863 864 870 871 872 903 904 905 908 909 910 911 913 917 918 922 923 924 935 936 939 940 1014 1015 1029 1030 1033 1036 1040 1041 1042 1051 1052 1053 1054 1055 1068 1069 1070 1077 1078 1081 1082 1083 1084 1085 1086 1122 1123 1130 1131 1132 1133 1135 1136 1173 1174 1175 1176 1177 1178 1179 1181 1183 1206 1207 1208 1209
411 412 413 414 415 419 426 427 428 429 443 444 445 449 456 457 460 461 462 463 464 468 469 470 471 475 476 479 480 481 515 516 517 522 523 524 528 535 536 537 538 539 540 541 542 543 544 551 552 553 554 555 556 557 563 565 574 575 576 619 620 664 665 666 672 673 683 684 685 686 687 700 701 705 706 710 711 714 715 716 735 736 737 776 777 782 783 786 787 789 790 791 792 803 808 809 810 811 812 814 822 823 827 829 850 851 862 863 864 870 871 872 903 904 905 908 909 910 911 913 935 936 939 940 1173 1174 1175 1176 1177 1178 1179 1181 1183 1206 1207 1208 1209
166 167 168 171 172 173 174 177 352 353 354 357 359 360 361 362 363 364 365 366 367 368 370 371 374 378 381 382 384 385 387 391 392 397 398 399 401 411 412 413 414 415 419 426 427 428 429 443 444 445 446 449 456 457 460 461 462 463 464 468 469 470 475 476 479 480 481 515 516 517 522 523 524 528 535 536 537 538 539 540 541 542 543 544 551 552 553 554 555 556 557 563 565 574 575 576 619 620 647 648 664 665 666 672 673 683 684 685 686 687 700 701 705 706 710 711 714 715 716 735 736 737 776 777 782 783 786 787 789 790 791 792 803 808 809 810 811 812 814 822 823 827 829 850 851 862 863 864 870 871 872 903 904 905 908 909 910 911 913 935 936 939 940 1173 1174 1175 1176 1177 1178 1179 1181 1183 1206 1207 1208 1209
181 182 183 184 185 186 187 188 200 202 205 210 211 222 223 224 225 226 227 246 247 248 249 250 251 252 253 254 263 264 265 266 267 269 272 275 278 282 286 287 288 292 293 294 295 296 297 302 305 306 307 308 311 312 313 314 315 316 317 329 330 331 332 333 334 335 391 392 411 412 413 414 415 419 426 427 428 429 443 444 445 449 456 457 460 461 462 463 464 468 469 470 475 476 479 480 481 515 516 517 522 523 524 528 535 536 537 538 539 540 541 542 543 544 551 552 553 554 555 556 557 563 565 574 575 576 619 620 633 634 637 638 642 643 644 647 648 664 665 666 672 673 683 684 685 686 687 700 701 705 706 710 711 714 715 716 735 736 737 776 777 782 783 786 787 789 790 791 792 803 808 809 810 811 812 814 822 823 827 829 850 851 862 863 864 870 871 872 903 904 905 908 909 910 911 913 917 918 922 923 924 935 936 939 940 1014 1015 1029 1030 1033 1036 1040 1041 1042 1051 1052 1053 1054 1055 1068 1069 1070 1077 1078 1081 1082 1083 1084 1085 1086 1122 1123 1130 1131 1132 1133 1135 1136 1173 1174 1175 1176 1177 1178 1179 1181 1183 1206 1207 1208 1209
411 412 413 414 415 416 619 620 664 665 666
181 182 183 184 185 186 187 188 200 202 205 210 211 222 223 224 225 229 235 240 241 242 243 246 247 248 249 250 251 252 253 254 263 264 265 266 282 286 287 288 292 293 294 295 302 305 306 307 308 311 312 313 314 315 352 353 357 359 360 361 362 363 364 365 366 367 368 370 378 381 384 385 387 397 398 401 411 412 413 414 415 416 619 620 633 634 635 637 642 643 644 647 648 659 660 661 664 665 666 903 904 905 917 918 922 923 924 927 931 932 1014 1015 1029 1030 1033 1036 1040 1041 1042 1051 1052 1053 1054 1055 1068 1069 1070 1077 1078 1081 1082 1083 1084 1085 1086 1130 1131 1132 1135 1136 1191 1192 1193 1196 1197 1198 1200 1206 1207 1208 1209
166 167 168 169 171 172 173 174 177 181 182 183 184 185 186 187 188 200 202 205 210 211 222 223 224 225 226 227 246 247 248 249 250 251 252 253 254 263 264 265 266 267 269 272 275 278 282 286 287 288 292 293 294 295 296 297 302 305 306 307 308 311 312 313 314 315 316 317 329 330 331 332 333 334 335 352 353 354 357 359 360 361 362 363 364 365 366 367 368 370 371 374 378 381 382 384 385 387 391 392 397 398 399 401 456 457 460 461 462 463 464 468 469 470 471 475 476 479 480 481 515 516 517 522 523 524 528 535 536 537 538 539 540 541 542 543 544 551 552 553 554 555 556 557 563 565 566 574 575 576 619 620 633 634 637 638 642 643 644 647 648 664 665 666 735 736 737 776 777 782 783 786 787 789 790 791 792 803 808 809 810 811 812 814 822 823 827 829 850 851 862 863 864 870 871 872 903 904 905 908 909 910 911 913 917 918 922 923 924 935 936 939 940 1014 1015 1029 1030 1033 1036 1040 1041 1042 1051 1052 1053 1054 1055 1068 1069 1070 1077 1078 1081 1082 1083 1084 1085 1086 1091 1092 1094 1095 1096 1103 1104 1106 1107 1109 1110 1111 1112 1114 1115 1122 1123 1130 1131 1132 1133 1135 1136 1206 1207 1208 1209
181 182 183 184 185 186 187 188 200 202 205 210 211 222 223 224 225 226 227 246 247 248 249 250 251 252 253 254 263 264 265 266 267 269 272 275 276 278 282 286 287 288 292 293 294 295 296 297 302 305 306 307 308 311 312 313 314 315 316 317 329 330 331 332 333 334 335 352 353 357 359 360 361 362 363 364 365 366 367 368 370 378 381 382 384 385 387 391 392 397 398 399 401 411 412 413 414 415 416 419 426 427 428 429 443 444 445 449 456 457 460 461 462 463 464 468 469 470 475 476 479 480 481 515 516 517 522 523 524 528 535 536 537 538 539 540 541 542 543 544 551 552 553 554 555 556 557 563 565 574 575 576 619 620 633 634 637 638 642 643 644 647 648 664 665 666 672 673 683 684 685 686 687 700 701 705 706 710 711 714 715 716 735 736 737 776 777 782 783 786 787 789 790 791 792 803 808 809 810 811 812 814 822 823 827 829 850 851 862 863 864 870 871 872 903 904 905 908 909 910 911 913 917 918 922 923 924 935 936 939 940 1014 1015 1029 1030 1033 1036 1040 1041 1042 1051 1052 1053 1054 1055 1068 1069 1070 1077 1078 1081 1082 1083 1084 1085 1086 1091 1103 1104 1106 1107 1122 1123 1130 1131 1132 1133 1135 1136 1173 1174 1175 1176 1177 1178 1179 1181 1183 1206 1207 1208 1209
456 457 460 461 462 463 464 468 469 470 475 476 479 480 481 515 516 517 522 523 524 528 535 536 537 538 539 540 541 542 543 544 551 552 553 554 555 556 557 563 565 574 575 576 586 587 588 589 590 594 595 596 599 600 603 604 605 607 611 619 620 664 665 666 735 736 737 776 777 782 783 786 787 789 790 791 792 803 808 809 810 811 812 814 822 823 827 829 850 851 862 863 864 870 871 872 903 904 905 908 909 910 911 913 935 936 939 940 1206 1207 1208 1209
456 457 460 461 462 619 620 664 665 666 667
456 457 460 461 462 463 464 468 469 470 475 476 479 480 481 515 516 517 522 523 524 528 535 536 537 538 539 540 541 542 543 544 551 552 553 554 555 556 557 563 565 574 575 576 619 620 633 634 637 638 642 643 644 647 648 664 665 666 735 736 737 776 777 782 783 786 787 789 790 791 792 803 808 809 810 811 812 814 822 823 827 829 850 851 862 863 864 870 871 872 903 904 905 908 909 910 911 913 935 936 939 940 1206 1207 1208 1209
411 412 413 414 415 419 426 427 428 429 443 444 445 449 456 457 460 461 462 463 464 468 469 470 471 475 476 479 480 481 515 516 517 522 523 524 528 535 536 537 538 539 540 541 542 543 544 551 552 553 554 555 556 557 563 565 574 575 576 619 620 664 665 666 672 673 683 684 685 686 687 700 701 705 706 710 711 714 715 716 735 736 737 776 777 782 783 786 787 789 790 791 792 803 808 809 810 811 812 814 822 823 827 829 850 851 862 863 864 870 871 872 903 904 905 908 909 910 911 913 935 936 939 940 1173 1174 1175 1176 1177 1178 1179 1181 1183 1206 1207 1208 1209
391 392 456 457 460 461 462 463 464 468 469 470 475 476 479 480 481 515 516 517 522 535 536 537 547 551 552 553 560 561 563 565 574 575 576 619 620 633 634 637 638 639 642 643 644 647 648 664 665 666 735 736 737 836 837 903 904 905 939 940
411 412 413 414 415 419 426 427 428 429 443 444 445 449 456 457 460 461 462 463 464 468 469 470 471 475 476 479 480 481 515 516 517 522 523 524 528 535 536 537 538 539 540 541 542 543 544 551 552 553 554 555 556 557 563 565 574 575 576 619 620 664 665 666 672 673 683 684 685 686 687 695 696 700 701 705 706 710 711 714 715 716 735 736 737 776 777 782 783 786 787 789 790 791 792 803 808 809 810 811 812 814 822 823 827 829 850 851 862 863 864 870 871 872 903 904 905 908 909 910 911 913 935 936 939 940 1173 1174 1175 1176 1177 1178 1179 1181 1183 1206 1207 1208 1209
181 182 183 184 185 186 187 188 200 202 205 210 211 222 223 224 225 226 227 246 247 248 249 250 251 252 253 254 263 264 265 266 269 272 275 278 282 329 330 331 391 392 411 412 413 414 415 416 456 457 460 461 462 463 464 468 469 470 475 476 479 480 481 515 516 517 522 523 524 528 535 536 537 538 539 540 541 542 543 544 551 552 553 554 555 556 557 563 565 566 574 575 576 586 587 588 589 590 594 595 596 599 600 603 604 605 607 611 619 620 626 627 628 629 633 634 637 642 643 644 647 648 649 650 664 665 666 735 736 737 776 777 782 783 786 787 789 790 791 792 803 808 809 810 811 812 814 822 823 827 829 850 851 862 863 864 870 871 872 903 904 905 908 909 910 911 913 935 936 939 940 1014 1015 1029 1030 1033 1036 1040 1041 1042 1051 1052 1053 1054 1055 1068 1069 1070 1077 1078 1081 1082 1083 1084 1085 1086 1122 1123 1130 1131 1132 1133 1135 1136 1206 1207 1208 1209
181 182 183 184 185 186 187 188 200 202 205 210 211 222 223 224 225 229 235 240 241 242 243 246 247 248 249 250 251 252 253 254 259 282 352 353 357 359 360 361 362 363 364 365 366 367 368 370 378 381 384 385 387 397 398 401 633 634 635 637 642 643 644 647 648 659 660 661 1014 1015 1029 1030 1033 1036 1040 1041 1042 1051 1052 1053 1054 1055 1068 1069 1070 1077 1078 1081 1082 1083 1084 1085 1086 1130 1131 1132 1135 1136 1191 1192 1193 1196 1197 1198 1200 1206 1207 1208 1209
456 457 460 461 462 619 620 664 665 666 667
411 412 413 414 415 419 426 427 428 429 443 444 445 449 456 457 460 461 462 463 464 466 468 469 470 471 475 476 479 480 481 515 516 517 522 523 524 528 535 536 537 538 539 540 541 542 543 544 551 552 553 554 555 556 557 563 565 574 575 576 619 620 664 665 666 683 684 685 686 687 695 696 735 736 737 776 777 782 783 786 787 789 790 791 792 803 808 809 810 811 812 814 822 823 827 829 850 851 862 863 864 870 871 872 903 904 905 908 909 910 911 913 935 936 939 940 1206 1207 1208 1209
411 412 413 414 415 419 426 427 428 429 443 444 445 449 456 457 460 461 462 463 464 468 469 470 475 476 479 480 481 515 516 517 522 523 524 528 535 536 537 538 539 540 541 542 543 544 551 552 553 554 555 556 557 563 565 574 575 576 619 620 664 665 666 683 684 685 686 687 700 701 714 715 716 735 736 737 776 777 782 783 786 787 789 790 791 792 803 808 809 810 811 812 814 822 823 827 829 850 851 862 863 864 870 871 872 903 904 905 908 909 910 911 913 935 936 939 940 1206 1207 1208 1209
181 182 183 184 185 186 187 188 200 202 205 210 211 222 223 224 225 229 235 240 241 242 243 246 247 248 249 250 251 252 253 254 263 264 265 266 282 286 287 288 292 293 294 295 302 305 306 307 308 311 312 313 314 315 352 353 357 359 360 361 362 363 364 365 366 367 368 370 378 381 384 385 387 397 398 401 411 412 413 414 415 416 619 620 633 634 635 637 642 643 644 647 648 659 660 661 664 665 666 903 904 905 917 918 919 931 932 1014 1015 1029 1030 1033 1036 1040 1041 1042 1051 1052 1053 1054 1055 1068 1069 1070 1077 1078 1081 1082 1083 1084 1085 1086 1130 1131 1132 1135 1136 1191 1192 1193 1196 1197 1198 1200 1206 1207 1208 1209
166 167 168 171 172 177 181 182 183 184 185 186 187 188 200 202 205 210 211 222 223 224 225 226 227 246 247 248 249 250 251 252 253 254 263 264 265 266 267 269 272 275 278 282 286 287 288 292 293 294 295 296 297 302 305 306 307 308 311 312 313 314 315 316 317 318 329 330 331 332 333 334 335 391 392 411 412 413 414 415 416 419 426 427 428 429 443 444 445 449 456 457 460 461 462 463 464 468 469 470 475 476 479 480 481 511 512 515 516 517 522 523 524 528 535 536 537 538 539 540 541 542 543 544 551 552 553 554 555 556 557 563 565 566 574 575 576 586 587 588 589 590 594 595 596 599 600 603 604 605 607 611 619 620 626 627 628 629 633 634 637 638 642 643 644 647 648 649 650 664 665 666 672 673 683 684 685 686 687 700 701 705 706 710 711 714 715 716 735 736 737 776 777 782 783 786 787 789 790 791 792 803 808 809 810 811 812 814 822 823 827 829 850 851 862 863 864 870 871 872 903 904 905 908 909 910 911 913 917 918 922 923 924 935 936 939 940 1014 1015 1029 1030 1033 1036 1040 1041 1042 1051 1052 1053 1054 1055 1068 1069 1070 1077 1078 1081 1082 1083 1084 1085 1086 1122 1123 1130 1131 1132 1133 1135 1136 1173 1174 1175 1176 1177 1178 1179 1181 1183 1206 1207 1208 1209
181 182 183 184 185 186 187 188 200 202 205 210 211 222 223 224 225 226 227 246 247 248 249 250 251 252 253 254 263 264 265 266 269 272 275 278 282 329 330 331 391 392 411 412 413 414 415 419 426 427 428 429 443 444 445 449 456 457 460 461 462 463 464 466 468 469 470 471 475 476 479 480 481 515 516 517 522 523 524 528 535 536 537 538 539 540 541 542 543 544 551 552 553 554 555 556 557 563 565 566 574 575 576 586 587 588 589 590 594 595 596 599 600 603 604 605 607 611 619 620 626 627 628 629 633 634 637 642 643 644 647 648 649 650 664 665 666 683 684 685 686 687 695 696 735 736 737 776 777 782 783 786 787 789 790 791 792 803 808 809 810 811 812 814 822 823 827 829 850 851 862 863 864 870 871 872 903 904 905 908 909 910 911 913 935 936 939 940 1014 1015 1029 1030 1033 1036 1040 1041 1042 1051 1052 1053 1054 1055 1068 1069 1070 1077 1078 1081 1082 1083 1084 1085 1086 1122 1123 1130 1131 1132 1133 1135 1136 1206 1207 1208 1209
391 392 456 457 460 461 462 463 464 468 469 470 475 476 479 480 481 515 516 517 522 535 536 537 547 551 552 553 560 561 563 565 574 575 576 619 620 664 665 666 667 735 736 737 836 837 903 904 905 939 940
166 167 181 182 183 184 185 186 187 188 200 202 205 210 211 222 223 224 225 226 227 246 247 248 249 250 251 252 253 254 263 264 265 266 269 272 275 278 282 329 330 331 391 392 411 412 413 414 415 419 426 427 428 429 443 444 445 449 456 457 460 461 462 463 464 466 468 469 470 475 476 479 480 481 515 516 517 522 523 524 528 535 536 537 538 539 540 541 542 543 544 551 552 553 554 555 556 557 563 565 566 574 575 576 586 587 588 589 590 594 595 596 599 600 603 604 605 607 611 619 620 626 627 628 629 633 634 637 642 643 644 647 648 649 650 664 665 666 683 684 685 686 687 695 696 735 736 737 776 777 782 783 786 787 789 790 791 792 803 808 809 810 811 812 814 822 823 827 829 850 851 862 863 864 870 871 872 903 904 905 908 909 910 911 913 935 936 939 940 1014 1015 1029 1030 1033 1036 1040 1041 1042 1051 1052 1053 1054 1055 1068 1069 1070 1077 1078 1081 1082 1083 1084 1085 1086 1122 1123 1130 1131 1132 1133 1135 1136 1206 1207 1208 1209
586 587 588 589 590 591 619 620 664 665 666
166 167 168 169 171 172 173 174 177 181 182 183 184 185 186 187 188 200 202 205 210 211 222 223 224 225 226 227 246 247 248 249 250 251 252 253 254 263 264 265 266 267 269 272 275 278 282 286 287 288 292 293 294 295 296 297 302 305 306 307 308 311 312 313 314 315 316 317 318 329 330 331 332 333 334 335 352 353 354 357 359 360 361 362 363 364 365 366 367 368 370 371 374 378 381 382 384 385 387 391 392 397 398 399 401 411 412 413 414 415 419 426 427 428 429 443 444 445 446 449 456 457 460 461 462 463 464 468 469 470 475 476 479 480 481 515 516 517 522 523 524 528 535 536 537 538 539 540 541 542 543 544 551 552 553 554 555 556 557 563 565 574 575 576 619 620 633 634 637 638 642 643 644 647 648 664 665 666 672 673 683 684 685 686 687 700 701 705 706 710 711 714 715 716 735 736 737 776 777 782 783 786 787 789 790 791 792 803 808 809 810 811 812 814 822 823 827 829 850 851 862 863 864 870 871 872 903 904 905 908 909 910 911 913 917 918 922 923 924 935 936 939 940 1014 1015 1029 1030 1033 1036 1040 1041 1042 1051 1052 1053 1054 1055 1068 1069 1070 1077 1078 1081 1082 1083 1084 1085 1086 1091 1092 1094 1095 1096 1103 1104 1106 1107 1109 1110 1111 1114 1115 1122 1123 1130 1131 1132 1133 1135 1136 1173 1174 1175 1176 1177 1178 1179 1181 1183 1206 1207 1208 1209
181 182 183 184 185 186 187 188 200 202 205 210 211 212 214 215 222 223 224 225 226 227 246 247 248 249 250 251 252 253 254 263 264 265 266 267 269 272 275 278 282 286 287 288 292 293 294 295 296 297 302 305 306 307 308 311 312 313 314 315 316 317 329 330 331 332 333 334 335 391 392 411 412 413 414 415 419 426 427 428 429 443 444 445 449 456 457 460 461 462 463 464 468 469 470 475 476 479 480 481 515 516 517 522 523 524 528 535 536 537 538 539 540 541 542 543 544 551 552 553 554 555 556 557 563 565 574 575 576 619 620 626 627 628 629 633 634 637 638 642 643 644 647 648 664 665 666 672 673 683 684 685 686 687 700 701 705 706 710 711 735 736 737 776 777 782 783 786 787 789 790 791 792 803 808 809 810 811 812 814 822 823 827 829 850 851 862 863 864 870 871 872 903 904 905 908 909 910 911 913 917 918 922 923 924 935 936 939 940 1014 1015 1029 1030 1033 1036 1040 1041 1042 1051 1052 1053 1054 1055 1068 1069 1070 1077 1078 1081 1082 1083 1084 1085 1086 1122 1123 1130 1131 1132 1133 1135 1136 1173 1174 1175 1176 1177 1178 1179 1181 1183 1206 1207 1208 1209
166 167 168 169 411 412 413 414 415 419 426 427 428 429 443 444 445 449 456 457 460 461 462 463 464 468 469 470 471 475 476 479 480 481 515 516 517 522 523 524 528 535 536 537 538 539 540 541 542 543 544 551 552 553 554 555 556 557 563 565 574 575 576 619 620 664 665 666 683 684 685 686 687 695 696 735 736 737 776 777 782 783 786 787 789 790 791 792 795 796 797 803 808 809 810 811 812 814 822 823 827 829 850 851 862 863 864 870 871 872 903 904 905 908 909 910 911 913 935 936 939 940 1206 1207 1208 1209
166 167 168 169 171 172 177 181 182 183 184 185 186 187 188 200 202 205 210 211 222 223 224 225 226 227 246 247 248 249 250 251 252 253 254 263 264 265 266 269 272 275 278 282 329 330 331 391 392 411 412 413 414 415 416 419 426 427 428 429 443 444 445 449 456 457 460 461 462 463 464 468 469 470 475 476 479 480 481 511 512 515 516 517 522 523 524 528 535 536 537 538 539 540 541 542 543 544 551 552 553 554 555 556 557 563 565 566 574 575 576 586 587 588 589 590 594 595 596 599 600 603 604 605 607 611 619 620 626 627 628 629 633 634 637 642 643 644 647 648 649 650 664 665 666 672 673 683 684 685 686 687 700 701 705 706 710 711 714 715 716 735 736 737 776 777 782 783 786 787 789 790 791 792 803 808 809 810 811 812 814 822 823 827 829 850 851 862 863 864 870 871 872 903 904 905 908 909 910 911 913 935 936 939 940 1014 1015 1029 1030 1033 1036 1040 1041 1042 1051 1052 1053 1054 1055 1068 1069 1070 1077 1078 1081 1082 1083 1084 1085 1086 1122 1123 1130 1131 1132 1133 1135 1136 1173 1174 1175 1176 1177 1178 1179 1181 1183 1206 1207 1208 1209
181 182 183 184 185 186 187 188 200 202 205 210 211 222 223 224 225 226 227 246 247 248 249 250 251 252 253 254 263 264 265 266 269 272 275 278 282 329 330 331 391 392 456 457 460 461 462 463 464 468 469 470 475 476 479 480 481 501 502 503 511 512 515 516 517 522 523 524 528 535 536 537 538 539 540 541 542 543 544 551 552 553 554 555 556 557 563 565 574 575 576 619 620 633 634 637 642 643 644 647 648 664 665 666 735 736 737 776 777 782 783 786 787 789 790 791 792 803 808 809 810 811 812 814 822 823 827 829 850 851 862 863 864 870 871 872 903 904 905 908 909 910 911 913 935 936 939 940 1014 1015 1029 1030 1033 1036 1040 1041 1042 1051 1052 1053 1054 1055 1068 1069 1070 1077 1078 1081 1082 1083 1084 1085 1086 1122 1123 1130 1131 1132 1133 1135 1136 1206 1207 1208 1209
391 392 411 412 413 414 415 416 456 457 460 461 462 463 464 468 469 470 475 476 479 480 481 515 516 517 522 535 536 537 547 551 552 553 560 561 563 565 574 575 576 619 620 664 665 666 735 736 737 776 777 782 783 786 787 789 790 791 792 803 808 809 810 811 812 814 836 837 850 851 862 863 864 870 871 872 903 904 905 939 940 1206 1207 1208 1209
391 392 456 457 460 461 462 463 464 468 469 470 475 476 479 480 481 515 516 517 522 535 536 537 547 551 552 553 560 561 563 565 574 575 576 619 620 633 634 637 642 643 644 647 648 664 665 666 735 736 737 776 777 782 783 786 787 789 790 791 792 803 808 809 810 811 812 814 836 837 850 851 862 863 864 870 871 872 903 904 905 939 940 1206 1207 1208 1209
181 182 183 184 185 186 187 188 200 202 205 210 211 222 223 224 225 229 235 240 241 242 243 246 247 248 249 250 251 252 253 254 259 282 352 353 357 359 360 361 362 363 364 365 366 367 368 370 378 381 384 385 387 397 398 401 633 634 635 637 642 643 644 647 648 659 660 661 1014 1015 1029 1030 1033 1036 1040 1041 1042 1051 1052 1053 1054 1055 1068 1069 1070 1077 1078 1081 1082 1083 1084 1085 1086 1130 1131 1132 1135 1136 1191 1192 1193 1196 1197 1198 1200 1206 1207 1208 1209
411 412 413 414 415 419 426 427 428 429 443 444 445 449 456 457 460 461 462 463 464 468 469 470 475 476 479 480 481 515 516 517 522 523 524 528 535 536 537 538 539 540 541 542 543 544 551 552 553 554 555 556 557 563 565 574 575 576 619 620 664 665 666 672 673 683 684 685 686 687 700 701 705 706 710 711 714 715 716 735 736 737 776 777 782 783 786 787 789 790 791 792 795 796 797 803 808 809 810 811 812 814 822 823 827 829 850 851 862 863 864 870 871 872 903 904 905 908 909 910 911 913 935 936 939 940 1173 1174 1175 1176 1177 1178 1179 1181 1183 1206 1207 1208 1209
166 167 168 171 172 173 174 177 352 353 354 357 359 360 361 362 363 364 365 366 367 368 370 371 372 374 378 381 382 384 385 387 391 392 397 398 399 401 411 412 413 414 415 419 426 427 428 429 443 444 445 449 456 457 460 461 462 463 464 468 469 470 471 475 476 479 480 481 515 516 517 522 523 524 528 535 536 537 538 539 540 541 542 543 544 551 552 553 554 555 556 557 563 565 566 574 575 576 619 620 647 648 664 665 666 672 673 683 684 685 686 687 700 701 705 706 710 711 714 715 716 735 736 737 776 777 782 783 786 787 789 790 791 792 803 808 809 810 811 812 814 822 823 827 829 850 851 862 863 864 870 871 872 903 904 905 908 909 910 911 913 935 936 939 940 1173 1174 1175 1176 1177 1178 1179 1181 1183 1206 1207 1208 1209
166 167 168 171 172 177 181 182 183 184 185 186 187 188 200 202 205 210 211 222 223 224 225 226 227 246 247 248 249 250 251 252 253 254 263 264 265 266 269 272 275 278 282 329 330 331 391 392 411 412 413 414 415 416 456 457 460 461 462 463 464 468 469 470 475 476 479 480 481 515 516 517 522 523 524 528 535 536 537 538 539 540 541 542 543 544 551 552 553 554 555 556 557 563 565 566 574 575 576 586 587 588 589 590 594 595 596 599 600 603 604 605 607 611 619 620 626 627 628 629 633 634 637 642 643 644 647 648 649 650 664 665 666 735 736 737 776 777 782 783 786 787 789 790 791 792 803 808 809 810 811 812 814 822 823 827 829 850 851 862 863 864 870 871 872 903 904 905 908 909 910 911 913 935 936 939 940 1014 1015 1029 1030 1033 1036 1040 1041 1042 1051 1052 1053 1054 1055 1068 1069 1070 1077 1078 1081 1082 1083 1084 1085 1086 1122 1123 1130 1131 1132 1133 1135 1136 1206 1207 1208 1209
166 167 168 169 181 182 183 184 185 186 187 188 200 202 205 210 211 222 223 224 225 226 227 246 247 248 249 250 251 252 253 254 263 264 265 266 269 272 275 278 282 329 330 331 391 392 411 412 413 414 415 416 419 426 427 428 429 443 444 445 449 456 457 460 461 462 463 464 468 469 470 471 475 476 479 480 481 511 512 515 516 517 522 523 524 528 535 536 537 538 539 540 541 542 543 544 551 552 553 554 555 556 557 563 565 566 574 575 576 586 587 588 589 590 594 595 596 599 600 603 604 605 607 611 619 620 626 627 628 629 633 634 637 642 643 644 647 648 649 650 664 665 666 672 673 683 684 685 686 687 700 701 705 706 710 711 714 715 716 735 736 737 776 777 782 783 786 787 789 790 791 792 803 808 809 810 811 812 814 822 823 827 829 850 851 862 863 864 870 871 872 903 904 905 908 909 910 911 913 935 936 939 940 1014 1015 1029 1030 1033 1036 1040 1041 1042 1051 1052 1053 1054 1055 1068 1069 1070 1077 1078 1081 1082 1083 1084 1085 1086 1122 1123 1130 1131 1132 1133 1135 1136 1173 1174 1175 1176 1177 1178 1179 1181 1183 1206 1207 1208 1209
391 392 456 457 460 461 462 463 464 468 469 470 475 476 479 480 481 515 516 517 518 522 535 536 537 547 551 552 553 560 561 563 565 574 575 576 619 620 664 665 666 735 736 737 744 745 746 747 764 765 776 777 782 783 784 786 787 789 790 791 792 803 808 809 810 811 812 814 822 823 827 836 837 850 851 862 863 864 870 871 872 903 904 905 939 940 1206 1207 1208 1209
411 412 413 414 415 419 420 456 457 460 461 462 463 464 468 469 470 475 476 479 480 481 515 516 517 522 523 524 528 535 536 537 538 539 540 541 542 543 544 551 552 553 554 555 556 557 563 565 574 575 576 619 620 633 634 637 638 642 643 644 647 648 664 665 666 735 736 737 776 777 782 783 786 787 789 790 791 792 803 808 809 810 811 812 814 822 823 827 829 850 851 862 863 864 870 871 872 903 904 905 908 909 910 911 913 935 936 939 940 1206 1207 1208 1209
200 202 203
181 182 183 184 185 186 187 188 200 202 205 210 211 222 223 240 241 242 243 352 353 357 359 360 361 362 363 364 365 366 367 368 370 378 381 384 385 387 397 398 401 456 457 460 461 462 463 464 468 469 470 475 476 479 480 481 515 516 517 522 523 524 528 535 536 537 538 539 540 541 542 543 544 551 552 553 554 555 556 557 563 565 574 575 576 619 620 633 634 637 642 643 644 647 648 664 665 666 735 736 737 776 777 782 783 786 787 789 790 791 792 803 808 809 810 811 812 814 822 823 827 829 850 851 862 863 864 870 871 872 903 904 905 908 909 910 911 913 935 936 939 940 1206 1207 1208 1209
456 457 460 461 462 463 464 468 469 470 475 476 479 480 481 515 516 517 522 523 524 528 535 536 537 538 539 540 541 542 543 544 551 552 553 554 555 556 557 563 565 574 575 576 586 587 588 589 590 594 595 596 599 600 603 604 605 607 611 619 620 664 665 666 735 736 737 776 777 782 783 786 787 789 790 791 792 803 808 809 810 811 812 814 822 823 827 829 850 851 862 863 864 870 871 872 903 904 905 908 909 910 911 913 935 936 939 940 1206 1207 1208 1209
181 182 183 184 185 186 187 188 200 202 205 210 211 222 223 224 225 229 235 240 241 242 243 246 247 248 249 250 251 252 253 254 259 282 352 353 357 359 360 361 362 363 364 365 366 367 368 370 378 381 384 385 387 397 398 401 633 634 635 637 642 643 644 647 648 659 660 661 1014 1015 1029 1030 1033 1036 1040 1041 1042 1051 1052 1053 1054 1055 1068 1069 1070 1077 1078 1081 1082 1083 1084 1085 1086 1130 1131 1132 1135 1136 1191 1192 1193 1196 1197 1198 1200 1206 1207 1208 1209
181 182 183 184 185 186 187 188 200 202 205 210 211 222 223 224 225 226 227 246 247 248 249 250 251 252 253 254 263 264 265 266 267 269 272 275 278 282 286 287 288 292 293 294 295 296 297 302 305 306 307 308 311 312 313 314 315 316 317 329 330 331 332 333 334 335 391 392 411 412 413 414 415 419 426 427 428 429 443 444 445 449 456 457 460 461 462 463 464 468 469 470 475 476 479 480 481 515 516 517 522 523 524 528 535 536 537 538 539 540 541 542 543 544 551 552 553 554 555 556 557 563 565 574 575 576 619 620 633 634 637 638 642 643 644 647 648 664 665 666 672 673 683 684 685 686 687 700 701 705 706 710 711 714 715 716 735 736 737 776 777 782 783 786 787 789 790 791 792 803 808 809 810 811 812 814 822 823 827 829 850 851 862 863 864 870 871 872 903 904 905 908 909 910 911 913 917 918 922 923 924 935 936 939 940 1014 1015 1029 1030 1033 1036 1040 1041 1042 1051 1052 1053 1054 1055 1068 1069 1070 1077 1078 1081 1082 1083 1084 1085 1086 1122 1123 1130 1131 1132 1133 1135 1136 1173 1174 1175 1176 1177 1178 1179 1181 1183 1206 1207 1208 1209
391 392 411 412 413 414 415 419 426 427 428 429 443 444 445 449 456 457 460 461 462 463 464 468 469 470 471 475 476 479 480 481 515 516 517 522 523 524 528 535 536 537 538 539 540 541 542 543 544 547 551 552 553 554 555 556 557 563 565 574 575 576 619 620 664 665 666 672 673 683 684 685 686 687 695 696 700 701 705 706 710 711 714 715 716 735 736 737 776 777 782 783 786 787 789 790 791 792 803 808 809 810 811 812 814 822 823 827 829 836 837 850 851 862 863 864 870 871 872 903 904 905 908 909 910 911 913 935 936 939 940 1173 1174 1175 1176 1177 1178 1179 1181 1183 1206 1207 1208 1209
166 167 168 169 200 202 205 206
391 392 411 412 413 414 415 416 456 457 460 461 462 463 464 468 469 470 475 476 479 480 481 515 516 517 522 523 524 525 526 528 535 536 537 538 539 540 541 542 543 544 547 551 552 553 554 555 556 557 560 561 563 565 574 575 576 619 620 664 665 666 735 736 737 776 777 782 783 786 787 789 790 791 792 803 808 809 810 811 812 814 822 823 827 829 836 837 850 851 862 863 864 870 871 872 903 904 905 908 909 910 911 913 935 936 939 940 1206 1207 1208 1209
1029 1030 1033 1036 1040 1041 1042 1051 1052 1053 1054 1055 1068 1069 1070 1077 1078 1081 1082 1083 1084 1085 1086 1091 1092 1094 1095 1096 1103 1104 1106 1107 1109 1110 1111 1112 1114 1115 1130 1131 1132 1133 1135 1136
181 182 183 184 185 186 187 188 200 202 205 210 211 222 223 224 225 229 235 240 241 242 243 246 247 248 249 250 251 252 253 254 263 264 265 266 267 282 286 287 288 289 292 293 294 295 302 305 306 307 308 311 312 313 314 315 352 353 357 359 360 361 362 363 364 365 366 367 368 370 378 381 384 385 387 397 398 401 411 412 413 414 415 416 619 620 633 634 635 637 642 643 644 647 648 659 660 661 664 665 666 903 904 905 917 918 922 923 924 1014 1015 1029 1030 1033 1036 1040 1041 1042 1051 1052 1053 1054 1055 1068 1069 1070 1077 1078 1081 1082 1083 1084 1085 1086 1130 1131 1132 1135 1136 1191 1192 1193 1196 1197 1198 1200 1206 1207 1208 1209
411 412 413 414 415 419 426 427 428 429 443 444 445 449 456 457 460 461 462 463 464 468 469 470 475 476 479 480 481 515 516 517 522 523 524 528 535 536 537 538 539 540 541 542 543 544 551 552 553 554 555 556 557 563 565 574 575 576 619 620 633 634 637 638 642 643 644 647 648 664 665 666 683 684 685 686 687 714 715 716 735 736 737 776 777 782 783 786 787 789 790 791 792 803 808 809 810 811 812 814 822 823 827 829 850 851 862 863 864 870 871 872 903 904 905 908 909 910 911 913 935 936 939 940 1206 1207 1208 1209
181 182 183 184 185 186 187 188 200 202 205 210 211 222 223 224 225 229 235 240 241 242 243 246 247 248 249 250 251 252 253 254 259 282 352 353 357 359 360 361 362 363 364 365 366 367 368 370 378 381 384 385 387 397 398 401 633 634 635 637 642 643 644 647 648 659 660 661 1014 1015 1029 1030 1033 1036 1040 1041 1042 1051 1052 1053 1054 1055 1068 1069 1070 1077 1078 1081 1082 1083 1084 1085 1086 1130 1131 1132 1135 1136 1191 1192 1193 1196 1197 1198 1200 1206 1207 1208 1209
633 634 637 642 643 644 647 648
166 167 168 171 172 177 181 182 183 184 185 186 187 188 200 202 205 210 211 222 223 224 225 226 227 246 247 248 249 250 251 252 253 254 263 264 265 266 269 272 275 278 282 329 330 331 391 392 411 412 413 414 415 416 419 426 427 428 429 443 444 445 449 456 457 460 461 462 463 464 468 469 470 475 476 479 480 481 511 512 515 516 517 522 523 524 528 535 536 537 538 539 540 541 542 543 544 551 552 553 554 555 556 557 563 565 566 574 575 576 586 587 588 589 590 594 595 596 599 600 603 604 605 607 611 619 620 626 627 628 629 633 634 637 642 643 644 647 648 649 650 664 665 666 672 673 683 684 685 686 687 700 701 705 706 710 711 714 715 716 735 736 737 776 777 782 783 786 787 789 790 791 792 803 808 809 810 811 812 814 822 823 827 829 850 851 862 863 864 870 871 872 903 904 905 908 909 910 911 913 935 936 939 940 1014 1015 1029 1030 1033 1036 1040 1041 1042 1051 1052 1053 1054 1055 1068 1069 1070 1077 1078 1081 1082 1083 1084 1085 1086 1122 1123 1130 1131 1132 1133 1135 1136 1173 1174 1175 1176 1177 1178 1179 1181 1183 1206 1207 1208 1209
456 457 460 461 462 619 620 664 665
411 412 413 414 415 419 426 427 428 429 443 444 445 449 456 457 460 461 462 463 464 468 469 470 475 476 479 480 481 515 516 517 522 523 524 528 535 536 537 538 539 540 541 542 543 544 551 552 553 554 555 556 557 563 565 574 575 576 619 620 664 665 666 672 673 683 684 685 686 687 700 701 705 706 710 711 735 736 737 744 745 746 749 750 764 765 766 776 777 782 783 786 787 789 790 791 792 803 808 809 810 811 812 814 822 823 827 829 850 851 862 863 864 870 871 872 903 904 905 908 909 910 911 913 935 936 939 940 1173 1174 1175 1176 1177 1178 1179 1181 1183 1206 1207 1208 1209
456 457 460 461 462 463 464 468 469 470 475 476 479 480 481 515 516 517 518 522 523 524 528 535 536 537 538 539 540 541 542 543 544 551 552 553 554 555 556 557 563 565 574 575 576 619 620 664 665 666 735 736 737 744 745 746 747 764 765 776 777 782 783 784 786 787 789 790 791 792 803 808 809 810 811 812 814 822 823 827 829 836 837 850 851 862 863 864 870 871 872 903 904 905 908 909 910 911 913 935 936 939 940 1206 1207 1208 1209
181 182 183 184 185 186 187 188 200 202 205 210 211 222 223 224 225 229 235 240 241 242 243 246 247 248 249 250 251 252 253 254 263 264 265 266 267 282 286 287 288 292 293 294 295 302 305 306 307 308 311 312 313 314 315 316 318 321 352 353 357 359 360 361 362 363 364 365 366 367 368 370 378 381 384 385 387 397 398 401 411 412 413 414 415 416 619 620 633 634 635 637 642 643 644 647 648 659 660 661 664 665 666 903 904 905 917 918 922 923 924 1014 1015 1029 1030 1033 1036 1040 1041 1042 1051 1052 1053 1054 1055 1068 1069 1070 1077 1078 1081 1082 1083 1084 1085 1086 1130 1131 1132 1135 1136 1191 1192 1193 1196 1197 1200 1206 1207 1208 1209
