39 40 41 42 43 45 46 48 54 55 58 59 60 65 66 67 68 69 70 71 72 140 141 144 158 160 163 164 166 168 170 171 174 179 180 181 182 183 184 185 313 314 315 317 319 320 324 328 355 356 359 360 361 364 508 509 510 512 513 514 892 895 911 914
546 547 549 550 551 552 708 709 726 727
771
86 95 96 112 187 920
602
894 896 905 906 907 908 913
670
772
769
188 194 215 280 283 284 285 286 892 912 913
0 6 7 8 10 16 17 48 55 65 66 67 332
622 624 733 735 768
745 748 749 751 754 755 756 757 894 896 900 901 910
592 593 594 595 596 597 598 599 601 603 733 734 735 738 739 740 774 775
695 698
61
892 895 898 899 916 917 920 921 924
895 898 899 912 917 920 921 928
48 55 68 69 70 71 72 318
772
94 892 925
518 520 522 524 527 532 535 540 541 542 543 544 546 547 549 550 551 552 555 564 566 568 569 570 571 578 580 708 726 733 734 735 738 739 740 792 981 982 983 1006
695 697 703
28 29 239 240 241 242 243 287 288 294 295 296 297 298 546 547 548 549 550 551 552 554 555 563 646 647 648 649 650 651 652 653 654 655 656 657 658 659 660 661 662 663 664 667 668 670 671 672 673 674 675 681 708 713 726 731 792 793 794 798 799 801
695 702
738 739 774
729
904 906
695 698
303 344 345 346 476
887 892 896
39 40 41 42 43 45 46 48 54 55 58 59 60 62 63 64 65 66 67 68 69 70 71 72 140 141 158 160 161 163 170 171 309 310 311 312 313 314 315 316 319 328 891 892 893 895 911 914
48 55 59 60 320 321 322 325 837
136
304 305 306 428 429
546 547 549 551 552 726 727 730
48 55 68 69 70 313 314 320 321 322 696 697 701 706 807 808 809 810 811 812 839 841 845 847 850 930 931 932 933 934 935 936 938 940 941 942
696 697 699 700 706
99 148 149 166 167 175 206 209 210 211 892 895 911 917 918 919 920 921 927
745 746 747 894 900 901 903 910
48 55 68 69 70 313 314 320 321 322 696 697 701 706 807 808 809 810 811 812 839 841 845 846 847 850 851 853 930 931 932 933 934 935 936 938 940 941 942
48 55 68 69 70 71 72 318
592 593 594 595 596 597 598 599 601 603 733 734 735 738 739 740 774 775
303 320 344 346 469 475 481 482 483 484 485 833 838 964 965 969 970 971 972 973 974 994 995 996 998 1016 1019 1020 1021 1022 1024 1025 1026 1027 1031 1049 1062 1064 1065 1069
172 176 188 190 191 195 196 197 198 202 203 204 205 206 207 210 211 212 213
84 85 86 87 90 97 699 745 894 895 897 898 899 900 901 903 910 912 917 919 920 921 923 924 926
592 593 594 595 596 597 598 599 601 603 733 734 735 738 739 740 774 775
137
48 55 58 59 60 65 66 67 68 69 70 77 78 313 320 321 322 361 365 592 696 697 699 701 704 706 743 770 856 857 858 860 861 862 866 867 868 869 870 871 932 933 934 935 936 939 941 942
771
173 174 176 202 203 204 205 206 209
331 592 593 594 595 596 597 598 599 602 603 733 734 735 738 739 740
140 141 144 145 150 158 160 163 165 166 167 170 171 173 175 202 203 204 205 206 209 210 211 303 313 314 315 892 895 901 910 911 914 917 918 919 920 921 925 927
696 697 703 705 790
61
99 145 146 147 148 149 153 154 164 165 166 173 175 177 178 202 203 204 205 206 210 211 212 303 892 895 897 901 910 911 912 914 917 918 919 920 921 923 926 927
18 20 240 241 264 266 890
895 901 910
622 623 624 627 628 629 630 631 632 733 734 735 738 739 740 774
132
48 55 59 60 320 321 322 325 836 912
277 892 895 912 913 917 921 925
99 145 146 147 148 149 150 153 154 164 165 166 173 175 177 178 202 203 204 205 206 210 211 212 303 892 895 897 901 910 911 912 914 917 918 919 920 921 923 925 926 927
133
670
18 19 22 23 26 30 31 32 33 36 240 269 270 271 272 273 313 316 622 623 624 626 627 628 629 630 631 632 733 734 735 738 739 740
696 697 699 706
320 323 696 697 701 702 703 705 714 715 720 721 781 782 783 784 785 790 791 821 822 839 842 876 877
48 55 56 57 73
303 324 831 838 874 875 892 894 904 906 909 911 912 913
696 697 702 703 705 781 782 785 786 787 788 790
546 547 548 549 551 552 554
889 1007
546 547 548 549 551 552 726 727 728 730
670
331 592 593 594 595 596 597 598 599 602 603 733 734 735 738 739 740
0 4 6
39 48 54 55 71 72
695 700
900
349 350 351 772 892 911
173 174 176 202 203 204 205 206 209
738 742 774
696 697 705 781
222 224 304 305 306 313 314 315 316 404 405 406 407 416 417 418 437 438 439 440 441 443 444 445 446
299 301
324 831 838 874 875 892 894 896 905 906 907 908 909 911 912 913
0 7
547 548 552 711
677
0 5 6 7 9
963 964 965 966 968 969 970 971 972 973 974 975 976 977 978 979 995 996 1016 1017 1018 1019 1020 1021 1022 1024 1025 1026 1027 1031 1049 1062 1064 1065 1069
546 547 548 550 551 552 708 710 726 728
48 55 62 63 64 303 344 346 469 470 471 472 473 474 475 476 477 478 481 482 483 484 485 833 838 963 964 965 966 968 969 970 971 972 973 974 975 976 977 978 979 995 996 998 1016 1019 1020 1021 1022 1024 1025 1026 1027 1031 1049 1062 1064 1065 1069
101
546 547 549 551 552 726 727 730
664 667 670
222 224 304 305 306 313 314 315 316 404 405 406 407 416 417 418 437 438 439 440 441 442 443 444 445 446
0 6 7 8 10 16 17 48 55 65 66 67 332
369
48 50 54 55 58 59 60 65 66 67 199 200 201 225 227 228 231 234 303 320 321 322 324 347 348 349 350 352 353 354 772 828 829 831 833 834 835 838 872 873 874 875 892 894 904 906 909 911 912 913
774 780
303 324 831 838 874 875 892 894 904 906 909 911 912 913
61
93
48 49 50 51 54 55 58 59 60 74 75 76 751 887 891 892 895 896
771
313 320 321 322 932 933 934 937 941 942
879
61
331 546 547 549 551 552 554 555 557 558 561 562 564 576 578 583 585 646 647 648 649 652 654 656 658 659 660 661 671 672 673 674 676 681 682 708 711 712 726 729 730 733 734 735 736 738 739 740 774 775 792 795 796 800
912
0 1 2 5 6 7 8 10 16 17 48 55 65 66 67 332
369
892 915
18 24 25 239 240 244 246 247 249 250 251 252 253 287 288 546 547 548 549 550 551 552 553 555 563 564 565 566 567 568 569 570 571 578 579 580 581 582 708 713 726 731 792 793 794 797 798 799 801
139 189 190 197 202 204 205 206 210 211 914
173 176 202 203 204 205 206 209 210 211 212 213
546 547 548 549 551 552 726 727 728 730
546 551 552 555 564 570 571 578 708 726 792 879 880 881
772
547 549 551 729
622 623 627 879 883
892 893 915
491 888 963 964 965 966 968 969 970 971 972 973 974 975 976 977 978 979 1016 1017 1018 1019 1020 1021 1022 1023 1025 1026 1027 1031 1049 1062 1064 1065 1069
48 55 68 69 70 313 314 320 321 322 323 696 697 701 702 703 705 714 715 720 721 781 782 783 784 785 789 790 791 818 819 820 821 822 823 839 842 845 848 852 876 877 878 930 931 932 933 934 935 936 938 940 941 942
892 893 915
48 52 54 55
48 55 56 57 71 73
283 892 912 913
299 300 301
548 552 795 799 800
547 548 552 729

331 592 593 594 595 596 597 598 599 601 602 603 733 734 735 738 739 740 774 775
900
695 698
222 224 304 305 306 313 314 315 316 404 405 406 407 416 417 418
48 49 50 51 54 55 58 59 60 65 66 67 74 75 76 216 217 218 309 310 311 312 313 314 315 320 354 497 963 964 965 966 968 969 970 971 972 973 974 975 976 977 978 979 1016 1017 1018 1019 1020 1021 1022 1023 1025 1026 1027 1028 1029 1031 1048 1049 1062 1064 1065 1069
133 134
99 148 149 150 154 166 175 206 210 892 911 912 918 919 920 925 927
99 148 149 151 166 167 169 175 206 207 209 210 211 212 887 892 895 896 897 902 911 917 918 919 920 921 925 927
546 547 548 549 551 552 555 557 558 561 562 564 566 567 568 569 570 576 577 578 580 583 584 585 586 708 711 712 726 729 730 733 734 735 736 738 739 740 774 775 792 795 796 798 799 800
304 306 308
48 55 56 57 71 73
677 678
99 148 149 150 153 166 175 206 210 892 911 912 918 919 920 925 927
39 47 48 54 55 71 72
738 739 740 742 774
546 547 548 551 552 726 728 730
959 960
48 53 54 55 71
963 964 965 966 968 969 970 971 972 973 974 975 976 977 978 979 995 996 1016 1017 1018 1019 1020 1021 1022 1024 1025 1026 1027 1031 1049 1062 1064 1065 1069
733 734 737 738 739 774
592 593 594 595 596 597 598 599 601 603 733 734 735 738 739 740 774 775
546 547 548 549 551 552 708 709 710 712
546 547 548 550 551 552 708 710 726 728
48 55 58 59 60 65 66 67 68 69 70 77 78 79 80 82 83 313 320 321 322 323 361 365 696 697 699 701 704 706 714 715 719 720 721 856 857 858 860 861 862 863 864 865 866 867 868 869 870 871 932 933 934 935 936 939 941 942
892 893 915
874 875 892 911 912
0 6
701 841 845 847 850 853
99 140 141 142 145 146 147 148 149 151 152 153 158 160 163 164 165 166 167 169 170 171 173 175 177 178 202 203 204 205 206 207 208 210 211 212 303 313 314 315 887 892 895 896 897 901 902 910 911 912 914 917 918 919 920 921 923 925 926 927
892 893 915
592 593 594 595 599 601 733 735 764
546 547 549 551 552 708 709 712
774 779
546 551 552 555 564 576 616 708 726 733 735 736 766 792
771
173 175 178 202 203 204 205 206 210 211
546 547 548 551 552 708 710 712
546 547 548 549 551 552 554
664 667 670
67
731
369
48 55 68 69 70 313 314 320 321 322 323 696 697 701 702 703 705 714 715 720 721 781 782 784 785 789 790 791 818 819 820 821 822 823 839 842 845 848 852 855 876 877 878 930 931 932 933 934 935 936 938 940 941 942
18 34 35 239 240 242 243 244 245 246 247 259 260 261 262 263 287 288 546 547 548 549 550 551 552 555 557 558 559 560 561 562 563 564 565 566 567 568 569 570 571 576 577 611 612 613 615 616 617 708 711 712 713 726 729 730 731 733 734 735 736 738 739 740 742 774 775 780 792 793 794 795 796 798 799 800 801
48 55 68 69 70 71 72 318
701 840 845 846 851 854
701 841 845 847 850
889 1007
84 85 86 87 90 97 699 745 894 895 898 899 900 901 903 910 912 917 919 920 921 926 928
892 893 915
889 1007
18 890
889 1007
546 547 551 552 554 555 556
144 145 153 165 166 167 173 202 203 204 205 206 209 210 211 303 892 895 901 910 911 914 917 918 919 920 921 927
547 548 552 711
39 40 41 42 43 45 46 48 54 55 65 66 67 68 69 70 71 72 140 141 158 160 163 166 170 171 178 303 313 314 315 319 328 892 895 911 914
48 55 68 69 70 71 72 318
770 774
836 892 912
745 746 747
0 6 7 8 10 16 17 48 55 65 66 67 332
123
61
136
759 760 889 1007 1008
331 592 593 594 595 596 597 598 599 601 602 603 733 734 735 738 739 740 774 775
99 148 149 151 166 167 169 175 204 206 207 209 210 211 212 887 892 895 896 897 902 911 912 917 918 919 920 921 925 927
320 323 696 697 705 714 720 721 888
887 892 897
548 552 795 799 800
905 906 908 913
892 893 912 913 915 916
670
99 140 141 142 143 145 146 147 148 149 151 152 153 158 159 160 163 164 165 166 167 169 170 171 173 175 177 178 202 203 204 205 206 207 208 210 211 212 213 303 313 314 315 324 887 892 895 896 897 901 902 910 911 912 914 917 918 919 920 921 923 925 926 927
546 547 548 549 551 552 554 555 646 647 648 649 652 654 656 658 659 660 661 662 671 672 673 674 708 726 792 794 799 879 881 884
774
524 527 532 536 540 541 542 543 544 592 593 594 595 596 598 599 733 734 735 738 739 740 981 982 983
769
546 547 548 549 551 552 555 557 561 564 566 567 568 569 570 576 578 580 583 585 708 711 726 729 733 734 735 736 738 739 740 774 775 792 795 799 800
60
188 194 195 196 214 215 231 232 233 280 281 282 283 284 285 286 892 912 913
546 555 556
592 593 594 596 599 600
666 668 670
303 346 447 449 450 451 452 453 459 460 461 462 464 588 589 723 963 964 965 966 968 969 970 971 972 973 974 975 976 977 978 979 986 1016 1019 1020 1021 1022 1024 1025 1026 1027 1031 1049 1062 1064 1065 1069
103
0 6 7 8 10 16 17 48 55 65 66 67 332
892 893 915
331 592 593 594 595 596 597 598 599 601 602 603 733 734 735 738 739 740 774 775
320 323 696 697 701 702 703 705 714 715 720 721 781 782 784 785 790 791 821 822 839 842 876 877
48 55 57 73
901 910
18 35 242 247 260 263 287 546 547 548 549 550 551 552 555 557 558 561 562 564 565 566 567 568 569 570 571 576 577 611 613 615 616 617 708 711 712 726 729 730 733 734 735 736 738 739 740 742 774 775 780 792 793 794 795 796 798 799 800
546 547 551 552
48 55 58 59 60 65 66 67 68 69 70 77 78 80 82 83 313 320 321 322 323 361 365 696 697 699 701 704 706 714 720 721 856 857 858 860 861 862 866 867 868 869 870 871 932 933 934 935 936 939 941 942
738 742 774
303 321 322 346 447 449 450 451 452 453 454 455 456 457 458 459 460 461 462 464 465 466 467 468 618 619 620 621 622 623 696 697 705 723 724 743 770 986 987 1000 1001 1002 1003 1004 1019 1020 1021 1022 1024 1025 1026 1027 1031 1049 1062 1064 1065 1069
140 141 145 150 153 158 160 163 165 166 170 171 173 175 202 203 204 205 206 303 313 314 315 892 895 901 910 911 914 917 918 919 920 921 925 927
10
547 549 551 729
546 549 551 555 557
70
303 344 345 346 476
48 55 62 63 64 303 344 346 469 470 471 472 473 474 475 476 477 478 481 482 483 484 485 833 838 963 964 965 966 968 969 970 971 972 973 974 975 976 977 978 979 995 996 998 1016 1019 1020 1021 1022 1024 1025 1026 1027 1031 1049 1062 1064 1065 1069
303 346 447 449 450 460 606 618 633 1005
546 547 548 550 552
303 344 346 683 686 963 964 965 966 967 968 969 970 971 972 973 974 975 976 977 978 979 980 992 1016 1019 1020 1021 1022 1024 1025 1026 1027 1031 1049 1062 1065 1069
894 896 905 906 907 908 913
733 734 735 738 739 740 774
94 892 925
774 780
304 305 306
355 359
547 548 549 551 552 729
39 40 41 44 46 47 48 50 54 55 58 59 60 65 66 67 68 69 70 71 72 140 141 142 144 158 160 163 164 166 168 170 171 174 179 180 181 182 183 184 185 199 200 201 225 227 228 231 234 313 314 315 317 319 320 321 322 324 328 347 348 349 350 352 353 354 361 363 364 368 369 504 505 507 772 828 829 833 834 835 872 873 892 895 911 912 913 914 929
393 395 396 498 696 697 703 706
0 1 3 6
172 176 188 190 191 195 196 197 198 202 203 204 205 206 207 210 211 212 213
172 176 188 190 191 195 196 197 198 202 203 204 205 206 207 209 210 211 212 213
769
733 734 735 736 738 739 774
546 547 548 551 552 708 710 712
769
664 667 670
125
74 75 355 356 360
0 6
48 55 68 69 70 71 72 318
695 698
695 699 700
279 892 895 917 921 925
887 892 895 897 902
99 140 141 145 146 147 148 149 158 160 163 164 165 166 170 171 173 175 177 178 202 203 204 205 206 210 211 212 303 313 314 315 892 895 897 901 910 911 912 914 917 918 919 920 921 923 926 927
701 843 844 849
592 595 598
140 141 150 153 154 158 160 163 166 170 171 175 313 314 315 892 895 901 910 911 914 917 918 919 920 921
905 906
11
48 55 56 57 71 73
12
18 21 265 268 890
773 774 775 776
303 888 963 964 965 966 968 969 970 971 972 973 974 975 976 977 978 979 989 990 1016 1017 1018 1019 1020 1021 1022 1024 1025 1026 1027 1031 1049 1062 1064 1065 1069
546 547 548 549 551 552 708 709 710 712
546 552 555 556 745 749
124 125
769
696 697 702 703 705 781 782 785 786 787 788 790
304 305 306
324 831 838 874 875 892 894 906 909 911 912 913
895 901 910
769
48 55 58 59 60 499 500 963 964 965 966 968 969 970 971 972 973 974 975 976 977 978 979 1016 1017 1018 1019 1020 1021 1022 1024 1025 1026 1027 1031 1049 1062 1064 1065 1069
39 47 48 54 55 71 72
738 741 774 779
99 148 149 150 153 166 175 206 210 892 911 912 918 919 920 925 927
696 697 705 781
679
313 320 321 322 932 933 934 939 941 942
60
174 176
304 305 306
546 547 548 549 551 552 554 555 564 566 567 568 569 570 571 572 573 574 575 610 613 614 708 726 738 740 774 775 776 792 794 799 879 881 882
959 962
592 596 597 598
18 19 22 23 26 30 31 33 36 48 55 65 66 67 240 269 271 273 313 316 320 458 465 466 467 468 620 621 622 623 627 628 629 630 631 632 694 696 697 705 743 744 770 1004
172 176 188 190 191 195 196 197 198 202 203 204 205 206 207 209 210 211 212 213
235 236 237 238 289 290 291 292
592 593 596 599
48 49 50 51 54 55 68 69 70 74 75 76 219 220 221 222 223 224 309 310 311 312 313 314 315 316 318 416 417 418 431 432 433
592 593 595 596 598 599 600

48 55 56 57 71 73
0 6 7 8 10 16 17 48 55 65 66 67 332
331 592 593 594 595 596 597 598 599 601 602 603 733 734 735 738 739 740 774 775
139 914
773 774 775 776
173 174 202 203 204 205 206 209
64
769
904 906
696 697 703 706
959 961
696 697 706 707
126
769
769
331 592 593 594 595 596 597 598 599 602 603 733 734 735 738 739 740
99 148 149 151 166 167 169 175 204 206 207 209 210 211 212 887 892 895 896 897 902 911 918 919 920 925 927
889 1007
546 549 551
546 547 548 549 551 552 708 709 710 712
369
546 547 548 549 551 552 555 556 557 558 559 560 561 562 564 566 570 576 578 583 585 708 711 726 729 733 734 735 736 738 739 740 774 775 792 795 800
18 34 239 240 243 244 245 246 259 261 262 288 303 346 447 449 450 455 460 465 466 467 468 546 547 548 549 551 552 555 557 561 563 564 566 567 568 569 570 576 606 608 609 612 613 616 618 633 696 697 705 708 711 713 726 729 731 733 734 735 736 738 739 740 743 744 770 774 775 792 794 795 799 800 801 1002 1005
324 831 838 874 875 892 894 906 909 911 912 913
173 176 177 178 202 203 204 205 206 207 210 211 212 213 892 895 911 917 921
701 840 845 846 851
393 400 696 697 701 704 706
99 145 146 147 148 149 150 151 153 154 164 165 166 167 169 173 175 177 178 202 203 204 205 206 207 210 211 212 303 887 892 895 896 897 901 902 910 911 912 914 917 918 919 920 921 923 925 926 927
87 88 98 918 919
139 188 189 190 192 197 202 204 205 206 210 211 215 892 914
64
701 843 844 849
670
320 323 714 720 721 770
592 593 596 599
61
547 549 551 711
84 85 86 87 88 90 98 699 745 894 895 898 899 900 901 903 910 917 918 919 920 921
898 899
546 547
546 548 551 552
18 34 239 240 243 244 245 246 259 261 262 288 455 465 466 467 468 546 547 548 549 551 552 555 557 561 563 564 566 567 568 569 570 576 608 609 612 613 616 696 697 705 708 711 713 726 729 731 733 734 735 736 738 739 740 743 744 770 774 775 792 794 795 799 800 801 1002 1005
695 696 697 699 700 706
548 552 795 799 800
769
547 548 552 729
99 140 141 142 145 146 147 148 149 152 153 158 160 163 164 165 166 170 171 173 175 177 178 202 203 204 205 206 210 211 212 303 313 314 315 892 895 897 901 910 911 912 914 917 918 919 920 921 923 926 927
771
331 592 593 594 595 596 597 598 599 601 602 603 733 734 735 738 739 740 774 775
60
48 50 54 55 58 59 60 62 63 64 65 66 67 216 217 218 303 313 314 315 320 343 344 345 346 354 447 449 450 451 452 453 459 460 461 462 464 588 589 723 963 964 965 966 968 969 970 971 972 973 974 975 976 977 978 979 986 1016 1019 1020 1021 1022 1024 1025 1026 1027 1028 1029 1031 1048 1049 1062 1064 1065 1069
664 667 670
303 344 345 346 447 449 450 452 453 460 969
85 86 87 89 696 697 699 705 745 892 894 895 897 900 901 903 910 917 919 920 921 925
695 698
48 50 54 55 58 59 60 65 66 67 216 217 218 313 314 315 320 333 334 335 337 338 339 341 354 491 492 493 1020 1021 1022 1023 1025 1026 1027 1028 1029 1031 1048 1049 1062 1064 1065 1069
48 55 68 69 70 313 314 320 321 322 323 696 697 701 702 703 705 714 715 720 721 781 782 783 784 785 789 790 791 818 819 820 821 822 823 839 842 845 848 852 876 877 878 930 931 932 933 934 935 936 938 940 941 942
303 346 447 449 450 451 452 453 459 460 461 462 464 606 607 608 723 963 964 965 966 968 969 970 971 972 973 974 975 976 977 978 979 986 1016 1019 1020 1021 1022 1024 1025 1026 1027 1031 1049 1062 1064 1065 1069
895 897 902
738 774
48 55 62 63 64 303 313 314 320 321 322 346 376 378 447 449 450 451 452 453 454 455 456 457 458 459 460 461 462 463 464 465 466 467 468 618 619 620 621 622 623 696 697 705 723 724 743 770 985 986 987 1000 1001 1002 1003 1004 1019 1020 1021 1022 1024 1025 1026 1027 1031 1049 1062 1064 1065 1067 1069
664 669 670
86 95 96 112 187 701 892 920 925
546 548 552 555 559 560
48 49 50 51 54 55 58 59 60 65 66 67 74 75 76 216 217 218 1029 1030 1031
696 697 699 700 706
774
546 547 548 551 552 726 728 730
313 320 321 322 696 697 706 723 724 725 824 825 826 930 931 932 933 934 941 942
695 696 697 701 704 706
61
48 52 71
84 85 86 87 90 97 699 745 894 895 898 899 900 901 903 910 912 917 918 919 920 921 926 928
48 55 56 57 71 73
222 224 304 305 306 313 314 315 316 404 405 406 407 416 417 418
894 896 905 906 907 908 913
696 697 702 703 705 781 782 785 786 787 788 790
895 897 898 899 912 917 920 921 923 924
39 47 48 54 55 71 72
664 668 670
546 551 552 555 564 577 578 584 586 708 726 733 736 762 792
122 123
695 703
894 895 901 910
172 176 188 190 191 195 196 197 198 202 203 204 205 206 207 210 211 212 213
139 188 189 190 192 197 202 204 205 206 210 211 215 892 914
67
361 362 363 364 365 369 504 505 507
912
303 346 469 470 471 472 473 474 475 476 477 478 481 482 483 484 485 833 838 963 964 965 966 968 969 970 971 972 973 974 975 976 977 978 979 995 996 998 1016 1019 1020 1021 1022 1024 1025 1026 1027 1031 1049 1062 1064 1065 1069
546 547 548 549 551 552 554
745 748 749 751 754 755 756 757 894 896 900 901 910
910
546 547 548 551 552 708 710 712
313 315 320 321 322 696 697 706 723 724 725 813 814 815 816 817 930 931 932 933 934 941 942
892 893 895 912 915 917 918 919 920 921 922
695 701
304 305 306
547 549 551 729
959 960
299 302
361 362 363 364 365 369 504 505 507
48 49 50 51 54 55 62 63 64 65 66 67 74 75 76 303 309 310 311 312 313 314 315 317 320 323 343 344 345 346 469 470 471 472 473 474 475 476 477 478 481 482 483 484 694 696 697 701 705 714 715 716 717 718 719 720 721 993 994 995
892 895 898 899 916 917 920 921 924
12 15
48 55 62 63 64 303 344 346 683 686 687 689 963 964 965 966 968 969 970 971 972 973 974 975 976 977 978 979 992 1016 1019 1020 1021 1022 1024 1025 1026 1027 1031 1049 1062 1065 1069
173 175 176 202 203 204 205 206 211
546 547 548 549 551 552 726 727 728 730
222 224 304 305 306 313 314 315 316 404 405 406 407 416 417 418
733 735 736
313 320 321 322 932 933 934 938 941 942
138
895 897 902
91 92 102 105
221 304 306 307 320 323 393 395 401 402 403 408 410 411 412 414 415 419 420 421 422 423 424 425 426 696 697 702 703 705 706 714 715 719 720 721
285
48 55 68 69 70 71 72 318
103
664 669 670
99 145 146 147 148 149 153 154 164 165 166 173 175 177 178 202 203 204 205 206 210 211 212 303 892 895 897 901 910 911 912 914 917 918 919 920 921 923 926 927
155
175 176
894 905 906 908 913
39 40 41 42 43 44 45 46 48 54 55 58 59 60 62 63 64 65 66 67 68 69 70 71 72 113 114 115 116 117 118 140 141 142 144 146 158 160 163 164 166 168 170 171 174 178 179 180 181 182 183 184 185 313 314 315 317 319 320 324 328 361 364 508 892 895 911 914 929 932 933
48 50 54 55 58 59 60 62 63 64 65 66 67 199 200 201 216 217 218 313 314 315 320 343 354 481 482 483 484 485 833 834 835 838 891 892 895 963 964 965 966 968 969 970 971 972 973 974 975 976 977 978 979 996 998 999 1016 1017 1018 1019 1020 1021 1022 1024 1025 1026 1027 1028 1029 1031 1048 1049 1062 1064 1065 1069
48 55 62 63 64 303 313 314 316 320 323 346 370 371 376 469 470 471 472 473 474 475 476 477 478 481 482 483 484 485 487 488 696 697 705 714 718 720 721 993 994 995
686 688 690 692
0 6 7 8 10 16 17 48 55 65 66 67 313 320 321 322 332 932 933 934 935 936 941 942
93
70
895 897 917 921 923
284
13
0 4 6 7 8 10 16 17 48 55 65 66 67 332
774 777
303 321 322 346 447 449 450 451 452 453 454 455 456 457 458 459 460 461 462 464 465 466 467 468 546 549 551 552 555 557 561 564 576 606 607 608 609 616 696 697 705 708 711 723 724 726 729 733 734 735 736 738 739 740 743 770 774 775 792 795 800 986 987 1000 1001 1002 1003 1004 1005 1019 1020 1021 1022 1024 1025 1026 1027 1031 1049 1062 1064 1065 1069
304 305 306 404 405 406 407
172 176 188 190 191 195 196 197 198 202 203 204 205 206 210 211 212 213
85 86 87 89 745 887 892 894 895 897 900 901 903 910 916 917 919 920 921
173 175 176 202 203 204 205 206 211

215 286
680
546 548 549
546 547 548 549 551 552 554
887 892 894 896 905 906 907 908 913
48 55 56 57 71 73
27 29 239 240 241 242 243 287 288 293 295 296 297 298 546 547 548 549 550 551 552 554 555 563 646 647 648 649 650 651 652 653 654 655 656 657 658 659 660 661 662 663 664 667 668 670 671 672 673 674 675 681 708 713 726 731 792 793 794 798 799 801
546 547 548 549 551 552 726 727 728 730
887 892 895 897 902
894 905 906 908 913
695 697 702
304 305 306 428 429
48 55 68 69 70 313 314 320 321 322 696 697 701 706 807 808 809 810 811 812 839 841 845 847 850 853 930 931 932 933 934 935 936 938 940 941 942
895 898 899 912 917 918 919 920 921 926 928
99 145 146 147 148 153 154 164 165 166 173 177 178 202 203 204 205 206 210 211 212 303 892 895 897 901 910 911 912 914 917 921 923 926 927
738 741 774 779
547 549 551 729
0 1 3 7 8 10 16
48 49 50 51 55 65 66 67 74 75 76 518 520 522 524 532 533 535 540 542 543 544 546 551 552 555 564 566 568 569 570 571 578 694 696 697 699 703 705 708 726 733 734 735 738 739 740 792 981 982 983 984 1006
86 95 96 112 187 920
592 605
0 6
745 746 747 894 900 901 903 910
99 140 142 145 146 147 148 149 151 152 153 158 160 163 164 165 166 167 169 170 171 173 175 177 178 202 203 204 205 206 207 208 210 211 212 213 313 314 315 887 892 893 895 896 897 901 902 910 911 912 914 915 917 918 919 920 921 922 923 925 926 927
304 305 306
745 746 747 894 895 900 901 903 910
528 529 532 889 1006 1007
313 315 320 321 322 696 697 699 700 706 723 724 725 813 814 815 816 817 930 931 932 933 934 941 942
745 750
499 963 964 965 966 968 969 970 971 972 973 974 975 976 977 978 979 1016 1017 1018 1019 1020 1021 1022 1024 1025 1026 1027 1031 1049 1062 1064 1065 1069
772
889 1007
303 346 683 684 685 686 687 688 689 690 691 692 693 992 1019 1020 1021 1022 1024 1025 1026 1027 1031 1049 1062 1065 1069
99 140 141 142 145 146 147 148 149 151 152 153 158 160 163 164 165 166 167 169 170 171 173 175 177 178 202 203 204 205 206 207 208 210 211 212 303 313 314 315 887 892 895 896 897 901 902 910 911 912 914 917 918 919 920 921 923 925 926 927
892 893 915
548 552 795 799 800
74 75 199 200 225 227 228 231 234 320 321 322 347 348 349 350 352 353 354 361 362 363 364 365 368 369 504 505 507 772 828 829 833 834 835 872 873 891 892 895 911 912 913
745 746 747 894 900 901 903 910
547 548 552 729
222 224 304 305 306 313 314 315 316 404 405 406 407 416 417 418
547 548 549 551 552 729
592 593 594 595 596 597 598 599 601 603 733 734 735 738 739 740 774 775
128
447 457 465 466 467 468 606 618 633 635 644 645
304 306
99 145 146 147 148 153 154 164 165 166 173 177 178 202 203 204 205 206 210 211 212 303 892 895 897 901 910 911 912 914 917 921 923 926 927
18 21 25 29 32 35 38 250 255 260 265 270 295 297 890
48 50 54 55 58 59 60 65 66 67 216 217 218 320 354 494 495 496 1021 1022 1023 1025 1026 1027 1028 1029 1031 1048 1049 1062 1064 1065 1069
48 49 50 51 55 62 63 64 74 75 76 303 343 344 345 346 447 449 450 452 453 459 460 606 618 633 969 974
664 667 670
355 357
0 6 9 313 320 321 322 932 933 934 935 936 941 942
101 113 313
331 592 593 594 595 596 597 598 599 602 603 733 734 735 738 739 740
898 899
48 54 55 58 59 60 65 66 67 313 314 315 320 354 499 500 528 529 532 889 963 964 965 966 968 969 970 971 972 973 974 975 976 977 978 979 1006 1007 1016 1017 1018 1019 1020 1021 1022 1023 1024 1025 1026 1027 1028 1029 1031 1048 1049 1062 1064 1065 1069
100 103 104 313 314 315 316 546 551 552 555 564 576 578 583 585 587 708 726 733 736 761 792
695 697 701
901 910
546 547 548 550 552
696 697 703 705 790
173 176 202 203 204 205 206 208 209 210 211 212 213
61
773 774 775 776
695 696 697 699 700 706
912
0 6 7 8 10 16 17 48 55 65 66 67 332
519 521 523 532 534 540 541 542 543 545 733 734 735 738 739 740 774 775 981 982 983
303 344 346 376 447 449 450 452 453 459 460 461 462 463 464 723 963 964 965 966 968 969 970 971 972 973 974 975 976 977 978 979 986 1016 1019 1020 1021 1022 1024 1025 1026 1027 1031 1049 1062 1064 1065 1067 1069
48 55 62 63 64 303 313 314 320 321 322 346 376 378 447 448 450 452 453 454 455 456 457 458 459 460 461 462 463 464 465 466 467 468 546 549 551 552 554 555 557 561 564 576 589 590 591 592 593 594 595 599 606 608 609 616 618 620 621 622 623 633 635 636 637 638 639 640 641 642 643 645 646 647 648 649 650 652 654 656 658 663 664 670 696 697 705 708 711 723 724 726 729 732 733 734 735 736 738 739 740 743 770 774 775 792 795 800 988 989 990 991 1000 1001 1002 1003 1004 1005 1019 1020 1021 1022 1024 1025 1026 1027 1031 1049 1062 1064 1065 1067 1069
85 86 87 89 745 892 894 895 897 900 901 903 910 917 919 920 921 925
696 697 701 706 707
303 324 831 838 874 875 892 894 904 906 909 911 912 913
104
0 6
0 6
99 146 147 148 153 164 166 177 178 210 211 212 303 892 895 897 911 912 914 917 921 923 926 927
753 754 755 756 758 894 900
447 457 465 466 467 468 606 618 633 635 643 645
592 593 596 599 600
894 905 906 908 913
313 314 315 494 963 964 965 966 968 969 970 971 972 973 974 975 976 977 978 979 1016 1017 1018 1019 1020 1021 1022 1023 1025 1026 1027 1028 1031 1049 1062 1064 1065 1069
99 145 146 147 148 153 154 164 165 166 173 177 178 202 203 204 205 206 210 211 212 303 892 895 897 901 910 911 912 914 917 921 923 926 927
547 548 552 711
48 49 50 51 55 65 66 67 74 75 76 393 395 396 498 694 696 697 703 706
745 746 747 748 752 754 755 756 757 894 897 900
48 55 68 69 70 71 72 318
173 177 178 202 203 204 205 206 210 211 212
771
592 593 594 595 596 597 598 599 879 885
139 914
695 699
303 324 831 838 874 875 892 894 905 906 909 911 912 913
696 697 701 706 707
602 733 734 735 738 739 740
299 300 302
100 103 104 546 551 552 555 564 576 578 583 585 587 708 726 733 736 761 792
304 305 306
738 739 740 742 774 780
303 344 345 346 476
48 50 54 55 58 59 60 65 66 67 216 217 218 313 314 315 320 354 963 964 965 966 968 969 970 971 972 973 974 975 976 977 978 979 995 996 1016 1017 1018 1019 1020 1021 1022 1024 1025 1026 1027 1028 1029 1031 1048 1049 1062 1064 1065 1069
745 748 749 751 754 755 756 757 894 896 900 901 910
547 549 551 729
592 601
696 697 702 706
896
774 780
696 697 702 705
665 668 670
670
670
93
304 305 306 307 393 394 395 399 400 401 402 403 424 425 426 696 697 701 702 703 704 706
745 746 747 894 895 900 901 903 910
39 40 41 42 43 45 46 48 54 55 65 66 67 68 69 70 71 72 140 141 158 160 163 170 171 313 314 315 319 328 892 895 911 914
547 548 549 551 552 711
18 25 239 240 244 245 246 247 248 250 251 252 287 288 546 547 548 549 550 551 552 555 563 564 566 567 568 569 570 571 578 580 708 713 726 731 792 793 794 798 799 801
895 898 899 912 917 920 921 928
892 893 915
304 306 307 393 395 399 400 402 403 424 425 426 696 697 701 703 704 706
173 175 178 202 203 204 205 206 210 211
546 547 548 551 552 555 559 560 561 562 564 566 567 568 569 570 576 577 578 580 583 584 585 586 708 711 712 726 729 730 733 734 735 736 738 739 740 774 775 792 795 796 798 799 800
547 549 551 711
772
48 51 54 55
331 592 593 594 595 596 597 598 599 601 602 603 733 734 735 738 739 740
592 593 594 595 599 604
303 320 321 322 346 447 448 450 452 453 454 455 456 457 458 459 460 461 462 464 465 466 467 468 546 549 551 552 554 555 557 561 564 576 589 590 591 592 593 594 595 599 606 608 609 616 618 620 621 622 623 633 635 636 637 638 639 640 641 642 643 645 646 647 648 649 650 652 654 656 658 663 664 670 696 697 705 708 711 723 724 726 729 732 733 734 735 736 738 739 740 743 770 774 775 792 795 800 988 989 990 991 1000 1001 1002 1003 1004 1005 1019 1020 1021 1022 1024 1025 1026 1027 1031 1049 1062 1064 1065 1069
172 176 188 190 191 195 196 197 198 202 203 204 205 206 207 209 210 211 212 213
225 226 696 697 701 706
452 453
278 892 895 917 921 925
546 547 549 550 551 552 708 709 726 727
696 697 701 706 707
547 549 551 711
127
18 27 239 240 241 243 288 293 296 298 457 465 466 467 468 546 547 548 549 551 552 554 555 563 635 636 637 638 639 640 641 642 643 645 646 647 648 649 650 652 654 656 658 659 660 661 662 663 664 668 670 671 672 673 674 681 696 697 705 708 713 726 731 732 743 744 770 792 794 799 801 1003 1005
546 551 552 555 564 576 578 583 585 708 726 733 736 761 792
592 593 594 595 596 597 598 599 601 603 733 734 735 738 739 740 774 775
701 840 845 846 851 854
592 593 596 599
131
331 546 547 548 549 550 551 552 554 555 557 558 561 562 564 566 567 568 569 570 576 577 578 580 583 584 585 586 646 647 648 649 652 654 656 658 659 660 661 662 671 672 673 674 676 681 682 708 711 712 726 729 730 733 734 735 736 738 739 740 774 775 792 793 794 795 796 798 799 800
48 55 68 69 70 71 72 318
304 305 306
303 346 447 449 450 451 452 453 459 460 461 462 464 606 607 608 723 963 964 965 966 968 969 970 971 972 973 974 975 976 977 978 979 986 1016 1019 1020 1021 1022 1024 1025 1026 1027 1031 1049 1062 1064 1065 1069
592 593 594 595 599 604
772
99 148 149 150 166 167 175 206 209 210 211 892 895 911 912 917 918 919 920 921 925 927
912
18 37 38 240 241 242 243 254 255 256 257 258 592 593 594 595 596 597 598 599 600
99 148 149 166 175 206 210 892 911 912 918 919 920 927
303 321 322 346 447 449 450 451 452 453 454 455 456 457 458 459 460 461 462 464 465 466 467 468 588 589 590 591 592 593 594 595 599 696 697 705 723 724 743 770 986 987 1000 1001 1002 1003 1004 1005 1019 1020 1021 1022 1024 1025 1026 1027 1031 1049 1062 1064 1065 1069
745 746 747 894 895 900 901 903 910
304 305 306 307 393 395 399 400 401 402 403 424 425 426 696 697 701 703 704 706
592 594 597
546 547 549 551 552 708 709 712
695 696 697 701 704 706
303 320 323 346 469 470 471 472 473 474 475 476 477 478 481 482 483 484 485 696 697 705 714 718 720 721 993 994 995
711
99 146 147 148 152 153 164 166 177 178 210 211 212 303 892 895 897 911 912 914 917 921 923 926 927
546 547 551 552
0 6
592 593 594 595 596 597 598 599 601 603 733 734 735 738 739 740 774 775
546 551 552 555 564 708 726 770 792
222 224 304 305 306 313 314 315 316 404 405 406 407 416 417 418
303 346 683 686 687 689 963 964 965 966 968 969 970 971 972 973 974 975 976 977 978 979 992 1016 1019 1020 1021 1022 1024 1025 1026 1027 1031 1049 1062 1065 1069
39 48 54 55 71 72
894 905 906 908 913
140 141 149 153 158 160 163 170 171 313 314 315 892 895 911 914
547 548 549 551 552 711
774 780
303 346 447 449 450 451 452 453 459 460 461 462 464 606 607 608 723 963 964 965 966 968 969 970 971 972 973 974 975 976 977 978 979 986 1016 1019 1020 1021 1022 1024 1025 1026 1027 1031 1049 1062 1064 1065 1069
696 697 703 705
738 739 742 774
91 105
546 547 549 551 554
695 698
303 346 447 449 450 451 452 453 459 460 461 462 464 588 589 723 963 964 965 966 968 969 970 971 972 973 974 975 976 977 978 979 986 1016 1019 1020 1021 1022 1024 1025 1026 1027 1031 1049 1062 1064 1065 1069
48 50 54 55 58 59 60 62 63 64 65 66 67 199 200 201 303 320 343 344 345 346 469 470 471 472 473 474 475 476 477 478 481 482 483 484 485 833 834 835 838 891 892 895 963 964 965 966 967 968 969 970 971 972 973 974 975 976 977 978 979 980 995 996 998 1016 1017 1018 1019 1020 1021 1022 1024 1025 1026 1027 1031 1049 1062 1064 1065 1069
546 547 549 551 552 726 727 730
892 893 915
48 55 68 69 70 71 72 318
173 176 177 178 202 203 204 205 206 207 210 211 212 213 892 895 911 917 921 925
48 55 62 63 64 303 313 314 320 321 322 323 346 376 377 378 469 470 471 472 473 474 475 476 477 478 481 482 483 484 485 486 487 488 696 697 705 714 718 720 721 723 724 833 838 994 995 996 997 998 1019 1020 1021 1022 1024 1025 1026 1027 1031 1049 1062 1064 1065 1066 1069
393 394 395 396 397 398 696 697 699 702 703 706
769
303 344 345 346 683 686 691 963 964 965 966 968 969 970 971 972 973 974 975 976 977 978 979 992 1016 1019 1020 1021 1022 1024 1025 1026 1027 1031 1049 1062 1065 1069
696 697 705 781
18 32 270 272 622 623 625 626
156
769
701 841 845 847 850 853
331 546 547 549 551 552 554 555 558 562 646 647 648 649 652 654 656 658 659 660 661 663 664 668 670 672 673 674 676 677 678 681 682 708 712 726 730 733 734 735 736 738 739 740 792 796
774
48 55 62 63 64 303 344 346 376 447 449 450 451 452 453 459 460 461 462 463 464 606 607 608 723 963 964 965 966 968 969 970 971 972 973 974 975 976 977 978 979 986 1016 1019 1020 1021 1022 1024 1025 1026 1027 1031 1049 1062 1064 1065 1067 1069
93
93
162 163 170 171 183 184 186 313 314 315 317 320 324 328 892 895 911 914 929
70
0 1 2 5 6 9
494 963 964 965 966 968 969 970 971 972 973 974 975 976 977 978 979 1016 1017 1018 1019 1020 1021 1022 1023 1025 1026 1027 1031 1049 1062 1064 1065 1069
99 148 149 151 153 166 167 169 175 204 206 207 210 211 887 892 895 896 897 902 911 918 919 920 925 927
546 547 548 549 551 552 708 709 710 712
695 700
592 600
64
745 746 747 894 895 900 901 903 910
14
48 55 62 63 64 303 320 344 346 469 470 471 472 473 474 475 476 477 478 481 482 483 484 485 833 838 964 965 969 970 971 972 973 974 994 995 996 998 1016 1019 1020 1021 1022 1024 1025 1026 1027 1031 1049 1062 1064 1065 1069
0 5 7 9 10 16
48 54 55 58 59 60 65 66 67 68 69 70 77 78 80 81 82 83 309 310 311 312 313 314 315 316 320 321 322 323 361 363 365 368 369 504 505 507 694 696 697 699 701 704 706 714 720 721 722 827 828 856 857 858 860 861 862 866 867 868 869 870 871 932 933 934 935 936 939 941 942
897
99 148 149 150 153 166 175 206 210 892 911 912 918 919 920 925 927
222 224 304 305 306 313 314 315 316 404 405 406 407 416 417 418
228 229 230 274 275 276 277 278 279 892 895 912 913 917 918 919 920 921 925
547 548 552 729
546 547 548 551 552 726 728 730
331 592 593 594 595 599 602 733 735 765
701 715 718 1059 1067
18 20 21 240 241 264 265 266 267 268
18 24 25 239 240 244 246 247 249 250 251 252 253 287 288 546 547 548 549 550 551 552 555 557 558 561 562 563 564 565 566 567 568 569 570 571 576 577 578 579 580 582 583 584 585 586 708 711 712 713 726 729 730 731 733 734 735 736 738 739 740 774 775 792 793 794 795 796 798 799 800 801
546 548 552 555 559
176 178
84 85 86 87 116 117 118 119 745 892 894 895 900 901 903 910 917 919 920 921 925
695 698
139 188 189 190 192 197 202 204 205 206 210 211 215 892 914
830 832 836 872 874 875 892 911 912
331 592 593 594 595 596 597 598 599 602 603 733 734 735 738 739 740
303 320 321 322 346 447 449 450 451 452 453 454 455 456 457 458 459 460 461 462 464 465 466 467 468 618 619 620 621 622 623 696 697 705 723 724 743 770 985 986 987 1000 1001 1002 1003 1004 1019 1020 1021 1022 1024 1025 1026 1027 1031 1049 1062 1064 1065 1069
18 20 21 24 25 239 240 241 244 246 247 249 250 251 252 253 264 265 266 267 268 287 288 546 547 548 549 550 551 552 555 563 564 565 566 567 568 569 570 571 578 579 580 582 708 713 726 731 792 793 794 798 799 801 890
355 357 358
355 357 358
355 357
0 3 6
547 549 551 711
86 96 112 187 920
774 778
70
88 98 699 918
769
696 697 704 706
546 549 551 555 557 558
304 305 306 307 393 394 395 401 402 403 424 425 426 696 697 702 703 706
121
116
0 3 7 8 10 16
48 55 68 69 70 71 72 318
48 55 58 59 60 1029 1031
892 893 915
105 106 107 108 109 110 111
18 27 239 240 241 243 288 293 296 298 303 346 447 449 450 457 460 465 466 467 468 546 547 548 549 551 552 554 555 563 606 618 633 635 636 637 638 639 640 641 642 643 645 646 647 648 649 650 652 654 656 658 659 660 661 662 663 664 668 670 671 672 673 674 681 696 697 705 708 713 726 731 732 743 744 770 792 794 799 801 1003 1005
895 897 902
222 224 304 305 306 313 314 315 316 404 405 406 407 416 417 418 437 438 439 440 441 442 443 444 445 446
85 86 87 89 696 697 699 705 745 892 894 895 897 900 901 903 910 917 919 920 921 925
324 831 838 874 875 892 894 906 909 911 912 913
546 551 552 555 564 577 617 708 726 733 735 736 767 792
303 324 831 838 874 875 892 894 904 906 909 911 912 913
120
664 667 670
324 831 838 874 875 892 894 906 909 911 912 913
329
889 1007
546 547 550 551 552
696 697 705 781
222 224 304 305 306 313 314 315 316 404 405 406 407 416 417 418
892 893 915
304 305 306
447 452 453 454 455 456 457 458 465 466 468 606 618 633
327
135
592 593 596 598 599 600
592 593 594 595 596 597 598 599 601 603 733 734 735 738 739 740 774 775
173 176 177 178 202 203 204 205 206 207 210 211 212 892 895 911 917 921 925
738 739 740 742 774 780
172 176 188 190 191 195 196 197 198 202 203 204 205 206 207 210 211 212 213
745 746 747 894 900 901 903 910
304 305 306
18 37 240 241 243 254 256 257 303 346 447 449 450 456 460 465 466 467 468 589 590 591 592 593 594 595 596 597 598 599 606 618 633 696 697 705 743 744 770 1001 1005
546 551 552 555 646 650 708 726 792
304 305 306 307 393 395 399 400 401 402 403 424 425 426 696 697 701 703 704 705 706
48 55 58 59 60 65 66 67 68 69 70 77 78 79 80 313 320 321 322 323 361 365 696 697 699 701 704 706 714 715 719 720 721 856 857 858 860 861 862 863 864 865 866 867 868 869 870 871 932 933 934 935 936 939 941 942
48 50 54 55 58 59 60 65 66 67 199 200 201 225 227 228 231 234 303 313 314 315 316 320 321 322 324 332 347 348 349 350 352 353 355 356 359 360 361 363 365 366 367 368 369 370 371 372 373 374 375 379 380 381 382 383 384 385 389 390 391 489 490 501 502 503 504 505 506 507 509 510 511 512 513 514 515 516 517 694 696 697 699 701 705 722 745 746 747 750 759 772 827 828 829 831 833 834 835 838 856 857 859 861 862 866 867 868 872 873 874 875 886 890 891 892 895 900 904 906 909 911 912 913 916 932 933 934 935 936 939 941 942 963 964 965 966 968 969 970 971 972 973 974 975 976 977 978 979 1007 1008 1009 1010 1011 1013 1014 1015 1016 1017 1018 1019 1020 1021 1022 1023 1025 1026 1027 1031 1049 1062 1064 1065 1069
386 387 388 496
701 841 845 847 850 853
546 547 549 550 551
745 746 747 894 900 901 903 910
745 746 747 894 895 900 901 903 910
547 548 552 711
773 774 775 776
48 55 56 57 71 73
361 362 363 364 365 369 892 911 943 944 945 946 947 948 949 950 951 952 953 954 955 956 957 958
771
145 153 165 166 167 173 202 203 204 205 206 209 210 211 303 892 895 901 910 911 914 917 918 919 920 921 927
84 85 86 87 88 90 98 699 745 894 895 900 901 903 910 917 918 919 920 921
39 40 41 42 46 47 48 54 55 65 66 67 68 69 70 71 72 140 141 158 160 163 170 171 313 314 315 319 328 892 895 911 914
449 450 723 888 963 964 965 966 968 969 970 971 972 973 974 975 976 977 978 979 986 1016 1017 1018 1019 1020 1021 1022 1024 1025 1026 1027 1031 1049 1062 1064 1065 1069
304 305 306
670
130
592 593 594 595 596 597 598 599 601 733 735
48 55 62 63 64 303 346 447 449 450 460 461 462 606
772
959 961
769
99 140 142 145 146 147 148 149 151 152 153 158 160 163 164 165 166 167 169 170 171 173 175 177 178 202 203 204 205 206 207 208 210 211 212 213 313 314 315 887 892 893 895 896 897 901 902 910 911 912 914 915 917 918 919 920 921 922 923 925 926 927
129
546 549 551 552
330
48 55 62 63 64 303 344 346 469 470 471 472 473 474 475 476 477 478 481 482 483 484 485 833 838 963 964 965 966 968 969 970 971 972 973 974 975 976 977 978 979 995 996 998 1016 1019 1020 1021 1022 1024 1025 1026 1027 1031 1049 1062 1064 1065 1069
771
518 524 526 532 539 540 541 542 543 544 546 551 552 554 555 646 647 648 649 652 654 656 658 659 663 664 670 671 673 708 726 733 734 735 738 739 740 792 981 982 983
99 140 141 142 145 146 147 148 153 157 158 160 163 164 165 166 170 171 173 177 178 202 203 204 205 206 210 211 212 303 313 314 315 328 892 895 897 901 910 911 912 914 917 921 923 926 927
546 550
547 549 551 711
684 685 686 688 690 692
103
313 320 321 322 932 933 934 941 942
304 305 306 428 429
546 547 548 549 551 552 554 555 564 566 567 568 569 570 571 572 573 574 575 578 580 582 708 726 792 794 799 879 880 881
48 52 54 55 58 59 60
622 770
147 153 154 892 895 897 911 917 921 923 927
172 176 188 190 191 195 196 197 198 202 203 204 205 206 207 210 211 212 213
99 148 149 154 166 175 206 210 892 911 918 919 920 927
99 140 141 142 145 146 147 148 149 151 152 153 158 160 163 164 165 166 167 169 170 171 173 175 177 178 202 203 204 205 206 207 208 210 211 212 303 313 314 315 887 892 893 895 896 897 901 902 910 911 912 914 915 917 918 919 920 921 922 923 925 926 927
894 896 905 906 907 908 913
905 906
738 739 740 742 774 780
173 176 177 178 202 203 204 205 206 207 210 211 212 213 892 895 911 917 921
745 749 894 895 900 901 903 910 913
592 593 596 599
99 148 149 151 154 166 167 169 175 204 206 207 210 211 887 892 895 896 897 902 911 918 919 920 925 927

546 547 549 551 552 708 709 712
894 896 905 906 907 908 913
664 667 670
173 176 177 178 202 203 204 205 206 207 208 210 211 212 213 892 895 911 917 921 925
303 313 314 320 321 322 346 377 447 449 450 451 452 453 454 455 456 457 458 459 460 461 462 464 465 466 467 468 618 619 620 621 622 623 696 697 705 723 724 743 770 985 986 987 1000 1001 1002 1003 1004 1019 1020 1021 1022 1024 1025 1026 1027 1031 1049 1062 1064 1065 1069
99 148 149 153 166 175 206 210 892 911 918 919 920 927
892 893 915
304 305 306 404 405 406 407
546 547 549 550 551
774 780
84 85 86 87 116 117 118 119 745 892 894 895 900 901 903 910 917 919 920 921 925
48 54 55 73
905 906 907 908 913
713
304 305 306 307 393 395 401 402 403 424 425 426 696 697 703 706
695 696 697 701 706 707
895 898 899 912 917 920 921 928
503 889 963 964 965 966 968 969 970 971 972 973 974 975 976 977 978 979 1007 1016 1017 1018 1019 1020 1021 1022 1023 1025 1026 1027 1031 1049 1062 1064 1065 1069
135
701 840 845 846 851 854
48 55 62 63 64 303 344 346 683 686 687 689 963 964 965 966 968 969 970 971 972 973 974 975 976 977 978 979 992 1016 1019 1020 1021 1022 1024 1025 1026 1027 1031 1049 1062 1065 1069
140 141 145 150 154 158 160 163 165 166 170 171 173 175 202 203 204 205 206 303 313 314 315 892 895 901 910 911 914 917 918 919 920 921 925 927
745 746 747 894 895 900 901 903 910
774 777
910
304 305 306 307 393 395 402 403 424 425 426 696 697 703 706
348 350 351 772 892 911
303 320 321 322 323 346 469 470 471 472 473 474 475 476 477 478 481 482 483 484 485 487 488 696 697 705 714 718 720 721 723 724 833 838 994 995 996 997 998 1019 1020 1021 1022 1024 1025 1026 1027 1031 1049 1062 1064 1065 1069
192 197 215 892
328
592 593 594 596 598 599 600
773 774 775 776
738 740 774
303 321 322 346 447 449 450 451 452 453 454 455 456 457 458 459 460 461 462 464 465 466 467 468 546 551 552 554 555 633 634 635 636 637 638 639 640 641 642 643 645 646 647 648 649 650 652 654 656 658 696 697 705 708 723 724 726 743 770 792 986 987 1000 1001 1002 1003 1004 1005 1019 1020 1021 1022 1024 1025 1026 1027 1031 1049 1062 1064 1065 1069
48 55 56 57 71 73
48 55 62 63 64 303 344 346 447 449 450 452 453 459 460 606 618 633 969 974
733 737
959 962

0 7
774 777
696 697 701 705
304 305 306 307 393 395 399 400 401 402 403 424 425 426 696 697 701 703 704 705 706
696 697 701 706
304 305 306 428 429
304 305 306 428 429
303 888 963 964 965 966 968 969 970 971 972 973 974 975 976 977 978 979 989 990 1016 1017 1018 1019 1020 1021 1022 1024 1025 1026 1027 1031 1049 1062 1064 1065 1069
303 346 447 449 450 451 452 453 459 460 461 462 464 723 963 964 965 966 968 969 970 971 972 973 974 975 976 977 978 979 986 1016 1019 1020 1021 1022 1024 1025 1026 1027 1031 1049 1062 1064 1065 1069
695 698
18 20 240 241 264 266 267
303 344 346 469 475 481 482 483 484 485 833 838 963 964 965 966 968 969 970 971 972 973 974 975 976 977 978 979 995 996 998 1016 1019 1020 1021 1022 1024 1025 1026 1027 1031 1049 1062 1064 1065 1069
222 224 313 314 315 316 405 416 417 418
733 734 735 736 738 739 774
546 551 552 555 646 676 682 708 726 733 736 763 792
303 989 990 1019 1020 1021 1022 1024 1025 1026 1027 1031 1049 1062 1064 1065 1069
303 320 346 469 470 472 473 474 475 476 478 481 482 483 484 969 973 993 994 995
894 905 906 908 913
303 320 344 346 376 447 449 450 452 453 459 460 461 462 463 464 723 964 965 969 970 971 972 973 974 985 986 1016 1019 1020 1021 1022 1024 1025 1026 1027 1031 1049 1062 1064 1065 1067 1069
355 359
892 893 915
546 551 552 555 646 708 726 770 792
48 50 54 55 58 59 60 65 66 67 199 200 201 225 227 228 231 234 303 313 314 315 316 320 321 322 324 332 347 348 349 350 352 353 355 356 359 360 361 363 365 366 367 368 369 370 371 372 373 374 375 379 380 381 382 383 384 385 389 390 391 489 490 499 500 504 505 506 507 509 510 511 512 513 514 515 516 517 694 696 697 701 705 722 745 746 747 750 759 772 827 828 829 831 833 834 835 838 856 857 859 861 862 866 867 868 872 873 874 875 886 890 891 892 895 900 904 906 909 911 912 913 916 932 933 934 935 936 939 941 942 963 964 965 966 968 969 970 971 972 973 974 975 976 977 978 979 1007 1008 1009 1010 1012 1013 1015 1016 1017 1018 1019 1020 1021 1022 1023 1024 1025 1026 1027 1031 1049 1062 1064 1065 1069
48 55 65 66 67 303 313 314 320 321 322 323 346 377 378 469 470 471 472 473 474 475 476 477 478 481 482 483 484 485 487 488 694 696 697 705 714 718 720 721 723 724 833 838 994 995 996 997 998 1019 1020 1021 1022 1024 1025 1026 1027 1031 1049 1062 1064 1065 1069
18 37 240 241 243 254 256 257 456 465 466 467 468 589 590 591 592 593 594 595 596 597 598 599 696 697 705 743 744 770 1001 1005
70
592 600
99 145 146 147 148 149 150 151 153 154 164 165 166 167 169 173 175 177 178 202 203 204 205 206 207 210 211 212 303 887 892 895 896 897 901 902 910 911 912 914 917 918 919 920 921 923 925 926 927
889 1007 1008
313 314 315 320 321 322 324 326 327 390 392 696 697 701 706 802 803 804 805 806 930 931 932 933 934 941 942
889 1007
745 753 754 755 756 757 894 900
303 346 447 449 450 451 452 453 459 460 461 462 464 618 619 620 723 963 964 965 966 968 969 970 971 972 973 974 975 976 977 978 979 986 1016 1019 1020 1021 1022 1024 1025 1026 1027 1031 1049 1062 1064 1065 1069
592 770
304 305 306 428 429
48 50 54 55 58 59 60 65 66 67 216 217 218 313 314 315 320 354 503 528 529 532 889 963 964 965 966 968 969 970 971 972 973 974 975 976 977 978 979 1006 1007 1016 1017 1018 1019 1020 1021 1022 1023 1025 1026 1027 1028 1029 1031 1048 1049 1062 1064 1065 1069
892 893 915
592 593 595 596 598 599 600
331 592 593 594 595 596 597 598 599 601 602 603 733 734 735 738 739 740 774 775
48 55 65 66 67 427 430 694 696 697 702 703 705 781 782 785 786 787 788 789 790
48 55 62 63 64 343 447 449
188 190 192 193 197 215 280 283 284 285 286 892 913
304 305 306
546 548 552
304 305 306 404 405 406 407
48 50 54 55 58 59 60 65 66 67 216 217 218 303 313 314 315 320 321 322 346 354 377 447 448 450 452 453 454 455 456 457 458 459 460 461 462 464 465 466 467 468 546 549 551 552 554 555 557 561 564 576 589 590 591 592 593 594 595 599 606 608 609 616 618 620 621 622 623 633 635 636 637 638 639 640 641 642 643 645 646 647 648 649 650 652 654 656 658 663 664 670 696 697 705 708 711 723 724 726 729 732 733 734 735 736 738 739 740 743 770 774 775 792 795 800 988 989 990 991 1000 1001 1002 1003 1004 1005 1019 1020 1021 1022 1024 1025 1026 1027 1028 1029 1031 1048 1049 1062 1064 1065 1069
303 344 345 346 469 470 471 472 473 474 475 476 477 478 479 480 481 482 483 484 485 833 838 963 964 965 966 968 969 970 971 972 973 974 975 976 977 978 979 996 998 999 1016 1019 1020 1021 1022 1024 1025 1026 1027 1031 1049 1062 1064 1065 1069
304 305 306 307 393 395 402 403 424 425 426 696 697 703 706
355 357 358
100 103 104 546 551 552 555 564 576 578 583 585 587 708 726 733 736 761 792
320 354 1051 1062 1063 1064 1068 1069
304 305 306 404 405 406 407
770
48 55 68 69 70 71 72 318
303 346 447 449 450 451 452 453 459 460 461 462 464 633 634 635 723 963 964 965 966 968 969 970 971 972 973 974 975 976 977 978 979 986 1016 1019 1020 1021 1022 1024 1025 1026 1027 1031 1049 1062 1064 1065 1069
963 964 965 966 968 969 970 971 972 973 974 975 976 977 978 979 992 1016 1017 1018 1019 1020 1021 1022 1024 1025 1026 1027 1031 1049 1062 1065 1069
303 320 323 346 469 470 471 472 473 474 475 476 477 478 481 482 483 484 696 697 705 714 718 720 721 993 994 995
769
745 748 749 751 754 755 756 757 894 896 900 901 910
701 715 718 1059 1066
303 346 469 470 471 472 473 474 475 476 477 478 481 482 483 484 485 833 838 963 964 965 966 968 969 970 971 972 973 974 975 976 977 978 979 995 996 998 1016 1019 1020 1021 1022 1024 1025 1026 1027 1031 1049 1062 1064 1065 1069
222 224 304 305 306 313 314 315 316 404 405 406 407 416 417 418 437 439 440 441 442 443 444 446
48 55 62 63 64 303 344 346 447 449 450 451 452 453 459 460 461 462 464 606 607 608 723 963 964 965 966 968 969 970 971 972 973 974 975 976 977 978 979 986 1016 1019 1020 1021 1022 1024 1025 1026 1027 1031 1049 1062 1064 1065 1069
18 19 22 23 26 30 31 33 36 48 55 65 66 67 240 269 271 273 303 313 316 320 346 447 449 450 458 460 465 466 467 468 606 618 620 621 622 623 627 628 629 630 631 632 633 694 696 697 705 743 744 770 1004
303 346 447 449 450 451 452 453 459 460 461 462 464 606 607 608 723 963 964 965 966 968 969 970 971 972 973 974 975 976 977 978 979 986 1016 1019 1020 1021 1022 1024 1025 1026 1027 1031 1049 1062 1064 1065 1069
499 500 889 963 964 965 966 968 969 970 971 972 973 974 975 976 977 978 979 1007 1016 1017 1018 1019 1020 1021 1022 1023 1024 1025 1026 1027 1031 1049 1062 1064 1065 1069
524 532 537 540 541 542 543 544 622 623 627 733 734 735 738 739 740 981 982 983
303 320 346 469 470 472 473 474 475 476 478 481 482 483 484 969 973 993 994 995
481 482 483 484 485 833 838 963 964 965 966 968 969 970 971 972 973 974 975 976 977 978 979 995 996 998 1016 1017 1018 1019 1020 1021 1022 1024 1025 1026 1027 1031 1049 1062 1064 1065 1069
303 346 447 449 450 451 452 453 459 460 461 462 464 633 634 635 723 963 964 965 966 968 969 970 971 972 973 974 975 976 977 978 979 986 1016 1019 1020 1021 1022 1024 1025 1026 1027 1031 1049 1062 1064 1065 1069
48 50 54 55 58 59 60 62 63 64 65 66 67 216 217 218 313 314 315 320 343 354 683 963 964 965 966 968 969 970 971 972 973 974 975 976 977 978 979 992 1016 1017 1018 1019 1020 1021 1022 1024 1025 1026 1027 1028 1029 1031 1048 1049 1062 1065 1069
320 323 469 470 471 472 473 474 475 476 477 478 479 480 481 483 484 696 697 705 714 718 720 721
48 55 62 63 64 303 344 346 469 470 471 472 473 474 475 476 477 478 479 480 481 482 483 484 485 833 838 963 964 965 966 968 969 970 971 972 973 974 975 976 977 978 979 996 998 999 1016 1019 1020 1021 1022 1024 1025 1026 1027 1031 1049 1062 1064 1065 1069
303 320 988 989 990 1019 1020 1021 1022 1024 1025 1026 1027 1031 1049 1062 1064 1065 1069
524 525 532 538 540 541 542 543 544 546 551 552 555 564 570 571 610 614 708 726 733 734 735 738 739 740 774 775 792 981 982 983
496
333 334 335 337 338 339 340 341 342 491 492 493 1020 1021 1022 1023 1025 1026 1027 1031 1049 1062 1064 1065 1069
1032
990
1069
1051 1062 1065 1068 1069
1032
1021 1022 1023
1034 1036 1037 1038 1039 1042 1043 1044 1045 1046 1047

1032
1050
1051 1065
1052 1062 1064 1069
1069
333 334 335 337 338 339 341
1069
1051 1054 1062
1033
333 334 335 337 338 339 341 342
333 340 342
1051 1053 1054 1062
333 334 335 336 337 338 339 341
1060 1066
1034 1035 1036 1040 1041 1042 1043 1044 1045 1046 1047
333 334 335 336 337 338 339 341
333 334 335 337 338 339 341
1033
1060 1066
1059 1060 1061
1034 1035 1036 1040 1041 1042 1043 1044 1045 1046 1047
530 531 1008
1055 1057 1063
1033
1051 1052 1054 1062
1035 1036 1041 1042 1044 1045 1046
333 334 335 337 338 339 341
1055 1056 1058 1063
1032
1052 1062 1065 1069
333 341
1051 1054 1062
1051 1064
333 334 335 337 338 339 341
333 334 335 336 337 338 339 341
1069
1033
1032
333 334 335 337 338 339 341 342
1059 1060 1061

333 334 335 337 338 339 341
1033
437 439 440 441 442 443 444 446
408 414 415
434 435 436
408 410 411 412 415 421
434 435 436
434 435 436
408 411 421
408 410 411 412 413
434
437 438 440 441 442 443 444 445
434 435 436
408 409 414
