0 1 2 3 6 25 26 27 28 29 30 31 32 33 34
89 90 92 102 103 104 297 298 299 300 303 308 309 311 313 315 320 321 324 326 327 328 329 333 334 336
98 99 100
8 38 39 40 41 42 43 46 47 59 60 61 62 63 64 65 66 67 68 69 70 72 73 74 77 78 79 80 83
54 55 56 81 84 85 164 165 166 167 168 169 170 171 172 173 174 175 176 177 178 179 180 181 183 184 185 214 215 216 217 220 221 222 223 224 225 226 227 236 237 238 241 242 243 244 245 247 248 249 250
84 164 165 166 167 168 169 170 174 181 238 239 242 243 245 247
59 64 65 66 67 68 69 70 71 72 73 74 75 77 80
16 17 19 20 21 23
98 101 261 262 264 265 266 271 344 345 346 348 349 352 353 354 355 357 361
102 103 104 297 298 299 303 308 309 310 311 312 313 314 315 316 317 318 319 320 321 322 323 326 327 328 329 330 331 333 371 372 373 374 376 377
15 17 18 19 21 23 24 35 36 37
371 372 373 374 375 376 377
84 88 164 165 166 167 168 169 170 171 174 186 187 238 239 242 243 244 245 246 247
100 137 138
14 16 17 22
59 65 66 67 68 69 70 74 75 77 80
59 62 63 65 66 67 68 69 71 72 75 77 80
102 103 104 297 298 299 303 308 309 310 311 312 313 314 315 316 317 318 319 320 321 326 327 328 329 371 372 373 374 376 377
0 1 2 3 4 5 6 25 26 27 28 29 30 31 32 33 34
98 99 100 274 275 276 277 278 279 297 371 372 373 374 376 377
89 102 103 104 297 299 303 306 307 308 309 310 311 312 313 314 320 321 324 326 327 328 329 371 372 373 374 377 379
65 66 67 68 70 71 72 73 74
100 113 114 115 116 117 118 119 134 135 137 138
57 89 91 102 103 104 297 298 299 302 303 308 309 315 316 317 318 319 323 324 330 331 334 337 371 372 373 374 376 377 378 379
357
89 297 299 303 308 311 313 320 321 324 326 327 328 329
76 98 99 100 262 263 264 265 266 268 269 270 344 345 346 347 348 349 354 355 356
98 99 100 362 366 367 368
15 17 18 19 21 23 24 35 36 37
188 189 190 191 192 193 194 195 196 197 198 199 200 201 202 203 204 205 206 207 208 209 212
255
100 105 107 108 110 112 114 115 117 121 128 129 130 131 132 134 135 136 137 138
98 101 344 348 349
102 103 104 297 299 303 308 309 310 311 312 313 314 315 320 321 326 327 328 329 371 372 373 374 376 377
144 148 151 152 153 154 156
100 106 111 113 114 116 117 135 137 138
98 99 100
144 148 151 152 153 154
371 372 373 374 375 376
60 65 66 67 68 69 70 71 74 75 77 80
54 55 56 81 82 84 85 164 165 166 167 168 169 170 171 172 173 174 175 176 177 178 179 180 181 183 184 185 214 215 216 217 220 221 222 223 224 225 226 227 228 236 237 238 241 242 243 244 245 247 248 249 250
139 140 144 148 151 152 153 154 157
57 89 102 103 104 297 298 299 302 303 308 309 310 311 312 313 314 315 316 317 318 319 320 321 324 326 327 328 329 332 334 336 371 372 373 374 376 377 379
357
54 55 56 81 84 85 164 165 166 167 168 169 170 171 172 173 174 175 176 177 178 179 180 181 183 184 185 214 215 216 217 220 221 224 229 236 238 241 242 243 244 245 247 248 249 250
89 102 103 104 297 299 303 308 309 311 313 320 321 324 326 327 328 329
102 103 104
297 299 303 327 328 329
84 144 145 146 148 149 150 151 152 153 154 156 157 159
57 89 91 102 103 104 297 298 299 301 302 303 308 309 310 311 312 313 314 315 316 317 318 319 320 321 322 323 324 326 327 328 329 330 331 333 334 337 371 372 373 374 376 377 378 379
8 9 38 39 41 42 43 45 46 59 60 61 62 63 64 66 67 68 69 70 72 73 74 77 78 79 80 83
100 137 138 139 141 144 148 152 153 155 158
54 55 56 84 85 164 165 166 167 168 169 170 171 172 173 174 175 176 177 178 179 180 181 183 184 185 214 215 216 217 223 224 225 236 237 238 241 242 243 244 245 247 248 249 250
96 97 253
98 101 362 363 365 366 367 368 370
98 99 100 272 273 274 275 276 277 278 279 297 371 372 373 374 376 377
7 8 12 13 38 39 40 41 42 43 46 47 48 49 51 52 53 59 60 61 62 63 64 65 66 67 68 69 70 72 73 74 76 77 78 79 80 83
98 101 274 276 277 278 280 283 284 297 371 372 373 374 377 378
371 372 373 374 375 376
188 189 190 191 192 193 194 195 196 197 198 199 200 201 202 203 204 205 206 207 208 212
54 55 56 81 82 84 85 87 164 165 166 167 168 169 170 171 172 173 174 175 176 177 178 179 180 181 183 184 185 214 215 216 217 218 219 220 221 223 224 226 228 236 237 238 241 242 243 244 245 247 248 249 250
102 103 104 297 298 299 303 308 309 311 313 315 320 321 322 323 326 327 328 329 330 331 333 373 374
58 98 99 100 274 275 276 277 278 279 281 282 295 296 297 298 371 372 373 374 376 377 379
100 114 116 117 135 137 138
297 299 303 304 305
98 101 344 346 348 350 351
93 94 95
14 15 16 17 23
14 17 22
58 76 98 99 100 262 263 264 265 266 268 269 270 273 274 275 276 277 278 279 281 282 291 292 293 294 295 296 297 298 371 372 373 374 376 377 379
106 111 113 115 118 119 134
100 107 108 114 116 117 135 137 138
84 139 140 144 145 146 148 149 150 151 152 153 154 156 157 159
100 106 111 113 114 116 117 134 135 137 138
369
61 65 66 67 68 69 70 74 75 77 80
57 89 91 102 103 104 297 299 302 303 308 309 310 311 312 313 314 315 320 321 324 325 326 327 328 329 335 337 338 339 340 341 342 343 371 372 373 374 376 377 379
54 55 56 81 84 85 86 164 165 166 167 168 169 170 171 172 173 174 175 176 177 178 179 180 181 183 184 185 213 214 215 216 217 220 221 222 224 225 226 227 229 230 231 232 233 234 235 236 238 241 242 243 244 245 247 248 249 250
144 147 148
371 372 373 374 375 376
58 98 99 100 274 275 276 277 278 279 282 285 286 287 288 289 290 296 297 298 371 372 373 374 376 377 379
54 55 84 164 165 166 167 168 169 170 172 173 174 175 176 177 178 179 180 183 184 185 238 239 240 242 243 244 245 247
8 9 38 39 40 41 42 43 45 46 47 59 60 61 62 63 64 65 66 67 68 69 70 72 73 74 77 78 79 80 83
102 103 104 297 298 299 303 308 309 311 313 315 320 321 326 327 328 329
189 190 192 193 194 195 200 201 202 203 204 205 206 210 211
54 55 56 84 88 164 165 166 167 168 169 170 174 175 176 177 178 179 180 181 187 238 239 242 243 244 245 246 247
0 2 3 6 25 26 27 28 29 30 31 32 33 34
100 110 113 114 116 120 122 123 124 125 126 127 135 137 138
98 99 100 344 345 347 348 349
159
102 103 104 297 298 299 303 308 309 311 313 315 320 321 322 323 326 327 328 329 330 331 333 373 374
54 55 56 81 84 85 86 164 165 166 167 168 169 170 171 172 173 174 175 176 177 178 179 180 181 183 184 185 188 189 190 191 192 193 194 195 196 197 198 199 200 202 203 204 205 206 207 208 210 214 215 216 217 220 221 224 227 229 230 232 233 236 238 241 242 243 244 245 247 248 249 250
98 99 100 362 366 367 368
54 55 56 84 164 165 166 167 168 169 170 174 175 176 177 178 179 181 182 183 184 185 238 239 240 242 243 244 245 247
371 372 373 374 375 376 377 378
98 101 344 345 346 348 349 352 353
76 98 99 100 262 263 264 265 266 267 268 269 270 344 348 354 355 356
76 96 97 251 252 253 254 258 259 260 262 263 264 265 266 268 269 270 362 363 364
15 17 18 19 21 23 24 35 36 37
57 89 91 102 103 104 297 299 302 303 308 309 310 311 312 313 314 315 320 321 324 326 327 328 329 334 337 371 372 373 374 376 377 379
98 101 261 262 264 265 266 271 344 346 348 354 355 357 361
102 103 104 297 298 299 303 308 309 310 311 312 313 314 315 316 317 318 319 320 321 326 327 328 329 371 372 373 374 376 377

354 358 359 360
59 66 67 68 69 77
7 8 12 13 38 39 40 41 42 43 46 47 48 49 50 59 60 61 62 63 64 65 66 67 68 69 70 72 73 74 77 78 79 80 83
54 55 56 81 82 84 85 164 165 166 167 168 169 170 171 172 173 174 175 176 177 178 179 180 181 183 184 185 214 215 216 217 220 221 222 223 224 225 226 227 228 236 237 238 241 242 243 244 245 247 248 249 250
354 357 361
100 114 116 117 135 137 138
98 101 274 275 276 277 278 279 297 298 371 372 373 374 376 377
58 76 98 99 100 262 263 264 265 266 268 269 270 273 274 275 276 277 278 279 281 282 291 292 293 294 295 296 297 298 371 372 373 374 376 377 379
106 109 111 113 134
102 103 104
7 8 9 10 11 12 13 38 39 40 41 42 43 45 46 59 60 61 62 63 64 66 67 68 69 70 72 73 74 77 78 79 80 83
143 147 148
54 55 56 81 82 84 85 164 165 166 167 168 169 170 171 172 173 174 175 176 177 178 179 180 181 183 184 185 214 215 216 217 220 221 222 223 224 225 226 227 228 236 237 238 241 242 243 244 245 247 248 249 250
164 165 167 168 170 171 181 183 186 238 239 242 243 245 247
84 144 145 146 148 151 152 153 154 156 159
102 103 104 297 299 303 306 308 309 310 311 312 313 314 320 321 326 327 328 329 371 372 373 374 377
0 1 2 3 4 25 26 27 28 29 30 31 32 34
106 111 113 134
98 101 274 275 276 277 278 279 280 283 284 297 371 372 373 374 376 377 378
143 144 146 148 152 159 162 163
93 94 95 96
84 145
144 146 148 151 152 153 154
142 144 148 151 152 153 154 157 160 161


139 140 144 147 148 151 152 153 154
89 91 102 103 104 297 298 299 301 303 308 309 311 313 315 320 321 324 326 327 328 329 334 337
96 97 251 252 253 254 256 257 362 363 365 370
100 110 113 114 115 116 117 121 122 123 124 125 126 127 128 129 130 131 132 133 134 135 136 137 138
96 97 253 254 365 366
8 9 38 39 40 41 42 43 45 46 59 60 61 62 63 64 66 67 68 69 70 72 73 74 77 78 79 80 83
102 103 104 297 298 299 303 308 309 311 313 315 320 321 322 323 326 327 328 329 330 333 373 374
100 137 138 142 144 148 152 153 155 158 160 161
86 233 234
8 38 39 40 41 42 43 44 46 47 59 60 61 62 63 64 65 66 67 68 69 70 72 73 74 77 78 79 80 83
96 97 251 252 253 254 362 363 364 365 366
98 99 100 362 363 364 366 367 368
