34 35 38 39 40 41 46 49 55 56 57 61 62 63 64 66 67 70 71 72 75 76 83 86 87 88 89 90 91 92 108 110 115 116 117 119 159 160 242 243 247 334 335 337 341 342
257 258 259
0 1 6 12 16 34 35 36 38 39 40 41 46 47 50 51 55 56 57 58 62 66 67 70 71 72 74 76 86 90 91 92 94 95 96 97 103 104 105 106 107 108 109 110 111 114 115 116 117 119 120 159 160 161 162 164 165 167 168 169 172 173 175 178 182 183 185 187 188 190 195 197 208 216 217 221 222 223 226 230 231 232 233 234 236 242 243 246 247 248 252 253 254 256 257 258 260 263 264 318 319 323 324 328 329 330 332 334 335 336 337 338 343 344 345 346 350
23 24 26 27 28 29 30 31 34 35 38 39 40 41 46 47 55 56 90 91 92 108 115 116 117 119 159 160 242 243 247 254 267 268 271 334 335 337
34 35 38 39 40 41 46 47 55 56 90 91 92 108 115 116 117 119 159 160 242 243 247 250 252 254 334 335 337
34 35 49 242 243 248 337
1 34 35 36 38 39 40 41 46 47 55 56 57 62 67 70 71 72 76 86 90 91 92 108 109 110 115 116 117 119 159 160 233 234 236 238 242 243 244 246 247 248 254 256 267 268 334 335 337
57 61 62 67 70 71 72 74 86 90 91 92 110 114 119 159 160 334 335 337
66 67 69 334
0 1 2 5 6 12 13 14 15 16 17 18 19 20 21 22 34 35 37 38 39 40 41 43 45 46 50 51 52 54 55 56 57 58 62 66 67 70 71 72 74 75 76 86 90 91 92 93 94 95 96 97 98 99 100 101 103 104 105 107 108 109 110 114 115 116 117 119 120 121 138 140 141 145 146 150 151 158 159 160 242 243 247 252 254 257 258 260 272 273 274 285 290 294 317 332 333 334 335 336 337 338 339 341 342
57 58 62 66 67 70 71 72 74 86 91 92 93 94 95 96 97 98 99 100 101 103 104 105 107 108 109 110 114 119 120 121 138 140 141 142 143 145 150 151 158 159 160 252 272 273 274 285 290 317 333 334 335 336 337 338 339
66 67 274 290 301 334 335
34 35 38 39 40 41 45 46 48 49 55 56 90 91 92 108 115 116 117 119 159 160 242 243 247 252 254 334 335 337
57 59 60 61 66 67 70 71 72 74 86 90 91 92 110 114 119 159 160 334 335 337
34 35 38 39 40 41 46 49 55 56 57 58 62 66 67 70 71 72 74 76 86 90 91 92 93 94 95 96 97 98 99 100 101 103 104 105 107 108 109 110 114 115 116 117 119 120 121 138 140 141 145 146 150 151 158 159 160 242 243 247 248 252 254 272 273 274 285 290 299 317 318 319 323 326 333 334 335 336 337 338 339
34 35 36 38 39 40 41 46 47 50 51 55 56 90 91 92 108 115 116 117 119 159 160 233 234 236 238 242 243 246 247 248 252 254 257 258 260 334 335 337
57 61 66 67 70 71 86 90 91 92 110 159 334 335 336 337
1 34 35 36 38 39 40 41 46 47 55 56 57 62 67 70 71 72 76 86 90 91 92 108 109 110 115 116 117 119 159 160 242 243 244 246 247 252 254 256 267 268 334 335 337
57 58 62 66 67 70 71 72 74 86 91 92 93 94 95 96 97 98 99 100 101 102 103 104 105 107 108 109 110 114 119 120 121 138 140 141 145 146 150 151 152 158 159 160 252 272 273 274 285 290 317 333 334 335 336 337 338 339
66 67 274 290 312 334 335
34 35 37 38 39 40 41 43 46 49 54 55 56 57 58 62 66 67 70 71 72 74 76 86 90 91 92 93 94 95 96 97 98 99 100 101 103 104 105 107 108 109 110 114 115 116 117 119 120 121 122 123 124 128 130 134 137 138 140 141 145 146 150 151 156 158 159 160 242 243 247 252 254 272 273 274 285 290 307 308 317 333 334 335 336 337 338 339
257 258 259
209 210 211 212 213 335
0 1 6 12 16 34 35 38 39 40 41 46 47 50 51 55 56 57 58 62 66 67 70 71 72 74 76 81 86 90 91 92 94 95 96 97 103 104 105 106 107 108 109 110 111 114 115 116 117 119 120 159 160 161 162 164 165 167 168 169 172 173 175 178 182 183 185 187 188 190 195 197 207 208 216 217 221 222 223 226 230 231 232 242 243 247 248 252 253 254 256 257 258 260 263 318 319 323 324 328 329 330 332 334 335 336 337 338
34 35 38 39 40 41 46 47 55 56 57 62 67 70 71 72 76 86 90 91 92 108 109 110 115 116 117 119 159 160 242 243 247 248 252 253 254 267 268 334 335 337 343 344 345 346 347 348 349
257 258 265
175 335
0 1 2 5 6 8 11 12 13 14 15 16 17 18 19 20 21 22 34 35 38 39 40 41 45 46 50 51 52 55 56 57 62 67 70 71 72 74 75 76 86 90 91 92 95 97 108 109 110 114 115 116 117 119 159 160 242 243 247 257 258 260 332 334 335 337 341 342
34 35 38 39 40 41 46 47 55 56 57 58 66 67 83 86 90 91 92 108 115 116 117 119 159 160 165 173 177 178 197 208 242 243 247 252 253 254 334 335 337 338
34 35 38 39 40 41 43 44 45 46 47 49 55 56 90 91 92 108 115 116 117 119 159 160 242 243 247 252 254 334 335 337
0 1 6 12 16 34 35 36 37 38 39 40 41 43 46 47 54 55 56 57 58 62 66 67 70 71 72 74 76 81 86 90 91 92 93 94 95 96 97 98 99 100 101 103 104 105 106 107 108 109 110 111 114 115 116 117 119 120 121 138 139 140 141 145 146 150 151 158 159 160 161 162 164 165 167 168 169 173 178 182 183 184 188 189 191 192 193 207 208 216 217 223 226 230 232 233 234 236 239 242 243 246 247 248 252 254 255 267 268 269 270 272 273 274 280 281 285 290 302 313 317 332 333 334 335 336 337 338 339
34 35 38 39 40 41 46 49 55 56 57 58 62 66 67 70 71 72 74 76 86 90 91 92 93 94 95 96 97 98 99 100 101 103 104 105 107 108 109 110 114 115 116 117 119 120 121 138 140 141 145 146 150 151 158 159 160 242 243 247 248 252 254 272 273 274 285 290 300 317 333 334 335 336 337 338 339
57 58 62 66 67 70 71 72 74 86 91 92 93 94 95 96 97 98 99 100 101 103 104 105 107 108 109 110 114 119 120 121 138 140 141 144 145 150 151 158 159 160 252 272 273 274 285 289 290 317 333 334 335 336 337 338 339
34 35 36 37 38 39 40 41 45 46 47 55 56 90 91 92 108 115 116 117 119 159 160 242 243 244 246 247 252 254 267 268 334 335 337
34 35 37 38 39 40 41 43 46 47 54 55 56 57 58 62 66 67 70 71 72 74 76 81 83 84 85 86 90 91 92 93 94 95 96 97 98 99 100 101 103 104 105 106 107 108 109 110 114 115 116 117 119 120 121 138 140 141 145 146 150 151 158 159 160 162 164 165 167 168 169 173 178 184 188 189 191 192 193 200 208 216 217 223 226 230 232 242 243 247 252 254 255 267 268 272 273 274 285 290 313 317 333 334 335 336 337 338 339
34 35 47 66 67 242 243 276 278 282 290 300 334 335 336 337
159 160 161 163 164 335
66 67 70 71 334
34 35 38 39 40 41 46 47 55 56 57 62 67 70 71 72 76 86 90 91 92 108 109 110 115 116 117 119 159 160 242 243 247 248 252 254 267 268 334 335 337 343 344 345 346 347
34 35 38 39 40 41 45 46 50 51 52 55 56 90 91 92 108 115 116 117 119 159 160 242 243 247 254 335 337
159 160 161 163 164 335
34 35 36 37 38 39 40 41 43 45 46 47 49 54 55 56 57 58 62 66 67 70 71 72 74 76 86 90 91 92 93 94 95 96 97 98 99 100 101 103 104 105 107 108 109 110 114 115 116 117 118 119 120 121 122 123 124 128 130 134 137 138 140 141 145 146 150 151 158 159 160 233 234 236 238 242 243 246 247 248 252 254 272 273 274 278 280 281 285 290 297 304 305 307 308 315 317 333 334 335 336 337 338 339
57 58 62 66 67 70 71 72 74 86 91 92 93 94 95 96 97 98 99 100 101 102 103 104 105 107 108 109 110 114 119 120 121 138 140 141 145 146 150 151 152 158 159 160 252 272 273 274 285 290 317 333 334 335 336 337 338 339
66 67 70 334
57 58 62 66 67 70 71 72 74 86 91 92 93 94 95 96 97 98 99 100 101 103 104 105 107 108 109 110 114 119 120 121 138 140 141 142 145 150 151 158 159 160 252 272 273 274 285 290 317 333 334 335 336 337 338 339
159 160 161 163 164 335
1 34 35 36 38 39 40 41 46 47 55 56 57 62 67 70 71 72 76 86 90 91 92 108 109 110 115 116 117 119 159 160 233 234 235 236 239 242 243 244 246 247 248 254 256 268 269 270 334 335 337
34 35 37 38 39 40 41 43 46 47 54 55 56 57 58 62 66 67 70 71 72 74 76 86 90 91 92 93 94 95 96 97 98 99 100 101 103 104 105 107 108 109 110 114 115 116 117 119 120 121 138 140 141 145 146 150 151 158 159 160 242 243 247 248 252 254 268 269 270 272 273 274 285 290 298 317 318 319 323 325 327 333 334 335 336 337 338 339
159 160 162 163 164 335
34 35 47 66 67 242 243 267 268 274 290 301 302 334 335 337
34 35 38 39 40 41 46 47 55 56 57 61 66 67 70 71 72 73 75 76 81 86 90 91 92 95 97 108 110 115 116 117 119 159 160 242 243 247 267 268 334 335 336 337 341 342
34 35 38 39 40 41 46 47 55 56 90 91 92 108 115 116 117 119 159 160 242 243 247 251 252 254 334 335 337
66 67 70 71 72 334
57 58 62 66 67 70 71 72 74 76 81 83 86 91 92 93 94 95 96 97 98 99 100 101 103 104 105 107 108 109 110 114 119 120 121 138 140 141 145 146 150 151 158 159 160 162 164 165 167 168 169 173 178 184 188 189 200 208 247 252 255 267 268 272 273 276 285 290 313 317 333 334 335 336 337 338 339 340
34 35 38 39 40 41 46 49 55 56 57 61 62 64 66 67 70 71 72 75 76 83 86 87 88 89 90 91 92 108 110 115 116 117 119 159 160 242 243 247 334 335 337 341 342
0 1 6 12 16 34 35 37 38 39 40 41 43 46 47 54 55 56 57 58 62 66 67 70 71 72 74 75 76 77 79 81 83 84 85 86 90 91 92 93 94 95 96 97 98 99 100 101 103 104 105 107 108 109 110 114 115 116 117 119 120 121 122 123 124 128 130 134 137 138 140 141 145 146 150 151 158 159 160 162 164 165 167 168 169 173 174 178 182 183 184 188 189 199 208 242 243 247 252 254 267 268 272 273 274 284 285 290 307 308 309 310 311 313 317 332 333 334 335 336 337 338 339 341 342
57 66 67 86 140 147 150 151 158 252 272 274 290 317 333 334 335 337 338
0 1 6 12 16 34 35 37 38 39 40 41 43 46 47 54 55 56 57 58 62 66 67 70 71 72 74 75 76 77 79 81 83 84 85 86 90 91 92 93 94 95 96 97 98 99 100 101 103 104 105 107 108 109 110 114 115 116 117 119 120 121 122 123 124 128 130 134 137 138 140 141 145 146 150 151 158 159 160 162 164 165 167 168 169 173 174 178 182 183 184 188 189 199 208 242 243 247 252 254 267 268 272 273 274 285 290 307 308 309 310 311 313 317 332 333 334 335 336 337 338 339 341 342
57 61 62 66 67 70 71 72 73 86 90 91 92 110 119 159 160 252 272 274 290 317 333 334 335 337 338
1 34 35 36 38 39 40 41 46 47 55 56 57 62 67 70 71 72 76 86 90 91 92 108 109 110 115 116 117 119 159 160 242 243 244 246 247 248 254 256 267 268 334 335 337 343 344 345 348
66 67 274 290 306 334 335
57 61 62 67 70 71 72 74 86 90 91 92 110 114 119 159 160 334 335 337
34 35 38 39 40 41 46 47 55 56 90 91 92 108 115 116 117 119 159 160 242 243 247 251 252 254 334 335 337
34 35 36 38 39 40 41 46 47 55 56 90 91 92 108 115 116 117 119 159 160 233 234 236 239 242 243 246 247 248 254 268 269 270 334 335 337
34 35 37 38 39 40 41 43 46 47 54 55 56 57 58 62 66 67 70 71 72 74 76 86 90 91 92 93 94 95 96 97 98 99 100 101 103 104 105 107 108 109 110 114 115 116 117 119 120 121 138 140 141 145 146 150 151 158 159 160 162 164 165 167 168 169 173 178 184 188 189 201 202 208 242 243 247 252 254 267 268 272 273 282 285 290 313 317 333 334 335 336 337 338 339
1 34 35 36 38 39 40 41 45 46 47 55 56 57 62 67 70 71 72 76 86 90 91 92 108 109 110 115 116 117 119 159 160 242 243 244 246 247 254 256 267 268 334 335 337
34 35 36 38 39 40 41 46 47 50 51 55 56 90 91 92 108 115 116 117 119 159 160 233 234 236 238 242 243 246 247 248 252 254 257 258 260 334 335 337
57 61 66 67 70 71 72 73 86 90 91 92 110 119 159 160 334 335 337
0 1 2 6 7 8 11 12 13 14 16 34 35 38 39 40 41 45 46 47 55 56 57 62 67 70 71 72 74 76 86 90 91 92 95 97 108 109 110 114 115 116 117 119 159 160 242 243 247 267 268 332 334 335 337
57 62 67 70 71 72 74 86 90 91 92 104 105 106 109 110 114 119 159 160 216 217 218 219 220 223 224 226 230 232 247 255 267 268 334 335 337 338
23 24 26 27 28 29 30 32 34 35 38 39 40 41 46 50 51 55 56 90 91 92 108 115 116 117 119 159 160 242 243 247 252 254 257 258 260 262 271 335 337
66 67 274 290 298 334 335 336
0 1 6 12 16 34 35 37 38 39 40 41 43 46 47 54 55 56 57 58 62 66 67 70 71 72 74 75 76 86 90 91 92 93 94 95 96 97 98 99 100 101 103 104 105 107 108 109 110 114 115 116 117 119 120 121 138 140 141 145 146 150 151 158 159 160 162 164 165 167 168 169 173 178 182 183 184 188 189 199 208 242 243 247 252 254 267 268 272 273 278 280 281 285 290 305 313 317 332 333 334 335 336 337 338 339 341 342
66 67 70 71 72 73 334
159 160 161 163 164 335
209 210 212 213 335
1 23 24 26 27 28 29 30 34 35 36 38 39 40 41 46 47 55 56 57 62 67 70 71 72 76 86 90 91 92 108 109 110 115 116 117 119 159 160 242 243 244 246 247 254 256 271 334 335 337
34 35 37 38 39 40 41 43 46 47 54 55 56 57 58 62 66 67 70 71 72 74 75 76 77 80 81 84 85 86 90 91 92 93 94 95 96 97 98 99 100 101 103 104 105 107 108 109 110 114 115 116 117 119 120 121 138 140 141 145 146 150 151 158 159 160 162 164 165 167 168 169 173 178 203 206 207 208 242 243 247 252 254 255 267 268 272 273 274 285 290 313 317 333 334 335 336 337 338 339 341 342
209 210 212 213 335
34 35 38 39 40 41 46 47 55 56 57 61 66 67 69 72 76 86 90 91 92 108 110 115 116 117 119 159 160 242 243 247 267 268 334 335 337
66 67 70 334
34 35 36 37 38 39 40 41 43 46 47 54 55 56 57 58 62 66 67 70 71 72 74 76 86 90 91 92 93 94 95 96 97 98 99 100 101 103 104 105 107 108 109 110 114 115 116 117 119 120 121 122 123 124 128 130 134 137 138 140 141 145 146 150 151 158 159 160 233 234 236 238 242 243 246 247 248 252 254 267 268 272 273 274 285 290 307 308 317 333 334 335 336 337 338 339 343 344 345 346 347 348 349
23 24 26 27 28 29 32 34 35 36 38 39 40 41 45 46 50 51 52 55 56 90 91 92 108 115 116 117 119 159 160 233 234 236 242 243 246 247 248 252 254 256 257 258 260 262 263 271 318 319 324 329 334 335 337
0 1 6 12 16 34 35 38 39 40 41 46 47 55 56 57 58 62 66 67 70 71 72 74 76 86 90 91 92 94 95 96 97 100 101 103 104 105 108 109 110 114 115 116 117 119 120 159 160 162 164 165 167 168 169 173 178 182 183 184 208 242 243 247 252 255 267 268 272 280 281 285 288 290 302 303 313 317 332 333 334 335 336 337 338
66 67 278 290 317 334 335
0 1 2 6 12 13 14 16 34 35 36 37 38 39 40 41 43 46 49 54 55 56 57 58 62 66 67 70 71 72 74 75 76 86 90 91 92 93 94 95 96 97 98 99 100 101 103 104 105 106 107 108 109 110 111 114 115 116 117 119 120 121 138 139 140 141 145 146 150 151 158 159 160 161 162 164 165 167 168 169 173 178 181 184 188 191 208 216 217 223 226 228 229 230 232 233 234 236 238 242 243 246 247 248 252 254 272 273 276 285 290 313 317 332 333 334 335 336 337 338 339 340 341 342
34 35 38 39 40 41 43 46 49 55 56 57 58 62 66 67 70 71 72 74 76 86 90 91 92 93 94 95 96 97 98 99 100 101 103 104 105 107 108 109 110 114 115 116 117 119 120 121 122 123 124 128 130 134 137 138 140 141 145 146 150 151 158 159 160 242 243 247 248 252 254 272 273 274 285 290 300 307 308 317 333 334 335 336 337 338 339
257 258 266
1 23 24 25 26 27 28 29 30 34 35 38 39 40 41 46 47 55 56 57 62 67 70 71 72 76 86 90 91 92 108 109 110 115 116 117 119 159 160 242 243 244 246 247 254 256 271 334 335 337
244
34 35 36 37 38 39 40 41 43 46 47 49 54 55 56 57 58 62 66 67 70 71 72 74 76 86 90 91 92 93 94 95 96 97 98 99 100 101 103 104 105 107 108 109 110 114 115 116 117 119 120 121 138 140 141 145 146 150 151 158 159 160 233 234 236 238 242 243 246 247 248 252 254 267 268 272 273 274 285 290 297 300 302 303 317 333 334 335 336 337 338 339
66 67 173 178 180 334 335
34 35 36 37 38 39 40 41 43 46 47 54 55 56 57 58 62 66 67 70 71 72 73 74 75 76 77 79 81 83 84 85 86 90 91 92 93 94 95 96 97 98 99 100 101 103 104 105 106 107 108 109 110 111 114 115 116 117 119 120 121 122 123 124 128 130 134 136 137 138 139 140 141 145 146 150 151 158 159 160 161 162 164 165 167 168 169 173 178 188 189 191 192 200 208 216 217 223 226 230 232 233 234 236 239 242 243 246 247 248 252 254 255 267 268 269 270 272 273 274 285 290 307 313 317 333 334 335 336 337 338 339 341 342
23 24 26 27 28 29 30 34 35 37 38 39 40 41 43 46 47 54 55 56 57 58 62 66 67 70 71 72 74 75 76 86 90 91 92 93 94 95 96 97 98 99 100 101 103 104 105 106 107 108 109 110 114 115 116 117 119 120 121 122 123 124 128 130 134 137 138 140 141 144 145 150 151 157 158 159 160 162 164 165 167 168 169 173 178 184 191 192 193 199 208 216 217 223 226 230 232 242 243 247 252 254 255 267 268 271 272 273 274 285 290 307 308 309 313 317 333 334 335 336 337 338 339 341 342
34 35 38 39 40 41 43 46 49 50 51 53 55 56 90 91 92 108 115 116 117 119 159 160 242 243 247 252 254 257 258 260 261 335 337
34 35 38 39 40 41 43 46 49 50 51 53 55 56 90 91 92 108 115 116 117 119 159 160 242 243 247 252 254 257 258 260 261 335 337
0 1 6 12 16 34 35 36 37 38 39 40 41 43 46 47 49 54 55 56 57 58 62 66 67 70 71 72 74 76 86 90 91 92 93 94 95 96 97 98 99 100 101 103 104 105 107 108 109 110 114 115 116 117 119 120 121 122 123 124 128 130 134 137 138 140 141 145 146 150 151 158 159 160 233 234 236 238 242 243 244 246 247 248 252 254 256 272 273 274 285 290 307 308 317 332 333 334 335 336 337 338 339
0 1 2 6 7 11 12 13 14 16 34 35 38 39 40 41 46 47 55 56 57 62 67 70 71 72 74 75 76 86 90 91 92 95 97 108 109 110 114 115 116 117 119 159 160 242 243 247 332 334 335 337 341 342
34 35 37 38 39 40 41 43 46 47 54 55 56 57 58 62 66 67 70 71 72 74 76 86 90 91 92 93 94 95 96 97 98 99 100 101 103 104 105 107 108 109 110 114 115 116 117 119 120 121 138 140 141 145 146 150 151 158 159 160 242 243 247 252 254 267 268 272 273 274 285 290 301 302 317 333 334 335 336 337 338 339
0 1 2 5 6 12 13 14 15 16 17 18 19 20 21 22 34 35 37 38 39 40 41 43 45 46 50 51 52 54 55 56 57 58 62 66 67 70 71 72 74 75 76 86 90 91 92 93 94 95 96 97 98 99 100 101 103 104 105 107 108 109 110 114 115 116 117 119 120 121 138 140 141 145 146 150 151 158 159 160 242 243 247 252 254 257 258 260 272 273 274 285 290 294 317 332 333 334 335 336 337 338 339 341 342
34 35 39 46 48 242 243 334 337
57 58 62 66 67 70 71 72 74 76 86 91 92 93 94 95 96 97 98 99 100 101 103 104 105 107 108 109 110 114 119 120 121 122 123 124 128 129 130 134 135 136 137 138 140 141 145 146 150 151 158 159 160 247 252 255 267 268 272 273 282 285 290 307 317 333 334 335 336 337 338 339 340
1 34 35 36 38 39 40 41 46 47 55 56 57 62 67 70 71 72 76 86 90 91 92 108 109 110 115 116 117 119 159 160 242 243 244 246 247 254 256 267 268 334 335 337
34 35 38 39 40 41 45 46 47 55 56 90 91 92 108 115 116 117 119 159 160 242 243 247 254 334 335 337
66 67 70 71 72 334
34 35 38 39 40 41 46 50 51 55 56 57 62 67 70 71 72 76 86 90 91 92 108 109 110 115 116 117 119 159 160 242 243 247 248 254 257 258 260 264 334 335 337 343 344 345 348 350
34 35 38 39 40 41 46 47 50 51 55 56 90 91 92 108 115 116 117 119 159 160 242 243 247 252 254 257 258 260 334 335 337
34 35 38 39 40 41 46 50 51 55 56 57 61 62 67 70 71 72 76 86 90 91 92 108 110 115 116 117 119 159 160 242 243 247 257 258 260 334 335 337
57 58 62 66 67 70 71 72 74 76 86 91 92 93 94 95 96 97 98 99 100 101 103 104 105 107 108 109 110 114 119 120 121 138 140 141 145 146 150 151 158 159 160 162 164 165 167 168 169 173 178 184 188 189 201 202 208 247 252 255 267 268 272 273 282 285 290 297 313 317 333 334 335 336 337 338 339
66 67 274 290 314 334 335
0 1 6 12 16 34 35 37 38 39 40 41 43 46 47 54 55 56 57 58 62 66 67 70 71 72 74 76 86 90 91 92 93 94 95 96 97 98 99 100 101 103 104 105 107 108 109 110 114 115 116 117 119 120 121 138 140 141 145 146 150 151 158 159 160 242 243 247 252 254 272 273 278 280 281 285 290 294 295 296 297 304 305 317 332 333 334 335 336 337 338 339
1 34 35 36 38 39 40 41 45 46 47 55 56 57 62 67 70 71 72 76 86 90 91 92 108 109 110 115 116 117 119 159 160 233 234 235 236 239 242 243 244 246 247 248 254 256 268 269 270 334 335 337
34 35 38 40 45 46 49 55 56 57 58 62 66 67 70 71 72 74 76 86 91 92 93 94 95 96 97 98 99 100 101 103 104 105 107 108 109 110 114 115 117 118 119 120 121 122 123 124 128 130 134 137 138 140 141 145 146 150 151 158 159 160 242 243 247 252 272 273 274 285 290 307 308 315 317 333 334 335 336 337 338 339
209 210 212 213 214 335
159 160 161 163 164 335
23 24 27 28 29 30 34 35 37 38 39 40 41 43 46 47 54 55 56 57 58 62 66 67 70 71 72 74 76 86 90 91 92 93 94 95 96 97 98 99 100 101 103 104 105 106 107 108 109 110 111 114 115 116 117 119 120 121 138 139 140 141 145 146 150 151 158 159 160 161 162 164 165 166 167 168 169 173 178 191 192 193 194 195 208 216 217 223 226 230 232 242 243 247 252 254 255 267 268 271 272 273 274 285 290 313 317 333 334 335 336 337 338 339
34 35 38 40 43 45 46 49 55 56 57 58 62 66 67 70 71 72 74 76 86 91 92 93 94 95 96 97 98 99 100 101 103 104 105 107 108 109 110 114 115 117 118 119 120 121 122 123 124 128 130 134 137 138 140 141 145 146 150 151 158 159 160 242 243 247 252 272 273 274 285 290 307 308 315 317 333 334 335 336 337 338 339
34 35 36 38 39 40 41 46 47 55 56 90 91 92 108 115 116 117 119 159 160 233 234 236 239 242 243 246 247 248 254 268 269 270 334 335 337
209 210 212 213 335
34 35 38 39 40 41 46 47 55 56 57 61 66 67 70 71 72 76 86 90 91 92 108 110 115 116 117 119 159 160 242 243 247 267 268 334 335 337
0 1 2 6 7 11 12 13 14 16 34 35 38 39 40 41 45 46 47 55 56 57 62 67 70 71 72 74 76 86 90 91 92 95 97 108 109 110 114 115 116 117 119 159 160 242 243 247 332 334 335 337
66 67 173 178 190 334 335
90 91 92 119 159 160 247 252 253 254 255 335
57 61 62 64 66 67 70 71 72 75 83 86 87 88 89 90 91 92 110 119 159 160 334 335 337 341 342
34 35 47 57 61 62 67 70 71 72 73 86 90 91 92 110 119 159 160 216 223 224 226 230 232 242 243 267 268 334 335 337 338
34 35 36 37 38 39 40 41 45 46 47 55 56 90 91 92 108 115 116 117 119 159 160 242 243 244 246 247 252 254 267 268 334 335 337
34 35 38 39 40 41 46 49 55 56 90 91 92 108 115 116 117 119 159 160 242 243 247 249 252 254 335 337
34 35 47 66 67 69 72 76 242 243 267 268 334 335 337
0 1 6 12 16 34 35 37 38 39 40 41 43 46 47 54 55 56 57 58 62 66 67 70 71 72 74 75 76 86 90 91 92 93 94 95 96 97 98 99 100 101 103 104 105 107 108 109 110 114 115 116 117 119 120 121 138 140 141 145 146 150 151 158 159 160 162 164 165 167 168 169 173 178 182 183 184 188 189 199 208 242 243 247 252 254 267 268 272 273 274 285 287 288 290 313 317 332 333 334 335 336 337 338 339 341 342
0 1 6 12 16 34 35 37 38 39 40 41 43 45 46 49 54 55 56 57 58 62 66 67 70 71 72 74 76 86 90 91 92 93 94 95 96 97 98 99 100 101 103 104 105 107 108 109 110 114 115 116 117 118 119 120 121 138 140 141 145 146 150 151 158 159 160 242 243 247 252 254 272 273 274 285 290 294 295 315 317 332 333 334 335 336 337 338 339
209 210 212 213 214 335
34 35 38 39 40 41 46 47 55 56 90 91 92 108 115 116 117 119 159 160 242 243 247 248 252 254 257 258 264 267 268 334 335 337 343 344 345 346 347 350
57 61 66 67 70 71 72 74 86 90 91 92 110 114 119 159 160 334 335 337
66 67 128 129 130 132 134 267 268 334 335
34 35 37 38 39 40 41 43 46 47 54 55 56 57 58 62 66 67 70 71 72 74 76 86 90 91 92 93 94 95 96 97 98 99 100 101 103 104 105 107 108 109 110 114 115 116 117 119 120 121 122 123 124 128 129 130 134 137 138 140 141 145 146 150 151 158 159 160 242 243 247 252 254 255 267 268 272 273 274 285 290 306 307 317 333 334 335 336 337 338 339
34 35 36 38 39 40 41 45 46 47 55 56 90 91 92 108 115 116 117 119 159 160 233 234 236 237 240 242 243 246 247 248 252 254 267 268 270 334 335 337
1 23 24 25 27 28 29 30 34 35 38 39 40 41 46 47 55 56 57 58 62 66 67 70 71 72 74 76 86 90 91 92 94 95 96 97 103 104 105 106 108 109 110 114 115 116 117 119 120 159 160 162 164 165 166 167 168 169 172 173 178 191 194 195 208 216 217 223 226 230 232 242 243 244 246 247 255 256 271 334 335 337 338
34 35 38 39 40 41 46 50 51 55 56 57 61 62 67 70 71 72 76 86 90 91 92 108 110 115 116 117 119 159 160 242 243 247 257 258 260 334 335 337
57 61 66 67 69 72 75 86 90 91 92 110 119 159 160 334 335 337 341 342
159 160 161 163 164 335
34 35 37 38 39 40 41 43 46 47 49 54 55 56 57 58 62 66 67 70 71 72 74 76 86 90 91 92 93 94 95 96 97 98 99 100 101 103 104 105 107 108 109 110 111 114 115 116 117 119 120 121 138 139 140 141 145 146 150 151 158 159 160 161 162 164 165 167 168 169 173 178 184 197 198 208 242 243 247 252 253 254 255 267 268 272 273 274 285 290 297 313 317 333 334 335 336 337 338 339
0 1 6 12 16 34 35 37 38 39 40 41 43 46 47 54 55 56 57 58 62 66 67 70 71 72 74 76 86 90 91 92 93 94 95 96 97 98 99 100 101 103 104 105 107 108 109 110 114 115 116 117 119 120 121 138 140 141 145 146 150 151 158 159 160 162 164 165 167 168 169 173 178 182 183 184 208 242 243 247 252 254 255 272 273 278 280 281 285 290 297 305 313 317 332 333 334 335 336 337 338 339
66 67 69 334
0 1 2 6 12 13 14 16 34 35 37 38 39 40 41 43 46 47 49 54 55 56 57 58 62 66 67 70 71 72 74 75 76 86 90 91 92 93 94 95 96 97 98 99 100 101 103 104 105 106 107 108 109 110 111 114 115 116 117 119 120 121 138 139 140 141 145 146 150 151 158 159 160 161 162 164 165 167 168 169 174 178 184 191 192 193 199 208 216 217 223 224 226 228 229 230 232 242 243 247 252 254 255 267 268 272 273 274 285 290 313 317 332 333 334 335 336 337 338 339 341 342
34 35 37 38 39 40 41 43 46 47 54 55 56 57 58 62 66 67 70 71 72 74 76 86 90 91 92 93 94 95 96 97 98 99 100 101 103 104 105 106 107 108 109 110 114 115 116 117 119 120 121 122 123 124 128 130 134 137 138 140 141 145 146 150 151 158 159 160 162 164 165 167 168 169 173 174 178 184 191 192 193 208 216 217 223 226 230 232 242 243 247 252 254 255 267 268 272 273 274 285 290 307 308 309 313 315 317 333 334 335 336 337 338 339
57 58 62 66 67 70 71 72 74 86 91 92 93 94 95 96 97 98 99 100 101 103 104 105 107 108 109 110 114 119 120 121 138 140 141 142 143 145 150 151 158 159 160 252 272 273 274 285 290 317 333 334 335 336 337 338 339
23 24 26 27 28 29 30 57 58 62 66 67 70 71 72 74 76 86 91 92 93 94 95 96 97 98 99 100 101 103 104 105 107 108 109 110 114 119 120 121 122 123 124 128 130 134 137 138 140 141 145 146 150 151 158 159 160 242 243 247 252 255 267 268 271 272 273 274 285 290 307 308 309 317 333 334 335 336 337 338 339
341
34 35 38 39 40 41 46 47 55 56 90 91 92 108 115 116 117 119 159 160 242 243 247 248 252 254 267 268 334 335 337 343 344 345 346 347
57 66 67 86 140 142 143 150 151 158 252 272 274 290 317 333 334 335 337 338
34 35 38 39 40 41 46 47 55 56 57 61 62 66 67 70 71 72 73 74 75 76 81 82 86 90 91 92 95 97 108 110 114 115 116 117 119 159 160 242 243 247 267 268 334 335 336 337 341 342
209 210 212 213 214 335
34 35 37 38 39 40 41 43 46 47 54 55 56 57 58 62 66 67 70 71 72 74 75 76 86 90 91 92 93 94 95 96 97 98 99 100 101 103 104 105 106 107 108 109 110 111 114 115 116 117 119 120 121 138 139 140 141 145 146 150 151 158 159 160 161 162 164 165 167 168 169 173 178 191 192 193 199 208 216 217 223 226 230 232 242 243 247 252 254 255 267 268 272 273 274 285 290 313 317 333 334 335 336 337 338 339 341 342
34 35 37 38 39 40 41 43 45 46 49 54 55 56 57 58 62 66 67 70 71 72 74 76 86 90 91 92 93 94 95 96 97 98 99 100 101 103 104 105 107 108 109 110 114 115 116 117 118 119 120 121 122 123 124 128 130 134 137 138 140 141 145 146 150 151 158 159 160 242 243 247 252 254 272 273 274 285 290 307 315 317 333 334 335 336 337 338 339
57 58 62 66 67 70 71 72 74 86 90 91 92 94 95 96 97 100 101 103 104 105 107 108 109 110 114 119 120 159 160 252 272 273 274 276 278 280 281 282 285 286 287 288 290 304 305 317 333 334 335 336 337 338 339
66 67 70 71 334
0 1 2 6 7 12 13 14 16 34 35 37 38 39 40 41 43 46 47 54 55 56 57 58 62 66 67 70 71 72 74 75 76 86 90 91 92 93 94 95 96 97 98 99 100 101 103 104 105 107 108 109 110 114 115 116 117 119 120 121 138 140 141 145 146 150 151 158 159 160 242 243 247 252 254 272 273 274 285 290 293 317 332 333 334 335 336 337 338 339 341 342
34 35 38 39 40 41 43 46 49 55 56 57 58 62 66 67 70 71 72 74 76 77 78 79 84 85 86 91 92 93 94 95 96 97 98 99 100 101 103 104 105 106 107 108 109 110 114 115 117 119 120 121 138 140 141 145 146 150 151 158 159 160 162 164 165 167 168 169 173 178 191 192 199 203 204 205 208 216 217 223 226 230 232 242 243 247 252 255 272 273 274 285 290 313 317 333 334 335 336 337 338 339
57 58 62 66 67 70 71 72 74 76 81 86 91 92 93 94 95 96 97 98 99 100 101 103 104 105 107 108 109 110 114 119 120 121 138 140 141 145 146 150 151 158 159 160 162 164 165 167 168 169 173 178 179 184 188 189 207 208 247 252 255 267 268 272 273 274 285 290 312 313 317 333 334 335 336 337 338 339
34 35 37 38 39 40 41 43 46 47 49 54 55 56 57 58 62 66 67 70 71 72 74 76 86 90 91 92 93 94 95 96 97 98 99 100 101 103 104 105 107 108 109 110 114 115 116 117 119 120 121 122 123 124 128 130 134 137 138 140 141 145 146 150 151 158 159 160 242 243 247 252 254 267 268 272 273 274 285 290 307 308 309 317 333 334 335 336 337 338 339
34 35 38 39 40 41 46 47 55 56 57 61 62 67 70 71 72 76 86 90 91 92 108 110 115 116 117 119 159 160 242 243 247 267 268 334 335 337
6 47 66 67 274 290 294 295 296 334 335
34 35 47 57 58 62 66 67 70 71 72 74 76 81 86 91 92 93 94 95 96 97 98 99 100 101 103 104 105 106 107 108 109 110 112 113 114 119 120 121 138 140 141 145 146 150 151 154 155 158 159 160 162 164 165 167 168 169 173 178 184 188 189 191 192 193 207 208 216 217 223 226 230 232 242 243 247 252 255 267 268 272 273 274 285 290 313 317 333 334 335 336 337 338 339
34 35 42 45 47 49 242 243 334 335 337
66 67 70 71 334
159 160 162 163 164 335
34 35 38 39 40 41 46 50 51 55 56 57 62 67 70 71 72 76 86 90 91 92 108 109 110 115 116 117 119 159 160 242 243 247 248 252 254 257 258 260 264 334 335 337 343 344 345 346 350
223 224 226 227 230 267 268 334 335
34 35 38 40 43 45 46 49 55 56 57 58 62 66 67 70 71 72 74 76 86 91 92 93 94 95 96 97 98 99 100 101 103 104 105 107 108 109 110 114 115 117 118 119 120 121 122 123 124 128 130 134 137 138 140 141 145 146 150 151 158 159 160 242 243 247 252 272 273 274 285 290 307 308 315 317 333 334 335 336 337 338 339
57 66 67 86 140 142 150 151 158 252 272 274 290 317 333 334 335 337 338
6 7 12 13 14 34 35 45 47 57 62 67 70 71 72 74 86 242 243 334 335 337
209 210 214
34 35 38 39 40 41 45 46 47 55 56 90 91 92 108 115 116 117 119 159 160 242 243 247 254 267 268 334 335 337
34 35 36 38 39 40 41 46 47 55 56 90 91 92 108 115 116 117 119 159 160 233 234 236 239 242 243 246 247 248 252 253 254 267 268 269 270 334 335 337
0 1 6 12 16 34 35 38 39 40 41 46 47 55 56 57 58 62 66 67 70 71 72 74 75 76 81 86 90 91 92 94 95 96 97 103 104 105 108 109 110 114 115 116 117 119 120 159 160 162 164 165 167 168 169 172 173 178 182 183 184 188 189 207 208 242 243 247 267 268 332 334 335 336 337 338 341 342
34 35 37 38 39 40 41 43 46 47 54 55 56 57 58 62 66 67 70 71 72 74 76 81 86 90 91 92 93 94 95 96 97 98 99 100 101 103 104 105 106 107 108 109 110 112 113 114 115 116 117 119 120 121 138 140 141 145 146 150 151 153 155 158 159 160 162 164 165 167 168 169 173 178 184 188 189 191 192 193 207 208 216 217 223 226 230 232 242 243 247 252 254 255 267 268 272 273 274 285 290 313 317 333 334 335 336 337 338 339
34 35 38 39 40 41 46 47 50 51 55 56 90 91 92 108 115 116 117 119 159 160 242 243 247 248 252 254 256 257 258 260 263 318 319 323 324 325 326 329 334 335 337
66 67 274 290 302 334 335
34 35 36 37 38 39 40 41 43 45 46 47 49 54 55 56 57 58 62 66 67 70 71 72 74 76 81 86 90 91 92 93 94 95 96 97 98 99 100 101 103 104 105 107 108 109 110 112 113 114 115 116 117 119 120 121 138 140 141 145 146 150 151 154 155 158 159 160 162 164 165 167 168 169 173 178 188 207 208 233 234 236 238 242 243 246 247 248 252 254 267 268 272 273 274 285 290 313 317 333 334 335 336 337 338 339
0 1 6 12 16 34 35 36 37 38 39 40 41 43 45 46 47 49 54 55 56 57 58 62 66 67 70 71 72 73 74 76 86 90 91 92 93 94 95 96 97 98 99 100 101 103 104 105 106 107 108 109 110 114 115 116 117 119 120 121 122 123 124 128 130 134 135 136 137 138 140 141 145 146 150 151 158 159 160 162 164 165 167 168 169 173 178 182 183 184 188 191 192 199 208 216 217 223 226 230 232 233 234 236 238 242 243 246 247 248 252 254 255 272 273 274 280 281 285 290 300 307 313 317 332 333 334 335 336 337 338 339 343 344 345 348
0 1 6 12 16 34 35 38 39 40 41 46 49 55 56 57 62 67 70 71 72 74 76 86 90 91 92 104 105 106 108 109 110 114 115 116 117 119 159 160 216 217 220 223 226 229 230 232 242 243 247 332 334 335 337 338
57 58 62 66 67 70 71 72 74 76 86 91 92 93 94 95 96 97 98 99 100 101 103 104 105 107 108 109 110 114 119 120 121 138 139 140 141 145 146 150 151 158 159 160 162 164 165 167 168 169 173 178 199 208 247 252 255 272 273 274 285 290 313 317 333 334 335 336 337 338 339
34 35 36 37 38 39 40 41 43 46 47 49 54 55 56 57 58 62 66 67 70 71 72 74 76 86 90 91 92 93 94 95 96 97 98 99 100 101 103 104 105 107 108 109 110 114 115 116 117 119 120 121 138 140 141 145 146 150 151 158 159 160 233 234 236 238 242 243 246 247 248 252 254 272 273 274 285 290 300 317 333 334 335 336 337 338 339
0 1 6 12 16 34 35 38 40 46 49 55 56 57 58 62 66 67 70 71 72 74 76 86 91 92 93 94 95 96 97 98 99 100 101 103 104 105 107 108 109 110 114 115 117 119 120 121 138 140 141 145 146 150 151 158 159 160 242 243 247 252 272 273 274 285 290 294 295 317 332 333 334 335 336 337 338 339
66 67 173 178 184 334 335
34 35 38 39 40 41 46 47 55 56 57 61 62 67 70 71 72 76 86 90 91 92 108 110 115 116 117 119 159 160 242 243 247 267 268 334 335 337
34 35 47 57 61 62 66 67 70 71 72 73 86 90 91 92 110 119 122 128 129 130 134 137 159 160 242 243 267 268 334 335 337 338
57 58 62 66 67 70 71 72 74 76 77 78 79 81 84 85 86 91 92 93 94 95 96 97 98 99 100 101 103 104 105 106 107 108 109 110 114 119 120 121 138 140 141 145 146 150 151 158 159 160 162 164 165 167 168 169 173 178 188 191 192 203 204 205 207 208 216 217 223 226 230 232 247 252 255 272 273 274 285 290 313 317 333 334 335 336 337 338 339
0 1 6 12 16 34 35 36 38 39 40 41 46 47 49 50 51 55 56 57 58 62 66 67 70 71 72 74 76 86 90 91 92 94 95 96 97 103 104 105 108 109 110 114 115 116 117 119 120 159 160 162 164 165 167 168 169 172 173 175 176 178 182 183 185 188 190 195 208 222 233 234 236 241 242 243 246 247 248 252 254 257 258 260 263 318 319 329 332 334 335 336 337 338
209 210 212 213 335
159 160 162 163 164 335
6 7 12 13 14 34 35 45 47 57 62 67 70 71 72 74 86 242 243 334 335 337
0 1 2 6 7 9 10 11 12 13 14 16 34 35 38 39 40 41 45 46 47 55 56 57 62 67 70 71 72 74 75 76 86 90 91 92 95 97 108 109 110 114 115 116 117 119 159 160 242 243 247 332 334 335 337 341 342
66 67 70 71 72 76 334
34 35 37 38 39 40 41 43 46 47 54 55 56 57 58 62 66 67 70 71 72 74 76 81 86 90 91 92 93 94 95 96 97 98 99 100 101 103 104 105 106 107 108 109 110 114 115 116 117 119 120 121 138 140 141 145 146 150 151 158 159 160 162 164 165 167 168 169 173 178 184 188 189 191 192 193 207 208 216 217 223 226 230 232 242 243 247 252 254 255 267 268 272 273 274 285 290 313 317 333 334 335 336 337 338 339
34 35 38 39 40 41 46 47 55 56 90 91 92 108 115 116 117 119 159 160 242 243 247 248 252 254 256 268 269 270 318 319 323 324 327 334 335 337
34 35 38 39 40 41 46 47 55 56 90 91 92 108 115 116 117 119 159 160 242 243 247 248 252 254 267 268 334 335 337 343 344 345 346 347
34 35 38 39 40 41 46 49 55 56 57 58 62 66 67 70 71 72 73 74 81 86 90 91 92 94 95 96 97 103 104 105 106 108 109 110 114 115 116 117 119 120 159 160 162 164 165 167 168 169 172 174 178 184 191 192 207 208 216 217 223 226 230 232 242 243 247 334 335 336 337 338
57 58 62 66 67 70 71 72 74 86 91 92 93 94 95 96 97 98 99 100 101 102 103 104 105 107 108 109 110 114 119 120 121 138 140 141 145 146 147 148 149 150 151 152 158 159 160 252 272 273 274 285 290 317 333 334 335 336 337 338 339
57 66 67 86 140 147 150 151 158 252 272 274 290 317 333 334 335 337 338
1 23 24 25 26 27 28 29 30 34 35 38 39 40 41 46 47 55 56 57 62 67 70 71 72 76 86 90 91 92 108 109 110 115 116 117 119 159 160 242 243 244 246 247 254 256 271 334 335 337
0 1 2 6 12 13 14 16 34 35 38 39 40 41 43 46 49 55 56 57 58 62 66 67 70 71 72 74 75 76 86 91 92 93 94 95 96 97 98 99 100 101 103 104 105 107 108 109 110 114 115 117 119 120 121 138 140 141 145 146 150 151 158 159 160 242 243 247 252 272 273 274 285 290 294 317 332 333 334 335 336 337 338 339 341 342
57 58 62 66 67 70 71 72 74 86 90 91 92 94 95 96 97 100 101 103 104 105 107 108 109 110 114 119 120 159 160 252 272 273 274 285 288 290 317 333 334 335 337 338 339
23 24 26 27 28 29 30 34 35 37 38 39 40 41 43 46 47 54 55 56 57 58 62 66 67 70 71 72 74 75 76 86 90 91 92 93 94 95 96 97 98 99 100 101 103 104 105 106 107 108 109 110 114 115 116 117 119 120 121 138 140 141 145 146 150 151 158 159 160 162 164 165 167 168 169 173 178 184 191 192 193 199 208 216 217 223 226 230 232 242 243 247 252 254 255 267 268 271 272 273 274 285 290 313 317 333 334 335 336 337 338 339 341 342
0 1 6 12 16 34 35 38 39 40 41 45 46 47 50 51 52 55 56 57 58 62 66 67 70 71 72 74 76 86 90 91 92 94 95 96 97 103 104 105 106 108 109 110 111 114 115 116 117 119 120 159 160 161 162 164 165 167 168 169 172 173 175 176 178 182 183 185 188 190 195 197 208 216 217 221 222 223 225 226 230 231 232 242 243 247 252 253 254 255 256 257 258 259 260 263 265 318 319 324 329 332 334 335 336 337 338
34 35 38 39 40 41 46 47 55 56 57 62 67 70 71 72 76 86 90 91 92 108 109 110 115 116 117 119 159 160 242 243 247 248 254 267 268 334 335 337 343 344 345 348 349
34 35 38 39 40 41 46 47 55 56 66 67 90 91 92 108 115 116 117 119 159 160 242 243 247 248 254 274 290 300 334 335 336 337
34 35 37 38 39 40 41 43 46 47 54 55 56 57 58 62 66 67 70 71 72 74 75 76 77 78 79 81 84 85 86 90 91 92 93 94 95 96 97 98 99 100 101 103 104 105 107 108 109 110 114 115 116 117 119 120 121 138 140 141 145 146 150 151 158 159 160 162 164 165 167 168 169 173 178 203 204 205 207 208 242 243 247 252 254 255 267 268 272 273 274 285 290 313 317 333 334 335 336 337 338 339 341 342
34 35 37 38 39 40 41 43 46 47 54 55 56 57 58 62 66 67 70 71 72 74 75 76 86 90 91 92 93 94 95 96 97 98 99 100 101 103 104 105 107 108 109 110 114 115 116 117 119 120 121 122 123 124 128 129 130 134 135 136 137 138 140 141 145 146 150 151 158 159 160 242 243 247 252 254 267 268 272 273 274 285 290 307 317 333 334 335 336 337 338 339 341 342
1 34 35 36 38 39 40 41 46 47 55 56 57 62 67 70 71 72 76 86 90 91 92 108 109 110 115 116 117 119 159 160 242 243 244 246 247 248 252 254 256 267 268 334 335 337 343 344 345 346
34 35 37 38 39 40 41 43 46 47 54 55 56 57 58 62 66 67 70 71 72 74 76 83 86 90 91 92 93 94 95 96 97 98 99 100 101 103 104 105 106 107 108 109 110 114 115 116 117 119 120 121 122 123 124 128 129 130 131 134 137 138 140 141 145 146 150 151 158 159 160 162 164 165 167 168 169 173 178 179 191 192 193 208 216 217 223 226 230 232 242 243 247 252 254 255 267 268 272 273 274 285 290 291 292 307 313 317 333 334 335 336 337 338 339
34 35 36 37 38 39 40 41 43 46 47 49 54 55 56 57 58 62 66 67 70 71 72 74 76 86 90 91 92 93 94 95 96 97 98 99 100 101 103 104 105 107 108 109 110 114 115 116 117 119 120 121 138 140 141 145 146 150 151 158 159 160 233 234 236 238 242 243 246 247 248 252 254 267 268 272 273 276 285 290 302 303 317 333 334 335 336 337 338 339
0 1 2 3 4 6 7 12 13 14 15 16 34 35 37 38 39 40 41 43 45 46 47 54 55 56 57 58 62 66 67 70 71 72 74 75 76 86 90 91 92 93 94 95 96 97 98 99 100 101 103 104 105 107 108 109 110 114 115 116 117 119 120 121 138 140 141 145 146 150 151 158 159 160 242 243 247 252 254 267 268 272 273 274 285 290 294 317 332 333 334 335 336 337 338 339 341 342
34 35 38 39 40 41 46 47 50 51 55 56 90 91 92 108 115 116 117 119 159 160 242 243 247 252 254 257 258 260 334 335 337
34 35 38 40 43 45 46 49 55 56 57 58 62 66 67 70 71 72 74 76 86 91 92 93 94 95 96 97 98 99 100 101 103 104 105 107 108 109 110 114 115 117 118 119 120 121 122 123 124 128 130 134 137 138 140 141 145 146 150 151 158 159 160 242 243 247 252 272 273 274 285 290 307 308 315 317 333 334 335 336 337 338 339
57 61 66 67 70 71 72 75 86 90 91 92 110 119 159 160 334 335 337 341 342
66 67 70 71 334
34 35 38 39 40 41 46 47 55 56 57 62 67 70 71 72 76 86 90 91 92 108 109 110 115 116 117 119 159 160 242 243 247 248 252 254 267 268 334 335 337 343 344 345 346 347
66 67 173 178 186 334 335
159 160 162 163 164 335
1 34 35 36 38 39 40 41 45 46 47 55 56 57 62 67 70 71 72 76 86 90 91 92 108 109 110 115 116 117 119 159 160 242 243 244 246 247 254 256 267 268 334 335 337
57 61 62 67 70 71 72 73 86 90 91 92 110 119 159 160 334 335 337
0 1 6 12 16 34 35 37 38 39 40 41 43 46 47 54 55 56 57 58 62 66 67 70 71 72 74 75 76 86 90 91 92 93 94 95 96 97 98 99 100 101 103 104 105 106 107 108 109 110 114 115 116 117 119 120 121 122 123 124 128 130 134 137 138 140 141 145 146 150 151 158 159 160 162 164 165 167 168 169 173 174 178 182 183 184 188 189 191 192 193 199 208 216 217 223 226 230 232 242 243 247 252 254 267 268 272 273 278 280 281 285 290 291 297 305 307 308 309 313 317 332 333 334 335 336 337 338 339 341 342
1 23 24 25 27 28 29 30 34 35 38 39 40 41 46 47 55 56 57 58 62 66 67 70 71 72 74 76 86 90 91 92 94 95 96 97 103 104 105 106 108 109 110 114 115 116 117 119 120 159 160 162 164 165 166 167 168 169 172 173 178 191 194 195 208 216 217 223 226 230 232 242 243 244 246 247 255 256 271 334 335 337 338
209 210 212 213 335
66 67 68 70
47 334 335
66 67 70 71 72 74 334
34 35 38 39 40 41 43 46 49 54 55 56 57 58 62 66 67 70 71 72 74 76 86 91 92 93 94 95 96 97 98 99 100 101 103 104 105 107 108 109 110 114 115 116 117 119 120 121 122 123 124 128 130 134 137 138 140 141 145 146 150 151 156 158 159 160 242 243 247 252 272 273 274 285 290 307 308 317 333 334 335 336 337 338 339
0 1 2 6 12 13 14 16 34 35 37 38 39 40 41 43 46 47 49 54 55 56 57 58 62 66 67 70 71 72 74 76 86 90 91 92 93 94 95 96 97 98 99 100 101 103 104 105 107 108 109 110 114 115 116 117 119 120 121 122 123 124 128 129 130 133 134 137 138 140 141 145 146 150 151 158 159 160 242 243 247 252 254 267 268 272 273 274 285 290 307 317 332 333 334 335 336 337 338 339
0 1 2 6 12 13 14 16 34 35 38 39 40 41 43 46 49 55 56 57 58 62 66 67 70 71 72 73 74 75 76 86 91 92 93 94 95 96 97 98 99 100 101 103 104 105 107 108 109 110 114 115 117 119 120 121 138 140 141 145 146 150 151 158 159 160 242 243 247 252 272 273 274 285 290 294 297 317 332 333 334 335 336 337 338 339 341 342
34 35 38 39 40 41 43 45 46 48 49 55 56 90 91 92 108 115 117 119 159 160 242 243 247 252 254 334 335 337
34 35 36 37 38 39 40 41 45 46 47 55 56 90 91 92 108 115 116 117 119 159 160 242 243 244 246 247 252 254 267 268 334 335 337
34 35 38 39 40 41 43 46 49 55 56 57 58 62 66 67 70 71 72 74 76 86 91 92 93 94 95 96 97 98 99 100 101 103 104 105 107 108 109 110 114 115 116 117 119 120 121 122 123 124 128 130 134 137 138 140 141 145 146 150 151 158 159 160 242 243 247 252 272 273 274 285 290 307 317 333 334 335 336 337 338 339
34 35 38 39 40 41 45 46 50 51 52 55 56 90 91 92 108 115 116 117 119 159 160 242 243 247 254 335 337
0 1 2 3 4 6 7 12 13 14 15 16 34 35 37 38 39 40 41 43 45 46 47 54 55 56 57 58 62 66 67 70 71 72 74 75 76 86 90 91 92 93 94 95 96 97 98 99 100 101 103 104 105 107 108 109 110 114 115 116 117 119 120 121 138 140 141 145 146 150 151 158 159 160 242 243 247 252 254 267 268 272 273 274 285 290 294 317 332 333 334 335 336 337 338 339 341 342
245 335
159 160 161 163 164 335
34 35 37 38 39 40 41 43 46 47 54 55 56 57 58 62 66 67 70 71 72 74 76 86 90 91 92 93 94 95 96 97 98 99 100 101 103 104 105 107 108 109 110 114 115 116 117 119 120 121 122 123 124 128 130 134 137 138 140 141 145 146 150 151 158 159 160 242 243 247 252 254 267 268 272 273 274 285 290 307 308 309 317 333 334 335 336 337 338 339
57 58 62 66 67 70 71 72 74 76 81 83 86 91 92 93 94 95 96 97 98 99 100 101 103 104 105 107 108 109 110 114 119 120 121 138 140 141 145 146 150 151 158 159 160 162 164 165 167 168 169 173 178 184 188 189 200 208 247 252 255 267 268 272 273 276 285 290 313 317 333 334 335 336 337 338 339 340
34 35 38 39 40 41 46 50 51 55 56 57 62 67 70 71 72 76 86 90 91 92 108 109 110 115 116 117 119 159 160 242 243 247 248 254 257 258 260 264 334 335 337 343 344 345 348 350
34 35 37 38 39 40 41 43 46 47 54 55 56 57 58 62 66 67 70 71 72 74 75 76 77 78 79 81 84 85 86 90 91 92 93 94 95 96 97 98 99 100 101 103 104 105 107 108 109 110 114 115 116 117 119 120 121 138 140 141 145 146 150 151 158 159 160 162 164 165 167 168 169 173 178 203 204 205 207 208 242 243 247 252 254 255 267 268 272 273 274 285 290 313 317 333 334 335 336 337 338 339 341 342
57 58 62 66 67 70 71 72 74 86 91 92 93 94 95 96 97 98 99 100 101 103 104 105 107 108 109 110 114 119 120 121 138 140 141 145 146 150 151 158 159 160 252 272 273 274 285 290 317 333 334 335 336 337 338 339
66 67 70 71 72 74 334
66 67 173 178 335
0 1 6 12 16 34 35 36 38 39 40 41 46 47 50 51 55 56 57 58 62 66 67 70 71 72 74 76 86 90 91 92 94 95 96 97 103 104 105 106 107 108 109 110 111 114 115 116 117 119 120 159 160 161 162 164 165 167 168 169 170 171 172 173 174 175 178 182 183 185 187 188 190 195 197 208 216 217 221 222 223 226 230 231 232 233 234 236 242 243 246 247 248 252 253 254 255 256 257 258 260 263 264 318 319 323 324 328 329 330 332 334 335 336 337 338 343 344 345 346 350
34 35 38 39 40 41 46 49 55 56 57 61 62 65 66 67 70 71 72 73 75 76 83 86 87 88 89 90 91 92 108 110 115 116 117 119 159 160 242 243 247 334 335 337 341 342
0 1 6 12 16 34 35 36 37 38 39 40 41 43 46 47 49 54 55 56 57 58 62 66 67 70 71 72 74 76 86 90 91 92 93 94 95 96 97 98 99 100 101 103 104 105 107 108 109 110 114 115 116 117 119 120 121 122 123 124 128 130 134 137 138 140 141 145 146 150 151 158 159 160 242 243 244 246 247 252 254 256 272 273 274 285 290 307 308 317 332 333 334 335 336 337 338 339
34 35 47 57 62 66 67 70 86 128 129 130 134 135 136 242 243 267 268 334 335 336 337
23 24 26 27 28 29 30 31 34 35 38 39 40 41 46 47 55 56 90 91 92 108 115 116 117 119 159 160 242 243 247 252 253 254 267 268 271 334 335 337
66 67 70 71 334
34 35 38 39 40 41 46 47 55 56 57 61 66 67 70 71 72 75 76 86 90 91 92 108 110 115 116 117 119 159 160 242 243 247 254 334 335 337 341 342
0 1 6 12 16 34 35 36 37 38 39 40 41 43 46 47 49 54 55 56 57 58 62 66 67 70 71 72 74 75 76 86 90 91 92 93 94 95 96 97 98 99 100 101 103 104 105 106 107 108 109 110 111 114 115 116 117 119 120 121 122 123 124 128 130 134 137 138 139 140 141 145 146 150 151 158 159 160 161 162 164 165 167 168 169 173 178 182 183 184 187 188 189 191 192 199 208 216 217 223 226 230 232 233 234 236 238 242 243 246 247 248 252 254 255 256 267 268 269 270 272 273 274 285 290 299 302 307 308 313 317 318 319 323 324 325 327 332 333 334 335 336 337 338 339 341 342
159 160 161 163 164 335
34 35 37 38 39 40 41 43 46 47 54 55 56 57 58 62 66 67 70 71 72 74 75 76 86 90 91 92 93 94 95 96 97 98 99 100 101 103 104 105 107 108 109 110 114 115 116 117 119 120 121 138 140 141 145 146 150 151 158 159 160 162 164 165 167 168 169 173 178 199 208 242 243 247 252 254 255 267 268 272 273 274 285 290 313 317 333 334 335 336 337 338 339 341 342
57 58 62 66 67 70 71 72 74 86 91 92 93 94 95 96 97 98 99 100 101 103 104 105 107 108 109 110 114 119 120 121 138 140 141 145 146 150 151 158 159 160 252 272 273 274 276 278 280 281 285 290 297 304 305 315 317 333 334 335 336 337 338 339
1 23 24 25 26 27 28 29 30 34 35 38 39 40 41 46 47 55 56 57 62 67 70 71 72 76 86 90 91 92 108 109 110 115 116 117 119 159 160 242 243 244 246 247 254 256 271 334 335 337
57 61 62 67 70 71 72 75 86 90 91 92 110 119 159 160 334 335 337
341 342
57 61 66 67 69 72 75 86 90 91 92 110 119 159 160 334 335 337 341 342
0 1 6 12 16 34 35 38 39 40 41 46 47 50 51 55 56 57 58 62 66 67 70 71 72 74 76 86 90 91 92 94 95 96 97 103 104 105 108 109 110 114 115 116 117 119 120 159 160 162 164 165 167 168 169 172 173 175 178 182 183 185 188 190 195 208 222 242 243 247 257 258 260 332 334 335 336 337 338
34 35 38 39 40 41 46 47 55 56 90 91 92 108 115 116 117 119 159 160 242 243 247 248 252 254 257 258 264 267 268 334 335 337 343 344 345 346 347 350
0 1 6 12 16 34 35 37 38 39 40 41 43 46 47 49 54 55 56 57 58 62 66 67 70 71 72 74 76 86 90 91 92 93 94 95 96 97 98 99 100 101 103 104 105 107 108 109 110 114 115 116 117 119 120 121 122 123 124 128 130 134 137 138 140 141 145 146 150 151 158 159 160 242 243 244 247 248 252 254 256 268 269 270 272 273 274 285 290 299 307 308 317 318 319 320 321 322 323 324 327 332 333 334 335 336 337 338 339
34 35 38 39 40 41 46 47 55 56 90 91 92 108 115 116 117 119 159 160 242 243 247 248 252 253 254 256 267 268 269 270 318 319 323 324 327 334 335 337
34 35 38 39 40 41 46 47 48 55 56 90 91 92 108 115 116 117 119 159 160 242 243 247 252 253 254 267 268 334 335 337
34 35 46 49 57 66 67 70 86 242 243 252 272 274 275 276 277 278 279 280 281 282 283 290 304 305 317 333 334 335 336 337 338
34 35 38 39 40 41 46 47 50 51 55 56 90 91 92 108 115 116 117 119 159 160 242 243 247 248 252 254 256 257 258 260 263 318 319 323 324 325 326 329 334 335 337
34 35 38 39 40 46 49 55 56 57 58 62 66 67 70 71 72 74 76 86 91 92 93 94 95 96 97 98 99 100 101 103 104 105 107 108 109 110 114 115 116 117 119 120 121 138 140 141 145 146 150 151 158 159 160 242 243 247 252 272 273 274 285 290 302 317 333 334 335 336 337 338 339
57 58 62 66 67 70 71 72 74 86 91 92 93 94 95 96 97 98 99 100 101 103 104 105 107 108 109 110 114 119 120 121 138 140 141 145 146 150 151 158 159 160 252 272 273 274 285 290 314 315 317 333 334 335 336 337 338 339
159 160 163 335
34 35 38 39 40 41 46 47 55 56 90 91 92 108 115 116 117 119 159 160 242 243 247 248 252 254 256 268 269 270 318 319 323 324 327 334 335 337
57 61 66 67 70 71 86 90 91 92 110 159 334 335 336 337
57 58 62 66 67 70 71 72 74 86 91 92 93 94 95 96 97 98 99 100 101 103 104 105 107 108 109 110 114 119 120 121 138 140 141 142 145 150 151 158 159 160 252 272 273 274 285 290 317 333 334 335 336 337 338 339
34 35 38 39 40 41 46 47 55 56 57 62 67 70 71 72 76 86 90 91 92 108 109 110 115 116 117 119 159 160 242 243 247 248 254 267 268 334 335 337 343 344 345 348 349
57 66 67 86 276 290 311 334 335 337
159 160 161 163 164 335
57 58 62 66 67 70 71 72 74 86 91 92 93 94 95 96 97 98 99 100 101 103 104 105 107 108 109 110 114 119 120 121 138 140 141 144 145 150 151 158 159 160 252 272 273 274 285 290 317 333 334 335 336 337 338 339
0 1 2 6 12 13 14 16 34 35 38 39 40 41 43 46 49 55 56 57 58 62 66 67 70 71 72 74 76 86 91 92 93 94 95 96 97 98 99 100 101 103 104 105 107 108 109 110 114 115 117 119 120 121 138 140 141 145 146 150 151 158 159 160 242 243 247 252 272 273 274 285 290 294 317 332 333 334 335 336 337 338 339
66 67 70 71 72 334
66 67 173 178 196 334 335
34 35 36 38 39 40 41 45 46 47 55 56 90 91 92 108 115 116 117 119 159 160 233 234 236 237 240 242 243 246 247 248 252 254 267 268 270 334 335 337
159 160 162 163 335
34 35 37 38 39 40 41 43 46 47 54 55 56 57 58 62 66 67 70 71 72 73 74 75 76 77 79 81 83 84 85 86 90 91 92 93 94 95 96 97 98 99 100 101 103 104 105 107 108 109 110 112 113 114 115 116 117 119 120 121 138 140 141 145 146 150 151 154 155 158 159 160 165 173 178 208 242 243 247 252 254 267 268 272 273 274 285 290 310 317 333 334 335 336 337 338 339 341 342
34 35 38 39 40 41 46 47 55 56 57 58 62 66 67 70 71 72 74 75 76 86 90 91 92 103 104 105 108 109 110 114 115 116 117 119 122 124 127 128 129 130 134 135 136 137 159 160 242 243 247 267 268 334 335 336 337 338 341 342
57 66 67 70 86 252 272 274 280 281 290 304 305 317 333 334 335 336 337 338
34 35 47 57 58 61 62 66 67 70 71 72 73 86 90 91 92 110 119 159 160 165 173 178 184 188 189 208 242 243 267 268 334 335 336 337 338
175 335
57 61 66 67 69 71 72 74 86 90 91 92 94 95 110 114 119 120 159 160 334 335 337
66 67 70 71 334
159 160 162 163 164 335
34 35 36 37 38 39 40 41 43 45 46 47 49 54 55 56 57 58 62 66 67 70 71 72 74 76 86 90 91 92 93 94 95 96 97 98 99 100 101 103 104 105 107 108 109 110 114 115 116 117 119 120 121 138 140 141 145 146 150 151 158 159 160 233 234 236 238 242 243 246 247 248 252 254 272 273 274 285 290 297 300 315 317 333 334 335 336 337 338 339
34 35 37 38 39 40 41 43 46 47 54 55 56 57 58 62 66 67 70 71 72 74 76 86 90 91 92 93 94 95 96 97 98 99 100 101 103 104 105 107 108 109 110 114 115 116 117 119 120 121 138 140 141 145 146 150 151 158 159 160 162 164 165 167 168 169 173 178 187 188 199 208 242 243 247 248 252 254 256 268 269 270 272 273 274 285 290 313 317 318 319 323 324 327 333 334 335 336 337 338 339
57 61 62 67 70 71 72 75 86 90 91 92 110 119 159 160 334 335 337 341 342
57 58 66 67 70 71 81 83 86 165 168 173 178 184 188 189 200 208 267 268 274 290 313 334 335 336 337 338
66 67 274 290 297 334 335 336
34 35 37 38 39 40 41 43 46 47 54 55 56 57 58 62 66 67 70 71 72 74 75 76 86 90 91 92 93 94 95 96 97 98 99 100 101 103 104 105 107 108 109 110 114 115 116 117 119 120 121 122 123 124 128 129 130 134 135 136 137 138 140 141 145 146 150 151 158 159 160 242 243 247 252 254 267 268 272 273 274 285 290 307 317 333 334 335 336 337 338 339
57 58 62 66 67 70 71 72 74 86 91 92 93 94 95 96 97 98 99 100 101 102 103 104 105 107 108 109 110 114 119 120 121 138 140 141 142 145 150 151 152 158 159 160 252 272 273 274 285 290 317 333 334 335 336 337 338 339
1 23 24 25 26 27 28 29 30 34 35 36 38 39 40 41 46 47 55 56 57 62 67 70 71 72 76 86 90 91 92 108 109 110 115 116 117 119 159 160 233 234 235 236 239 242 243 244 245 246 247 248 252 253 254 255 256 267 268 269 270 271 334 335 337
23 24 26 27 28 29 30 33 34 35 36 38 39 40 41 46 47 55 56 90 91 92 108 115 116 117 119 159 160 233 234 240 242 243 246 247 248 252 254 267 268 270 271 318 319 331 334 335 337
257 258 265
23 24 26 27 28 29 32 34 35 36 38 39 40 41 45 46 50 51 52 55 56 90 91 92 108 115 116 117 119 159 160 233 234 236 242 243 246 247 248 252 254 256 257 258 260 262 263 271 318 319 324 329 334 335 337
66 67 70 71 334
34 35 38 39 40 41 46 50 51 55 56 57 62 67 70 71 72 76 86 90 91 92 108 109 110 115 116 117 119 159 160 242 243 247 248 252 254 257 258 260 264 334 335 337 343 344 345 346 350
34 35 38 39 40 41 46 48 49 55 56 90 91 92 108 115 116 117 119 159 160 242 243 247 252 254 334 335 337
34 35 38 39 40 41 46 47 55 56 90 91 92 108 115 116 117 119 159 160 242 243 247 250 252 254 334 335 337
57 58 62 66 67 70 71 72 74 86 90 91 92 94 95 96 97 100 101 103 104 105 107 108 109 110 114 119 120 159 160 252 272 273 276 285 288 290 317 333 334 335 337 338 339
57 66 67 86 252 272 274 290 315 316 317 333 334 335 337 338
257 258 266
0 1 6 12 16 34 35 37 38 39 40 41 43 46 47 54 55 56 57 58 62 66 67 70 71 72 74 75 76 81 86 90 91 92 93 94 95 96 97 98 99 100 101 103 104 105 107 108 109 110 114 115 116 117 119 120 121 138 140 141 145 146 150 151 158 159 160 162 164 165 167 168 169 173 178 182 183 184 188 189 207 208 242 243 247 252 254 267 268 272 273 274 285 290 313 317 332 333 334 335 336 337 338 339 341 342
34 35 37 38 39 40 41 43 45 46 49 54 55 56 57 58 62 66 67 70 71 72 74 76 86 90 91 92 93 94 95 96 97 98 99 100 101 103 104 105 107 108 109 110 114 115 116 117 118 119 120 121 138 140 141 145 146 150 151 158 159 160 242 243 247 248 252 254 272 273 274 285 290 300 315 317 333 334 335 336 337 338 339
34 35 37 38 39 40 41 43 46 47 54 55 56 57 58 62 66 67 70 71 72 74 75 76 86 90 91 92 93 94 95 96 97 98 99 100 101 103 104 105 107 108 109 110 114 115 116 117 119 120 121 122 123 124 128 129 130 134 135 136 137 138 140 141 145 146 150 151 158 159 160 162 164 165 167 168 169 173 178 184 208 242 243 247 252 254 255 267 268 272 273 274 276 285 290 297 307 313 315 317 333 334 335 336 337 338 339 340 341 342
57 58 62 66 67 70 71 72 74 76 86 91 92 93 94 95 96 97 98 99 100 101 103 104 105 107 108 109 110 114 119 120 121 138 140 141 145 146 147 148 150 151 158 159 160 162 164 165 167 168 169 173 178 208 247 252 255 272 273 274 285 290 291 313 317 333 334 335 336 337 338 339
23 24 27 28 29 30 34 35 37 38 39 40 41 43 45 46 47 54 55 56 57 58 62 66 67 70 71 72 74 76 77 79 81 83 84 85 86 90 91 92 93 94 95 96 97 98 99 100 101 103 104 105 106 107 108 109 110 112 113 114 115 116 117 119 120 121 138 140 141 145 146 150 151 153 154 155 158 159 160 162 164 165 166 167 168 169 174 178 191 192 193 195 208 216 217 223 226 230 232 242 243 247 252 254 267 268 271 272 273 274 285 290 310 313 317 333 334 335 336 337 338 339
66 67 274 290 293 334 335
57 58 62 66 67 70 86 165 173 178 184 188 189 201 202 208 267 268 274 290 313 334 335 336 337 338
23 24 26 27 28 29 30 32 34 35 38 39 40 41 46 50 51 55 56 90 91 92 108 115 116 117 119 159 160 242 243 247 252 254 257 258 260 262 271 335 337
34 35 37 38 39 40 41 43 46 47 54 55 56 57 58 62 66 67 70 71 72 74 76 81 86 90 91 92 93 94 95 96 97 98 99 100 101 103 104 105 106 107 108 109 110 112 113 114 115 116 117 119 120 121 138 140 141 145 146 150 151 153 155 158 159 160 162 164 165 167 168 169 173 178 184 188 189 191 192 193 207 208 216 217 223 226 230 232 242 243 247 252 254 255 267 268 272 273 274 285 290 313 317 333 334 335 336 337 338 339
34 35 38 39 40 41 45 46 49 55 56 90 91 92 108 115 116 117 119 159 160 242 243 247 252 254 335 337
66 67 70 71 334
1 34 35 36 38 39 40 41 46 47 55 56 57 62 67 70 71 72 76 86 90 91 92 108 109 110 115 116 117 119 159 160 242 243 244 246 247 254 256 267 268 334 335 337
0 1 6 12 16 34 35 37 38 39 40 41 43 46 47 54 55 56 57 58 62 66 67 70 71 72 74 75 76 77 79 81 83 84 85 86 90 91 92 93 94 95 96 97 98 99 100 101 103 104 105 107 108 109 110 114 115 116 117 119 120 121 122 123 124 128 130 134 137 138 140 141 145 146 150 151 158 159 160 162 164 165 167 168 169 173 178 182 183 184 188 189 199 208 242 243 247 252 254 267 268 272 273 274 285 290 307 308 309 310 313 317 332 333 334 335 336 337 338 339 341 342
34 35 37 38 39 40 41 43 46 47 54 55 56 57 58 62 66 67 70 71 72 74 76 86 90 91 92 93 94 95 96 97 98 99 100 101 103 104 105 107 108 109 110 114 115 116 117 119 120 121 138 140 141 145 146 150 151 158 159 160 242 243 247 252 254 267 268 272 273 278 280 281 285 290 302 303 304 305 317 333 334 335 336 337 338 339
23 24 26 27 28 29 30 31 34 35 38 39 40 41 46 47 55 56 90 91 92 108 115 116 117 119 159 160 242 243 247 254 267 268 271 334 335 337
209 210 212 213 215 335
34 35 48 242 243 334 337
57 66 67 86 282 290 311 334 335 337
66 67 70 71 334
57 58 62 66 67 70 71 72 74 86 90 91 92 94 95 96 97 100 101 103 104 105 107 108 109 110 114 119 120 159 160 252 272 273 282 285 288 290 317 333 334 335 337 338 339
57 58 62 66 67 70 71 72 74 86 91 92 93 94 95 96 97 98 99 100 101 103 104 105 107 108 109 110 114 119 120 121 138 140 141 144 145 150 151 158 159 160 252 272 273 274 285 290 316 317 333 334 335 336 337 338 339
34 35 38 39 40 41 46 47 55 56 57 61 66 67 69 72 74 76 86 90 91 92 108 110 114 115 116 117 119 159 160 242 243 247 267 268 334 335 337
57 58 62 66 67 70 71 72 74 76 86 90 91 92 103 104 105 108 109 110 114 119 122 124 125 126 127 128 129 130 134 137 159 160 247 255 267 268 334 335 337 338
34 35 36 37 38 39 40 41 43 46 47 54 55 56 57 58 62 66 67 70 71 72 74 75 76 81 86 90 91 92 93 94 95 96 97 98 99 100 101 103 104 105 107 108 109 110 114 115 116 117 119 120 121 138 140 141 145 146 147 148 150 151 158 159 160 162 164 165 167 168 169 173 178 184 188 189 207 208 233 234 236 239 242 243 246 247 248 252 254 267 268 269 270 272 273 274 285 290 297 302 313 317 333 334 335 336 337 338 339 341 342
