0 1
2 3 4 5 6 7 8 9 10 11 12 13 14 15 16 17 18 19 20 21 22 23 24 25 26 27 28 29 30 31 32 33 34 35 36 37 38 39 40 41 42 43 44 45 46 47 48 49 50 51 52 53 54 55 56 57 58 59 60 61 62 63 64 65 66 67 68 69 70 71 72 73 74 75 76 77 78 79 80 81 82 83 84 85 86 87 88 89 90 91 92 93 94 95 96 97 98 99 100 101 102 103
4 7 8 9 11 14 15 16 17 19 20 21 23 25 26 27 28 29 30 31 32 33 34 35 36 37 38 39 40 41 42 43 44 46 53 54 55 56 57 59 60 61 62 64 65 66 67 68 69 70 71 72 73 74 76 77 78 79 80 90 92 93 94 95 97 98 99 100 102 103 104 105 106 107 108
4 5 6 7 8 9 11 14 15 16 17 18 19 20 22 23 25 26 27 28 29 30 31 32 33 34 35 36 37 38 39 41 42 43 44 46 47 49 51 52 53 54 55 56 57 59 60 61 62 64 65 66 67 68 69 70 71 72 73 74 76 77 78 79 80 88 89 90 92 93 94 95 96 102 103 104 109 110 111 112 113 114
19 20 24 27 28 29 30 32 33 34 35 36 37 39 43 44 46 115 116 117
4 7 8 9 11 14 15 16 17 19 20 23 25 26 27 28 29 30 31 32 33 34 35 36 37 38 39 40 41 42 43 44 46 51 52 53 54 55 56 57 59 60 61 62 64 65 66 67 68 69 70 71 72 73 74 76 77 78 79 80 81 82 83 84 91 92 93 94 95 97 98 99 100 102 103 104 109 111 118 119 120 121 122 123 124 125
4 7 8 9 11 14 15 16 17 19 20 23 25 26 27 28 29 30 31 32 33 34 35 36 37 38 39 40 41 42 43 44 46 51 52 53 54 55 56 57 59 60 61 62 64 65 66 67 68 69 70 71 72 73 74 76 77 78 79 80 81 82 83 84 91 92 93 94 95 97 98 99 100 102 103 104 109 126 127 128
48 112 114
4 7 8 9 11 14 15 16 17 19 20 21 23 25 26 27 28 29 30 31 32 33 34 35 36 37 38 39 40 41 42 43 44 46 51 52 53 54 55 56 57 59 60 61 62 64 65 66 67 68 69 70 71 72 73 74 76 77 78 79 80 81 82 83 84 91 92 93 94 95 97 98 99 100 102 103 104 109 123 124 125 129
14 15 17 19 21 23 24 25 26 27 28 29 30 31 32 33 34 35 36 37 38 39 40 41 42 43 44 46 59 60 61 62 64 65 66 67 68 69 70 71 72 73 76 77 78 79 80 102 103 115 130 131 132 133 134 135 136
4 7 8 9 11 14 15 16 17 19 20 23 25 26 27 28 29 30 31 32 33 34 35 36 37 38 39 40 41 42 43 44 46 51 52 53 54 55 56 57 59 60 61 62 64 65 66 67 68 69 70 71 72 73 74 76 77 78 79 80 81 82 83 84 91 92 93 94 95 97 98 99 100 102 103 104 109 111 123 124 125 126 127 128
4 7 8 9 11 14 15 16 17 19 20 23 25 26 27 28 29 30 31 32 33 34 35 36 37 38 39 40 41 42 43 44 46 53 54 55 56 57 59 60 61 62 64 65 66 67 68 69 70 71 72 73 74 76 77 78 79 80 92 93 94 95 97 98 99 100 102 103 104 111 137 138 139 140 141 142
19 20 24 27 28 29 30 32 33 34 35 36 37 39 43 44 46 115 143 144 145
17 28 31 55 74
4 5 6 7 8 9 11 14 15 16 17 18 19 20 21 22 23 24 25 26 27 28 29 30 31 32 33 34 35 36 37 38 39 40 41 42 43 44 45 46 47 48 49 50 51 52 53 54 55 56 57 59 60 61 62 64 65 66 67 68 69 70 71 72 73 74 76 77 78 79 80 81 82 83 84 88 89 90 91 92 93 94 95 96 97 98 99 100 102 103 104 109 110 111 112 113 114 123 124 125 129 130 146 147 148 149 150
17 23 24 27 28 29 30 31 55 74 115 151 152 153 154 155 156 157
4 5 6 7 8 9 11 14 15 16 17 18 19 20 22 23 24 25 26 27 28 29 30 31 32 33 34 35 36 37 38 39 40 41 42 43 44 46 47 49 51 52 53 54 55 56 57 59 60 61 62 64 65 66 67 68 69 70 71 72 73 74 76 77 78 79 80 81 82 83 84 88 89 90 91 92 93 94 95 96 97 98 99 100 102 103 104 106 107 109 111 115 116 121 122 123 124 125 126 128 130 131 141 142 151 152 153 155 156 158 159 160 161 162 163 164 165 166 167 168 169 170 171 172 173 174 175 176 177 178 179 180 181 182 183 184 185 186 187 188 189 190 191 192 193 194 195 196 197 198 199 200 201 202 203 204 205 206 207 208 209
4 5 6 7 8 9 11 14 15 16 17 18 19 20 21 22 23 24 25 26 27 28 29 30 31 32 33 34 35 36 37 38 39 41 42 43 44 45 46 47 48 49 50 51 52 53 54 55 56 57 59 60 61 62 64 65 66 67 68 69 70 71 72 73 74 76 77 78 79 80 88 89 90 92 93 94 95 96 97 98 99 100 102 103 104 110 111 210 211 212
4 7 8 9 11 14 15 16 17 19 20 23 25 26 27 28 29 30 31 32 34 35 36 37 38 39 40 41 42 43 44 46 53 54 55 56 57 59 60 61 62 64 65 66 67 68 69 70 71 72 73 74 76 77 78 79 80 92 93 94 95 97 98 99 100 102 103 104 126 127 128
4 5 6 7 8 9 11 14 15 16 17 18 19 20 21 22 23 24 25 26 27 28 29 30 31 32 33 34 35 36 37 38 39 40 41 42 43 44 45 46 47 48 49 50 51 52 53 54 55 56 57 59 60 61 62 64 65 66 67 68 69 70 71 72 73 74 76 77 78 79 80 81 82 83 84 88 89 90 91 92 93 94 95 96 97 98 99 100 102 103 104 108 109 110 111 112 113 114 129 130 147 149 150
17 18 28 29 30 55 74 89 90 213
27 28 48 115 210 212 214
4 7 8 9 11 14 15 16 17 19 20 23 25 26 27 28 29 30 31 32 33 34 35 36 37 38 39 40 41 42 43 44 46 53 54 55 56 57 59 60 61 62 64 65 66 67 68 69 70 71 72 73 74 76 77 78 79 80 81 82 83 84 91 92 93 94 95 97 98 99 100 102 103 104 109 111
4 5 6 7 8 9 11 14 15 16 17 18 19 20 21 22 23 24 25 26 27 28 29 30 31 32 33 34 35 36 37 38 39 40 41 42 43 44 45 46 47 48 49 50 51 52 53 54 55 56 57 59 60 61 62 64 65 66 67 68 69 70 71 72 73 74 76 77 78 79 80 81 82 83 84 88 89 90 91 92 93 94 95 96 97 98 99 100 102 103 104 109 111 123 124 125 126 127 128 129 130 149 150
4 5 6 7 8 9 11 14 15 16 17 18 19 20 21 22 23 24 25 26 27 28 29 30 31 32 33 34 35 36 37 38 39 40 41 42 43 44 45 46 47 48 49 50 51 52 53 54 55 56 57 59 60 61 62 64 65 66 67 68 69 70 71 72 73 74 76 77 78 79 80 88 89 90 92 93 94 95 96 97 98 99 100 102 103 104 109 110 111 112 113 114 130 147 149 150 181 182 183 184 195 196 197 198 215 216 217
19 20 24 27 28 29 30 32 33 34 35 36 37 39 43 44 46 115 218 219
27 28 29 43 46 109 115 218
4 7 8 9 11 14 15 16 17 19 20 21 23 24 25 26 27 28 29 30 31 32 33 34 35 36 37 38 39 40 41 42 43 44 45 46 48 50 51 52 53 54 55 56 57 59 60 61 62 64 65 66 67 68 69 70 71 72 73 74 76 77 78 79 80 88 89 92 93 94 95 97 98 99 100 102 103 104 130 181 182 183 184 195 196 197 198 215 216 217
19 20 24 27 28 29 30 32 33 34 35 36 37 39 43 44 46 115 220
4 7 8 9 11 14 15 16 17 19 20 23 25 26 27 28 29 30 31 32 33 34 35 36 37 38 39 40 41 42 43 44 46 51 52 53 54 55 56 57 59 60 61 62 64 65 66 67 68 69 70 71 72 73 74 76 77 78 79 80 81 82 83 84 91 92 93 94 95 97 98 99 100 102 103 104 109 123 124 125 126 127 128
4 5 6 7 8 9 11 14 15 16 17 18 19 20 21 22 23 24 25 26 27 28 29 30 31 32 33 34 35 36 37 38 39 40 41 42 43 44 45 46 47 48 49 50 51 52 53 54 55 56 57 59 60 61 62 64 65 66 67 68 69 70 71 72 73 74 76 77 78 79 80 81 82 83 84 88 89 90 91 92 93 94 95 96 97 98 99 100 102 103 104
4 7 8 9 11 14 15 16 17 19 20 23 24 25 26 27 28 29 30 31 32 33 34 35 36 37 38 39 40 41 42 43 44 46 53 54 55 56 57 59 60 61 62 64 65 66 67 68 69 70 71 72 73 74 76 77 78 79 80 92 93 94 95 97 98 99 100 102 103 104 109 121 122 130 155 159 160 170 181 182 183 197 198 221 222 223
