0
0 2 3 5 113 114 115 116 330
0 1 2 4 6 330
0 2 330
0 2 3 113 114 116 330
0 3 113 114 116
0 2 3 113 114 115 116 330
0 1 2 4 6 330
14 25 26 35 36 37 38 64 113 114 116 120 121 374 376 378 384 388 389 394 395 398 524 525 526 527 528 529 530 531 536 671 672 673 674 675 676 677 678 679 680 681 682 683 684 685 686 690 691 692 693 694 695 696 697 698 700 701 702 703 704 705 706 707 708 709 710 712 713 718 719 721 723 725 766 769 770 797 798
12 13
449 450 454 455 457 458 459 460 461 462 463 464 465 466 467 798
14 35 37 38 64 113 114 116 119 120 374 377 378 384 388 389 393 394 476 477 479 480 481 482 483 488 489 574 575 576 577 578 579 582 583 584 585 586 588 589 591 592 593 604 605 606 607 608 609 610 611 612 613 614 615 616 617 618 619 620 621 623 624 625 630 631 632 798
524 525 527 528 529 530 533 534 535 536 537 538 539 540 541 542 798
14 24 25 26 35 37 38 48 49 51 59 60 61 62 64 113 114 116 119 122 333 337 338 339 340 341 342 344 346 347 374 376 378 379 380 381 382 383 384 385 388 389 393 394 476 477 479 480 481 482 483 488 489 552 553 554 555 556 557 558 559 560 561 562 563 564 565 566 567 568 569 570 571 572 573 575 576 577 578 579 580 581 583 584 585 586 591 592 593 630 631 632 798
14 34 35 36 37 39 40 41 42 104 105 106 112 181 183 185 186 187 188 189 190 191 192 193 194 195 196 197 198 199 200 201 202 203 204 212 213 214 220 221 222 223 225 227 229 230 231 232 233 234 235 276 277 279 280 281 293 294 295 296 298 299 300 301 302 303 304 305 306 307 308 309 310 330 836 837 838 839 841 842 843 844 845 846 847 848 849 851 852 853 854 855 856 858 859 860 861 862 863 864 865 866 867 868 869 870 871 872 873 874 875 876 877 878 879 880
782 783 784 785 786 787 788 789 790
44 45 46 47 88 89 90 99 100 129 133 421 422 423 425 426 427 428 429 430 431 432 433 434 435 469 470 471 475 646 647 799 800 801 803 807 808 809 810 811 812 813 814 815 817 818 820 822
496 497 498 499 501 502 503 506 798
307 308 842 845 847
14 35 52 53 54 55 56 57 58 64 113 114 116 118 119 158 159 160 165 168 169 171 220 247 248 249 251 265 507 511 791 792 793
104 105 212 304 305
14 24 25 26 35 37 38 48 49 51 59 60 61 62 64 113 114 116 119 122 333 337 338 339 340 341 342 344 346 347 374 376 378 379 380 381 382 383 384 390 391 392 393 394 476 477 479 480 481 482 483 488 489 552 553 554 555 556 557 558 559 560 561 562 563 564 565 566 567 568 569 570 571 572 573 575 576 577 578 579 580 581 583 584 585 586 591 592 593 630 631 632 798
14 35 52 53 54 55 56 57 58 64 113 114 116 118 119 158 159 160 165 168 169 170 220 247 248 249 251 265 507 511 791 792 793
16 17
43 109 110 115 118 126
14 34 35 36 37 39 40 41 42 104 105 106 181 182 183 185 186 187 188 189 190 191 192 193 194 195 196 197 198 199 200 201 202 203 204 205 206 207 208 209 210 211 212 213 214 220 221 222 224 225 265 266 267 269 271 272 274 276 277 278 279 281 284 285 286 287 288 289 290 291 292 293 294 295 296 297 298 299 300 301 302 303 304 305 306 307 308 309 310 330 507 508 509 511 512 513 791 792 793 836 837 838 839 840 841 842 843 844 845 846 847 848 849 851 852 853 854 855 856 858 859 860 861 862 863 864 865 866 867 868 869 870 871 872 873 874 875 876 877 878 879 880
14 35 52 53 54 55 56 57 58 64 113 114 116 118 119 158 159 160 164 172 173 220 224 239 240 241 242 265 270 271 272 273 276 277 279 507 508 509 511 512 513 791 792 793
109 110 115 118 126
14 35 37 38 64 113 114 116 119 120 374 377 378 384 388 389 393 394 476 477 479 480 481 482 483 488 489 574 575 576 577 578 579 582 583 584 585 586 588 589 591 592 593 604 605 606 607 608 609 610 611 612 613 614 615 616 617 618 619 620 621 623 624 625 630 631 632 798
88 90 99 100 129 133 354 355 359 361 362 363 364 366 367 368 369 370 469 470 471 475
52 53 55 56 57 58 82 83 84 85 86 118 120 220 265 268 507 511 791 792 793
88 89 90 99 100 129 133 469 470 471 475 799 800 801 807 808 809 810 811 812 813 814 815 817 818 820
29 30 32 33 311 312 314 321 322 323 325 327 328 329 330 523 524 525 526 527 528 529 530 531 532 534 535 536 544 545 798
7 8 9 410 411 412 413 414 415 416
44 45 46 47 88 89 90 99 100 129 133 354 355 356 359 360 361 362 363 364 365 367 368 369 370 371 421 422 423 425 426 427 428 429 430 431 432 433 434 435 469 470 471 475 646 647
65 66 67 68 69 70 71 72 73 74 123 176 177 238 239 240 241 242
242
239 240 241 242
88 89 90 100 129 134 135 136 469 470 471 475 799 800 801 807 808 809 810 811 812 813 814 815 817 818 820
524 525 526 527 528 529 530 531 532 534 535 536 798
14 25 26 35 36 37 38 64 113 114 116 120 121 374 378 384 386 387 394 395 398 524 525 526 527 528 530 531 536 671 672 673 674 675 676 677 678 679 680 681 682 683 684 685 686 690 691 692 693 694 695 696 697 698 699 701 702 703 704 705 706 707 708 709 710 712 713 718 719 721 723 725 728 766 767 769 770 774 798
14 24 35 37 38 51 59 60 61 62 64 113 114 116 119 120 122 138 139 141 337 338 339 340 341 342 343 344 346 347 374 375 376 377 378 379 381 384 388 389 393 394 476 477 479 480 481 482 483 488 489 574 575 576 577 578 579 580 581 582 583 584 585 586 588 589 591 592 593 604 605 606 607 608 609 610 611 612 613 614 615 616 617 618 619 621 623 624 625 626 627 628 629 630 631 632 798
127
507 508 509 510 511 512 513 791 792 793
123 149 150 151 154 155 156 157
123 149 151 153 154 155 156 157
52 53 55 56 57 58 118 119 158 159 160 165 169 171 220 247 248 249 251 265 507 511 791 792 793
437 438 440 442 443 444 445 446 447 448
11 546 547 548 549
43 109 110 115 118 126
476 477 480 481 482 484 485 486 487 488 490 491 492 493 494 495 798
81 126 796
52 53 55 56 57 58 118 119 158 159 160 165 220 265 507 511 791 792 793
178 237 240 241 246
449 450 453 454 455 456 457 461 798
321 322 323 324 326 327 331 332 782 783 784 785 786 787 788 789 790
437 438 440 442 444 445 446 447 448
107
126 640 641
88 89 90 99 100 113 120 121 129 133 469 470 471 475 642 643 644 799 800 801 802 806 807 808 809 810 811 812 813 814 815 817 818 820 821
109 110 115 118 126
88 89 90 99 100 129 131 132 133 312 313 314 321 322 323 325 327 329 330 469 470 471 475 799 800 801 804 805 807 808 809 810 811 812 813 814 815 817 818 820 823 824
144 145 146 147 148 177
14 34 35 36 37 39 40 41 42 104 105 106 112 181 182 183 185 186 187 188 189 190 191 192 193 194 195 196 197 198 199 200 201 202 203 204 205 206 207 208 209 210 211 212 213 214 220 221 222 223 225 227 228 229 230 231 232 233 234 235 276 277 279 280 281 293 294 295 296 297 298 299 300 301 302 303 304 305 306 307 308 309 310 330 476 477 479 480 481 482 483 488 489 798 836 837 838 839 840 841 842 843 844 845 846 847 848 849 850 851 852 853 854 855 856 857 858 859 860 861 862 863 864 865 866 867 868 869 870 871 872 873 874 875 876 877 878 879 880
14 24 35 37 38 51 59 60 61 62 64 113 114 116 119 120 339 342 346 374 377 378 379 381 384 388 389 393 394 476 477 479 480 481 482 483 488 489 574 575 576 577 578 579 582 583 584 585 586 588 589 591 592 593 604 605 606 607 608 609 610 611 612 613 614 615 616 617 618 619 620 621 623 624 625 628 630 631 632 798
10 316 317 318 776 777 778 779 780 781
239 240 241 242
44 45 46 47 88 89 90 99 100 113 120 121 129 130 133 421 422 423 425 426 427 428 429 430 431 432 433 434 435 469 470 471 475 645 646 647 799 800 801 803 807 808 809 810 811 812 813 814 815 817 818 820 822
402 403 404 405 406 407 408 409
15 16 17 18 19 20 21 22 112 220 223 226 227 232 233 234 236 252 253 254 255 256 257 258 259 260 261 262 263 264 275 276 277 279 280 282 283
174 175 177 795
718 719 723 725 728 766 769 770
107 108 119 126
14 24 35 37 38 51 59 60 61 62 64 113 114 116 119 120 122 138 139 141 337 338 339 340 341 342 343 344 346 347 374 375 376 377 378 379 381 384 388 389 393 394 476 477 479 480 481 482 483 488 489 574 575 576 577 578 579 580 581 582 583 584 585 586 588 589 591 592 593 604 605 606 607 608 609 610 611 612 613 614 615 616 617 618 619 621 623 624 625 626 627 628 629 630 631 632 798
145 147 148 177
44 45 421 422 423 424 426 427 428 429 430 432 433 434 436
476 477 479 480 481 482 483 484 486 487 488 489 798
242
16 17
88 90 99 100 129 130 131 132 133 312 314 321 322 323 325 327 329 330 353 354 355 357 358 359 361 362 363 364 365 367 368 369 370 372 373 469 470 471 475
16 17
126 143 239 240 241 243 244 638 639
14 35 37 38 64 113 114 116 119 120 374 377 378 476 477 479 480 481 482 483 488 489 574 575 576 577 578 579 582 583 584 585 586 587 588 590 591 593 595 596 597 598 599 600 601 602 603 608 609 610 611 613 614 615 616 617 618 619 620 621 622 630 631 632 633 634 635 636 798
137 138 141 142 524 525 527 528 529 530 533 534 535 536 537 538 539 540 541 542 543 798
476 477 479 480 481 482 483 484 488 489 798
11 546 548 549 550 551
16 17
44 45 46 321 322 323 324 326 327 328 331 332 421 422 423 425 426 427 428 429 430 431 432 433 434 435
14 25 26 27 35 36 37 38 64 113 114 116 120 121 374 376 378 384 388 389 394 395 397 399 437 438 439 440 441 444 445 446 447 448 468 469 470 471 472 473 474 496 497 498 499 500 501 502 504 505 506 648 649 650 651 652 653 679 680 681 682 693 694 695 696 697 698 699 701 703 704 705 708 710 718 719 722 724 726 727 728 729 730 732 733 734 735 736 737 738 739 740 741 742 743 744 745 746 747 748 749 750 751 752 753 755 758 759 760 761 766 774 794 798
782 783 784 785 786 787 788 789 790
126 143 239 240 241 243 244 637 638 639
7 8 9
14 24 25 26 35 36 37 38 60 61 62 64 113 114 116 120 121 337 338 342 344 345 346 347 348 349 350 351 352 374 378 381 384 388 389 394 395 397 399 654 655 656 657 658 659 660 661 662 679 681 682 683 684 685 686 687 688 689 690 691 692 694 695 696 697 701 702 703 704 705 706 707 708 709 710 711 712 713 714 715 716 717 718 719 720 721 723 725 727 728 731 754 755 756 758 759 762 763 764 765 794
10 316 317 318 321 322 323 324 326 327 331 332 775 776 777 778 779 780 781
27 718 719 724 727 728 729 755 757 758 760
43 109 110 115 118 126
44 45 46 47 88 89 90 99 100 129 130 133 354 355 356 359 360 361 362 363 364 365 367 368 369 370 371 421 422 423 425 426 427 428 429 430 431 432 433 434 435 469 470 471 475 646 647
14 35 37 38 64 113 114 116 119 120 374 377 378 384 388 389 393 394 476 477 479 480 481 482 483 488 489 574 575 576 577 578 579 582 583 584 585 586 588 589 591 592 594 604 605 606 607 608 609 610 611 612 613 614 615 616 617 618 619 620 621 623 624 625 630 631 632 797 798
127
437 438 440 442 443 444 445 446 447 448
145 148 177
109 115
180 181 183 184 187 188 189 190 191 192 195 307 308 309 310 836 837 838 839 841 842 843 844 845 846 847 848 852 853 855 865 869
10 14 35 36 37 50 60 61 63 64 87 88 90 91 92 93 94 95 96 97 98 99 100 101 102 103 113 114 116 117 119 120 121 124 129 130 131 133 138 139 140 217 218 219 316 317 318 321 322 323 325 327 329 330 417 418 419 420 469 470 471 475 775 776 777 778 799 800 801 804 807 809 810 811 812 813 814 817 818 819 820 823 825 826 827 828 829 830 831 832 833 834 835
14 25 26 27 35 36 37 38 64 113 114 116 120 121 374 376 378 384 388 389 394 395 397 399 437 438 439 440 441 444 445 446 447 448 468 469 470 471 472 473 474 496 497 498 499 500 501 502 504 505 506 648 649 650 651 652 679 680 681 682 693 694 695 696 697 698 699 701 703 704 705 708 710 718 719 722 724 726 727 728 729 730 732 733 734 735 736 737 738 739 743 744 745 746 747 748 749 750 751 752 753 755 758 759 760 761 766 774 794 798
137 138 141 142 507 508 511 512 513 514 515 516 517 518 519 520 521 522 791 792 793
107 108 119 126
215 216
26
178 237 240 241 246
507 508 511 512 513 514 515 516 517 518 519 520 522 791 792 793
15 16 17 18 19 20 21 22
52 53 55 56 57 58 118 119 158 159 160 161 162 163 164 165 166 167 220 224 238 240 241 247 248 249 250 251 265 270 271 272 273 276 277 279 396 400 401 507 508 509 511 512 513 791 792 793
25
723 727 728
128 237 240 241 246
126 637 638
52 53 55 56 57 58 118 119 158 159 160 172 220 265 507 511 791 792 793
88 89 90 99 100 129 133 469 470 471 475 799 800 801 807 809 810 811 812 813 814 816 817 818 820
496 497 498 499 501 502 503 504 505 506 798
14 25 26 35 36 37 38 64 113 114 116 120 121 374 378 384 386 387 394 395 398 449 450 451 452 453 454 455 456 461 476 477 478 479 480 481 482 483 488 489 663 664 665 666 667 668 669 670 679 680 681 682 683 684 685 686 690 691 692 694 695 696 697 698 699 701 702 703 704 705 706 707 708 709 710 712 713 718 719 721 723 725 727 728 754 755 758 759 765 798
14 35 52 53 54 55 56 57 58 64 113 114 116 118 119 158 159 160 161 162 163 164 165 166 168 169 170 220 224 238 240 241 247 248 249 250 251 265 270 271 272 273 276 277 279 396 400 401 507 508 509 511 512 513 791 792 793
14 24 25 26 35 36 37 38 60 61 62 64 113 114 116 120 121 334 335 336 337 338 342 344 345 346 347 348 349 350 351 352 374 378 381 384 388 389 394 395 397 399 524 525 526 527 528 530 531 536 671 672 673 674 675 676 677 678 679 680 681 682 683 684 685 686 687 688 689 690 691 692 693 694 695 696 697 698 700 701 702 703 704 705 706 707 708 709 710 711 712 713 714 715 716 717 718 719 720 721 723 725 728 731 766 767 768 769 770 771 772 773 774 794 797 798
123 149 150 151 152 153 154 155 156 157
14 34 35 36 37 39 40 41 42 104 105 106 112 181 183 185 186 187 188 189 190 191 192 193 194 195 196 197 198 199 200 201 202 203 204 212 213 214 220 221 222 223 227 230 231 232 233 276 277 279 280 281 293 294 295 296 298 299 300 302 303 304 305 306 307 308 309 310 330 836 838 839 842 843 844 846 847 848 849 851 853 854 855 856 858 859 860 861 862 863 864 865 866 867 868 869 870 871 872 873 874 875 876 877 878 880
52 53 55 56 57 58 118 119 158 159 160 164 172 173 220 224 239 240 241 242 265 270 271 272 273 276 277 279 507 508 509 511 512 513 791 792 793
52 53 55 56 57 58 118 119 158 159 160 165 169 170 220 247 248 249 251 265 507 511 791 792 793
52 53 55 56 57 58 118 119 158 159 160 161 162 163 164 165 166 169 170 220 224 238 240 241 247 248 249 250 251 265 270 271 272 273 276 277 279 396 400 401 507 508 509 511 512 513 791 792 793
88 89 90 99 100 129 131 132 133 312 314 321 322 323 325 327 329 330 469 470 471 475 799 800 801 804 805 807 808 809 810 811 812 813 814 815 817 818 820 823 824
126 237 240 241 245 246 640 641
718 719 723 728 766 769
123 149 151 154 155 156 157
14 24 35 37 38 51 59 60 61 62 64 113 114 116 119 120 122 138 139 141 339 342 346 374 375 376 377 378 379 381 384 388 389 393 394 476 477 479 480 481 482 483 488 489 574 575 576 577 578 579 580 581 582 583 584 585 586 588 589 591 592 593 604 605 606 607 608 609 610 611 612 613 614 615 616 617 618 619 621 623 624 625 626 628 629 630 631 632 798
111
126 143 239 240 241 243 244 637 638 639
75 76 77 78 79 80 123 125 176 177 179 239 240 241 242
23
10 28 30 31 32 311 312 313 314 315 316 317 319 320 523 524 525 526 527 528 529 530 531 532 534 535 536 544 545 798
52 167 247 248 249 251
16 17
14 24 25 26 35 36 37 38 60 61 62 64 113 114 116 120 121 337 338 342 344 345 346 347 348 349 350 351 352 374 378 381 384 388 389 394 395 397 399 449 450 451 452 453 454 455 456 461 476 477 478 479 480 481 482 483 488 489 663 664 665 666 667 668 669 670 679 680 681 682 683 684 685 686 687 688 689 690 691 692 694 695 696 697 698 699 701 702 703 704 705 706 707 708 709 710 711 712 713 714 715 716 717 718 719 720 721 723 725 727 728 731 754 755 756 758 759 762 763 764 765 794 798
14 25 26 35 36 37 38 64 113 114 116 120 121 374 378 384 386 387 394 395 398 654 655 656 657 658 659 660 661 662 679 681 682 683 684 685 686 690 691 692 694 695 696 697 701 702 703 704 705 706 707 708 709 710 712 713 718 719 721 723 725 727 728 754 755 758 759 765
144 145 148 177
14 34 35 36 37 39 40 41 42 104 105 106 112 181 183 185 186 187 188 189 190 191 192 193 194 195 196 197 198 199 200 201 202 203 204 212 213 214 220 221 222 223 227 230 231 232 233 276 277 279 280 281 293 294 295 296 298 299 300 302 303 304 305 306 307 308 309 310 330 836 838 839 842 843 844 846 847 848 849 851 853 854 855 856 858 859 860 861 862 863 864 865 866 867 868 869 870 871 872 873 874 875 876 877 878 880
449 450 453 454 455 456 457 459 460 461 798
14 34 35 36 37 39 40 41 42 104 105 106 112 181 183 184 185 186 187 188 189 190 191 192 193 194 195 196 197 198 199 200 201 202 203 204 212 213 214 220 221 222 223 225 227 229 230 231 232 233 235 276 277 279 280 281 293 294 295 296 298 299 300 301 302 303 304 305 306 307 308 309 310 330 836 837 838 839 841 842 843 844 845 846 847 848 849 851 852 853 854 855 856 858 859 860 861 862 863 864 865 866 867 868 869 870 871 872 873 874 875 876 877 878 879 880
16 17
307 308 842 846 847
449 450 451 453 456 457 461 798
14 34 35 36 37 39 40 41 42 104 105 106 181 183 185 186 187 188 189 190 191 192 193 194 195 196 197 198 199 200 201 202 203 204 212 213 214 220 221 222 224 225 265 267 269 271 272 274 276 277 278 279 281 284 285 286 287 288 289 290 291 292 293 294 295 296 298 299 300 301 302 303 304 305 306 307 308 309 310 330 507 508 509 511 512 513 791 792 793 836 837 838 839 841 842 843 844 845 846 847 848 849 851 852 853 854 855 856 858 859 860 861 862 863 864 865 866 867 868 869 870 871 872 873 874 875 876 877 878 879 880
