222 223 224 225 226 227 228 231 246 311 312 313 314 315 316 317 318 319 320 321 322 323 324 440 441 443 444 445 446 447 448 449 450 453 455 456 457 458 459 539 541 550 557 576 593 599 616 619 686 734 735 771 867 902 905 906 910 911 913 914 915 916 921 928 929 930 931 950 1072 1073 1080 1087 1088 1089 1090
223 224 228 230 902
596 597 598 620 621 622 625 628 684
755 757 762 763 1080 1084 1085 1086 1087 1088
246 541 550 557 576 578 579 580 599 616 686 734 735 771 867
196 197 200 205 208 212 339 349 351 353 354 358 359 438 494 501 1087
1091 1092 1095
151 161 168 169 179 181 188 191 193 196 197 198 199 200 205 208 222 223 224 225 227 228 231 232 246 288 289 290 339 340 349 351 353 354 358 359 360 374 375 380 393 402 417 438 461 462 464 465 494 501 541 557 576 577 589 599 614 639 640 651 662 664 672 771 840 841 842 1042 1087
146 151 168 179 196 197 198 222 223 224 225 226 227 228 231 246 339 340 358 360 374 375 380 393 406 417 419 462 464 465 541 550 557 576 577 584 599 629 640 651 662 664 672 686 706 771 840 841 842 902 905 910 911 913 914 915 916 921 1041 1042 1043 1044
151 161 169 179 181 188 191 196 197 198 199 222 223 224 225 227 228 231 232 288 289 290 374 375 380 402 461 462 464 465 576 577 589 639
133 134 135 141 142 161 168 171 172 173 181 184 188 191 193 194 196 197 198 200 205 207 208 211 214 237 262 264 266 269 270 276 349 351 353 354 359 438 490 491 492 494 498 501 506 576 639 843 844 845 846 847 848 849 850 851 852 853 854 1076 1079 1087
358 360
223 224 226 228 902 910 911 913 914 915 916 923
222 223 224 225 227 228 229 230 231 232 237 246 248 250 253 256 259 440 441 442 443 444 446 447 448 449 450 455 456 457 458 459 539 541 550 557 576 593 599 616 619 686 734 735 759 761 762 764 765 767 768 770 771 775 776 778 867 928 933 934 935 936 1072 1073 1080 1081 1082 1083 1084 1085 1086 1087 1088 1089 1090
222 223 224 225 227 228 229 230 231 440 441 442 443 444 446 447 448 449 450 455 456 457 458 459 539 576 577 593 610 611 613 614 615 616 619 639 640 644 672 674 784 808 810 811 869 870 883 884 894 898 899 902 1072 1073 1080 1087 1088 1089 1090
222 223 224 225 227 228 231 232 440 441 443 444 446 447 448 449 450 452 455 456 457 458 459 539 576 577 589 590 593 595 619 869 870 879 880 883 884 928 944 945 946 947 948 949 1072 1073 1080 1087 1088 1089 1090
222 223 224 225 227 228 231 232 246 311 312 313 314 315 316 317 318 319 320 321 322 323 324 440 441 443 444 446 447 448 449 450 453 454 455 456 457 458 459 539 541 550 557 576 593 599 616 619 686 734 735 771 867 928 929 930 931 952 953 1072 1073 1080 1087 1088 1089 1090
146 151 168 173 179 191 193 196 197 198 199 200 205 207 208 222 223 224 225 226 227 228 229 230 231 232 237 262 264 266 269 270 276 339 340 349 351 353 354 358 359 360 374 375 380 406 415 417 419 438 462 463 464 465 494 498 501 506 576 577 580 584 599 610 611 612 613 614 615 616 629 639 640 651 653 654 662 664 672 674 706 834 835 836 840 841 842 902 910 911 913 914 915 916 921 1043 1044 1076 1087
9 10 11 12 14 18 146 151 160 163 164 179 186 187 192 196 197 198 199 222 223 224 225 227 228 231 232 234 236 237 246 248 250 253 279 280 281 282 283 284 374 375 380 399 400 406 419 461 462 463 464 465 576 577 581 584 591 592 599 601 602 605 606 607 609 611 612 614 615 616 629 639 706 753 757 758 759 762 763 765 771 1044 1047 1084 1085 1086 1087 1088
246 518 541 557 584 599 629 646 685 694 706 721 735 737 771 855 867 872 874 885 887 888 900 904
222 223 224 228 229 230 231 441 443 444 445 446 447 448 449 450 454 902 905 906 996 997 999 1001 1002 1025 1026 1027 1028 1029 1030 1031 1070 1071 1080 1087 1088
326 333 363 367
9 11 12 16 20 151 160 163 164 179 186 187 192 196 197 198 199 222 223 224 225 227 228 231 232 234 236 237 246 248 250 253 279 280 281 282 283 284 374 375 380 399 400 461 462 463 464 465 576 577 581 591 592 601 602 605 606 607 609 611 612 614 615 616 755 757 758 759 762 763 765 771 1084 1085 1086 1087 1088
705 706 711 713
479
222 223 224 225 227 228 231 246 301 303 305 306 440 441 443 444 445 446 447 448 449 450 455 456 457 458 459 539 541 550 557 576 584 593 599 616 619 629 639 640 644 686 706 734 735 736 737 771 779 780 782 783 784 791 867 872 885 887 900 902 905 906 1072 1073 1080 1087 1088 1089 1090
481
222 223 224 225 227 228 231 246 311 312 313 314 315 316 317 318 319 320 321 322 323 324 440 441 443 444 445 446 447 448 449 450 453 455 456 457 458 459 539 541 550 557 576 593 599 616 619 686 734 735 771 867 902 905 906 928 929 930 931 950 1072 1073 1080 1087 1088 1089 1090
246 557 576 596 597 598 599 620 621 622 623 624 625 628 684 735 771 855 867 874 888
363 365
222 223 224 225 227 228 231 232 246 300 301 303 305 306 440 441 443 444 446 447 448 449 450 455 456 457 458 459 539 541 550 557 576 584 593 599 616 619 629 639 640 644 686 706 734 735 736 737 771 779 780 781 782 783 784 791 792 794 867 872 885 887 900 1072 1073 1080 1083 1087 1088 1089 1090 1091 1092 1093 1098
1025 1026 1027 1028 1029 1030 1031
131 146 151 160 163 166 168 179 186 190 191 192 193 196 197 198 199 200 201 202 203 204 205 208 216 222 223 224 225 227 228 231 232 237 246 247 248 250 253 262 264 266 269 279 280 281 297 298 299 307 308 309 312 313 314 339 340 349 351 353 354 358 359 360 374 375 380 399 404 406 417 419 438 461 462 463 464 465 494 498 501 506 558 560 568 576 577 583 584 592 596 597 598 599 608 611 612 614 615 616 620 622 625 629 630 639 640 645 647 648 649 651 662 664 672 693 706 759 765 771 840 841 842 1043 1044 1076 1087 1088
488 491 492 1074 1076 1079 1080
440 543 576 577 593 619 639 640 642 644 858
510 511 1080 1087 1088
967 970 971 1074 1076 1079 1080
326 327 328 329 330 331 332
222 223 224 225 226 227 228 231 246 440 441 443 444 445 446 447 448 449 450 455 456 457 458 459 539 541 550 557 576 593 599 616 619 686 734 735 771 867 902 905 906 910 911 913 914 915 916 920 928 947 948 949 1072 1073 1080 1087 1088 1089 1090
771 773
125
510 512 1087 1088
222 223 224 225 227 228 231 232 246 300 301 303 305 306 440 441 443 444 446 447 448 449 450 455 456 457 458 459 539 541 550 557 576 584 593 599 616 619 629 639 640 644 686 706 734 735 736 737 771 779 780 781 782 783 784 791 792 794 867 872 885 887 900 1072 1073 1080 1083 1087 1088 1089 1090 1091 1092 1093 1098
222 223 224 225 226 227 228 231 246 301 303 305 306 440 441 443 444 445 446 447 448 449 450 455 456 457 458 459 539 541 550 557 576 584 593 599 616 619 629 639 640 644 686 706 734 735 736 737 771 779 780 782 783 784 791 867 872 885 887 900 902 905 906 910 911 913 914 915 916 921 1072 1073 1080 1087 1088 1089 1090
462 749 752
222 223 224 225 226 227 228 231 246 440 441 443 444 445 446 447 448 449 450 455 456 457 458 459 482 483 539 541 550 557 576 584 593 599 616 619 629 639 640 644 686 706 734 735 736 737 771 784 785 786 787 867 872 885 887 900 902 905 906 910 911 913 914 915 916 921 1072 1073 1080 1087 1088 1089 1090
223 224 226 228 230 902 910 911 913 914 915 916 921
181 188 191 193 194 196 197 200 205 438 843 844 847 848 849 850 852 854
67 75 76 86 554 722 723 724 726 727 729
300 301 302 303 304 305 1048 1050 1052 1053 1058 1062 1075 1076 1077 1078 1079 1087 1088 1091 1098
409 418
222 223 224 225 227 228 231 232 246 440 441 443 444 446 447 448 449 450 451 452 455 456 457 458 459 539 541 550 557 576 593 599 616 619 686 734 735 771 867 928 937 938 939 960 961 1072 1073 1080 1084 1085 1086 1087 1088 1089 1090
705 706 710
151 160 161 163 179 181 186 188 192 196 197 198 199 222 223 224 225 226 227 228 231 232 237 246 248 250 253 279 280 281 288 289 290 374 375 380 381 393 398 399 402 409 461 462 463 464 465 518 541 550 557 576 577 589 592 599 610 611 612 613 614 615 616 685 686 694 759 765 771 902 910 911 913 914 915 916 921 1032 1033 1041 1042 1087
151 168 173 179 191 193 196 197 198 199 200 205 207 208 222 223 224 225 227 228 229 230 231 232 237 260 262 264 266 269 270 276 339 340 349 351 353 354 358 359 360 374 375 380 415 417 438 462 463 464 465 494 498 501 506 576 577 608 611 612 614 615 616 631 639 640 651 662 664 672 674 834 835 836 840 841 842 1076 1079 1087
151 160 161 163 164 179 181 186 187 188 192 196 197 198 199 222 223 224 225 227 228 231 232 233 234 236 237 246 248 250 253 279 280 281 282 283 284 288 289 290 374 375 380 381 393 398 399 400 402 409 461 462 463 464 465 518 541 550 557 576 577 581 589 591 592 599 600 602 605 607 609 611 612 614 615 616 685 686 694 759 762 763 765 771 1032 1033 1041 1042 1084 1085 1086 1087 1088
440 543 550 576 577 584 593 599 616 619 629 639 640 642 644 686 706 736 737 858 872 885 887 900 903
222 223 224 225 226 227 228 231 246 440 441 443 444 445 446 447 448 449 450 455 456 457 458 459 528 530 539 541 550 557 576 593 595 599 616 619 686 734 735 771 867 902 905 906 910 911 913 914 915 916 923 928 944 945 946 1072 1073 1080 1087 1088 1089 1090
498 499 1087 1088
146 151 168 174 179 191 193 196 197 198 199 200 205 208 210 213 222 223 224 225 227 228 231 232 300 301 339 340 349 351 353 354 358 359 360 374 375 380 406 412 417 419 438 462 464 465 494 501 576 577 584 599 614 629 639 640 651 659 662 664 672 706 825 826 827 840 841 842 1044 1087 1091 1094 1095 1096 1097
181 188 191 193 196 197 200 848 849
337 346 356 363 484
222 223 224 225 227 228 231 246 440 441 443 444 445 446 447 448 449 450 455 456 457 458 459 482 483 539 541 550 557 576 584 593 599 616 619 629 639 640 644 686 706 734 735 736 737 771 784 785 786 787 867 872 885 887 900 902 905 906 1072 1073 1080 1087 1088 1089 1090
143 180
1048 1062 1064 1080 1087 1088
131 146 151 160 161 167 168 179 181 188 189 191 193 196 197 198 199 200 201 202 203 204 205 208 215 216 222 223 224 225 227 228 231 232 262 264 266 269 288 289 290 309 310 312 313 314 315 339 340 349 351 353 354 358 359 360 374 375 380 402 406 417 419 438 461 462 464 465 494 498 501 506 576 577 580 584 589 599 614 629 630 639 640 645 647 648 649 651 654 662 664 672 680 705 706 708 711 716 840 841 842 1043 1044 1076 1087 1088
222 223 224 225 227 228 231 232 246 440 441 443 444 446 447 448 449 450 452 455 456 457 458 459 482 483 539 541 550 557 576 577 584 593 599 616 619 629 639 640 644 667 672 686 706 734 735 736 737 771 784 785 786 787 867 869 870 872 883 884 885 887 889 898 899 900 1072 1073 1080 1087 1088 1089 1090
151 168 174 179 191 193 196 197 198 199 200 205 208 210 213 222 223 224 225 227 228 231 232 301 303 305 339 340 349 351 353 354 358 359 360 374 375 380 412 417 438 462 464 465 494 501 576 577 614 639 640 651 658 659 662 664 672 825 826 827 840 841 842 1087
317 318 319 320 321 322 323 440
317 318 319 320 321 322 323 324 440
222 223 224 225 227 228 231 246 440 441 443 444 445 446 447 448 449 450 455 456 457 458 459 539 541 550 557 576 584 593 599 616 619 629 639 640 644 686 706 734 735 736 737 771 784 788 789 790 867 872 885 887 900 902 905 906 1072 1073 1080 1087 1088 1089 1090
0 1 2 3 4 5 6 22 23 24 25 27 28 29 31 32 33 34 35 36 40 41 130 131 132 146 151 160 163 166 174 175 176 179 181 184 186 188 190 191 192 193 196 197 198 199 200 201 202 203 204 205 208 210 213 216 222 223 224 225 227 228 231 232 237 246 247 248 250 253 262 264 266 269 279 280 281 297 298 299 301 303 305 307 308 309 312 313 314 337 349 351 353 354 363 364 374 375 380 381 393 398 399 404 406 409 414 419 421 422 423 424 425 426 427 428 429 430 431 432 433 434 435 438 461 462 463 464 465 494 498 501 506 518 541 557 558 560 568 576 577 583 584 592 596 597 598 599 608 611 612 615 616 620 622 625 629 630 639 640 645 647 648 649 660 661 672 685 693 694 706 759 765 771 831 832 833 1032 1044 1046 1047 1076 1087 1088
44 46 47 48 49 50 57 58 59 61 63 65 69 71 73 77 81 82 92 94 96 97 98 99 100 107 120 132 135 136 138 139 140 143 144 145 151 157 159 179 180 196 197 198 199 222 223 224 225 227 228 229 230 231 232 236 237 239 241 243 244 245 374 375 380 381 382 383 388 391 392 394 396 398 409 438 439 460 462 464 465 518 524 525 526 527 528 529 534 536 546 547 548 554 555 556 599 606 607 609 611 612 614 615 616 685 689 694 697 954 957 960 961 963 966 967 970 973 974 975 979 980 981 985 986 987 1032 1034 1035 1036 1037 1038 1074 1076 1078 1079 1084 1085 1086 1087 1088
44 46 47 48 49 50 59 61 63 65 69 71 72 73 74 77 81 92 94 96 130 131 132 135 136 138 139 140 143 144 145 146 151 157 160 163 166 173 179 180 181 182 183 184 186 188 190 191 192 193 196 197 198 199 200 201 202 203 204 205 207 208 216 222 223 224 225 227 228 229 230 231 232 237 239 241 243 244 245 246 247 248 250 253 262 264 265 266 268 269 270 276 279 280 281 297 298 299 307 308 309 312 313 314 337 349 351 353 354 363 364 374 375 380 381 382 383 388 391 393 394 396 398 399 404 406 409 415 419 423 424 425 426 427 428 429 431 433 434 435 438 439 460 461 462 463 464 465 494 498 501 506 518 525 526 527 528 529 534 536 541 546 547 548 550 554 555 556 557 558 560 568 576 577 583 584 592 596 597 598 599 608 609 611 612 614 615 616 620 622 625 629 630 635 636 639 640 645 647 648 649 672 674 685 686 689 693 694 697 706 759 765 771 834 835 836 954 957 963 967 970 973 974 975 985 986 987 1032 1034 1035 1036 1037 1038 1041 1042 1043 1044 1074 1076 1078 1079 1087 1088
373 374
148 150 151 373 374 375 377 379 380
339 358 550 584 599 614 616 629 651 686 706 736 737 872 885 887 900
125 222 223 224 228 229 230 231 232 236 237 239 241 243 245 246 436 437 441 443 444 446 447 448 449 450 455 456 457 458 459 477 478 479 480 481 518 524 525 535 539 541 546 549 550 557 576 577 584 599 606 607 609 611 612 614 615 616 619 629 639 640 672 678 685 686 694 695 696 698 700 701 702 704 706 721 734 735 736 737 771 855 862 867 870 871 872 874 884 885 886 887 888 897 900 954 956 957 959 960 962 963 965 968 972 1005 1006 1007 1008 1009 1072 1073 1075 1076 1077 1080 1081 1082 1084 1085 1086 1087 1088 1089 1090
476
222 223 224 225 227 228 231 246 440 441 443 444 445 446 447 448 449 450 455 456 457 458 459 539 541 550 557 576 593 599 616 619 686 734 735 771 773 774 867 902 905 906 928 940 942 943 1072 1073 1080 1087 1088 1089 1090
969 970 971 1076 1079 1080
222 223 224 225 227 228 231 232 246 301 303 305 306 440 441 443 444 446 447 448 455 456 457 458 459 539 541 550 557 576 584 593 599 616 619 629 639 640 644 686 706 734 735 736 737 771 779 780 781 782 783 784 795 796 797 798 799 804 867 872 885 887 900 1072 1073 1080 1083 1087 1088 1089 1090
222 223 224 228 229 230 231 232 237 238 239 240 241 242 243 244 245 441 443 444 446 447 448 449 450 455 456 457 458 459 539 549 619 954 956 957 959 960 962 963 965 968 970 972 1005 1006 1007 1008 1009 1072 1073 1075 1076 1077 1079 1080 1081 1082 1084 1085 1086 1087 1088 1089 1090
222 223 224 225 227 228 231 232 246 440 441 443 444 446 447 448 449 450 452 455 456 457 458 459 482 483 539 541 550 557 576 584 593 599 616 619 629 639 640 644 686 706 734 735 736 737 771 784 785 786 787 867 872 885 887 900 1072 1073 1080 1087 1088 1089 1090
131 200 205
373 374 375 376 378 380
67 75 86 87 554 722 723 724 725 726 727 730 731 732 733
222 223 224 225 227 228 231 232 246 301 303 305 306 440 441 443 444 445 446 447 448 449 450 455 456 457 458 459 539 541 550 557 576 584 593 599 616 619 629 639 640 644 686 706 734 735 736 737 771 779 780 781 782 783 784 791 792 793 867 872 885 887 900 902 905 906 910 911 913 914 915 916 917 1072 1073 1080 1083 1087 1088 1089 1090

1049 1052 1053 1065 1074 1076 1078 1079
246 541 550 557 576 580 584 599 616 629 639 640 654 686 706 734 735 736 737 771 867 872 885 887 900
223 224 226 228 902 908 910 911 913 914 915 916
222 223 224 225 227 228 229 230 231 246 440 441 442 443 444 445 446 447 448 449 450 455 456 457 458 459 539 541 550 557 576 593 599 616 619 686 734 735 771 867 902 905 906 928 933 935 936 1072 1073 1080 1087 1088 1089 1090
902 910 911 913 914 915 916 919 1050 1066 1068 1075 1076 1077 1079
222 223 224 227 228 231 232 311 312 313 314 315 316 317 318 319 320 321 322 323 324 440 441 443 444 446 447 448 449 450 453 454 455 456 457 458 459 539 549 619 1005 1016 1017 1018 1019 1072 1073 1080 1087 1088 1089 1090
181 188 191 193 196 197 200 848 849
222 223 224 225 226 227 228 231 246 301 303 305 306 440 441 443 444 445 446 447 448 449 450 455 456 457 458 459 539 541 550 557 576 584 593 599 616 619 629 639 640 644 686 706 734 735 736 737 771 779 780 782 783 784 791 867 872 885 887 900 902 905 906 910 911 913 914 915 916 922 1072 1073 1080 1087 1088 1089 1090
151 160 161 163 164 179 181 186 187 188 192 196 197 198 199 222 223 224 225 227 228 231 232 233 234 236 237 246 248 250 253 279 280 281 282 283 284 288 289 290 374 375 380 381 393 398 399 400 402 409 461 462 463 464 465 518 529 541 550 557 576 577 581 589 591 592 599 600 602 605 607 609 611 612 614 615 616 685 686 689 694 759 762 763 765 771 1032 1041 1042 1084 1085 1086 1087 1088
151 160 161 162 179 181 182 188 196 197 198 199 222 223 224 225 226 227 228 231 232 246 288 289 290 291 292 293 374 375 380 381 393 398 402 403 409 461 462 464 465 518 541 550 557 576 577 589 590 599 685 686 694 771 902 905 906 910 911 913 914 915 916 921 1032 1033 1041 1042
151 160 161 163 179 181 186 188 192 196 197 198 199 222 223 224 225 227 228 231 232 237 246 248 250 253 279 280 281 288 289 290 374 375 380 381 393 398 399 402 409 461 462 463 464 465 518 541 550 557 576 577 589 592 599 610 611 612 613 614 615 616 685 686 694 759 765 771 1032 1033 1041 1042 1087
151 161 179 181 188 196 197 198 199 222 223 224 225 226 227 228 231 232 246 288 289 290 374 375 380 381 393 398 402 409 461 462 464 465 518 541 550 557 576 577 589 599 685 686 694 771 901 902 905 906 910 911 913 914 915 916 1032 1033 1041 1042
222 223 224 225 226 227 228 231 246 301 303 305 306 440 441 443 444 445 446 447 448 449 450 455 456 457 458 459 539 541 550 557 576 584 593 599 616 619 629 639 640 644 686 706 734 735 736 737 771 779 780 782 783 784 791 867 872 885 887 900 902 905 906 910 911 913 914 915 916 919 1072 1073 1080 1087 1088 1089 1090
679 680
441 448 741 742 743 744 988 990 992 993 994 1080 1087 1088
498 499 1080 1087 1088
47 48 49 50 51 52 53 54 55 56 59 61 65 67 77 79 81 83 88 90 92 222 223 224 228 229 230 231 232 237 239 241 243 244 245 438 439 441 443 444 446 447 448 449 450 454 455 456 457 458 459 477 478 480 481 518 525 526 527 528 529 534 536 539 543 546 548 549 555 599 609 611 612 614 615 616 619 685 689 694 697 721 728 855 856 857 858 862 868 873 874 888 954 956 957 959 960 962 963 965 968 970 972 996 997 998 999 1000 1001 1002 1005 1006 1007 1008 1009 1025 1026 1027 1028 1029 1030 1031 1070 1071 1072 1073 1075 1076 1077 1078 1079 1080 1081 1082 1084 1085 1086 1087 1088 1089 1090
222 223 224 225 227 228 229 230 231 232 237 246 247 248 250 253 256 259 262 264 266 269 307 308 309 310 311 312 313 314 315 316 317 318 319 320 321 322 323 324 440 441 442 443 444 446 447 448 449 450 453 454 455 456 457 458 459 494 498 501 506 539 561 562 563 568 576 577 583 584 592 593 599 608 611 612 615 616 619 620 622 625 629 630 639 645 646 647 648 649 690 691 692 705 706 711 736 737 759 761 764 765 767 768 770 771 775 776 778 869 870 872 875 882 883 884 885 887 900 928 929 930 931 932 933 934 935 936 950 951 1072 1073 1076 1080 1081 1082 1083 1087 1088 1089 1090
160 167 196 197 198 576
222 223 224 225 227 228 229 230 231 232 235 237 246 247 248 249 250 251 253 254 256 257 259 440 441 442 443 444 446 447 448 449 450 455 456 457 458 459 539 541 550 557 576 593 599 616 619 686 734 735 759 761 762 764 765 767 768 770 771 772 775 776 778 867 928 933 934 935 936 1072 1073 1080 1081 1082 1083 1084 1085 1086 1087 1088 1089 1090
125 477 478 479 480 481
804 805 807
762 763 1080 1084 1085 1086 1087 1088
222 223 224 225 227 228 231 232 246 440 441 443 444 446 447 448 449 450 451 452 455 456 457 458 459 539 541 550 557 576 584 593 599 616 619 629 639 640 644 686 706 734 735 736 737 771 784 812 813 814 867 872 885 887 900 1072 1073 1080 1087 1088 1089 1090
44 45 46 903
776 777 1080 1087 1088
234 235 960 1084 1085 1086 1087 1088
968 970 971 1075 1076 1077 1079 1080
339 349 358 359
146 151 160 161 162 168 179 181 182 188 191 193 196 197 198 199 200 205 208 222 223 224 225 226 227 228 231 232 246 288 289 290 291 292 293 339 340 349 351 353 354 358 359 360 374 375 380 381 393 398 402 403 406 409 417 419 438 461 462 464 465 494 501 518 541 550 557 576 577 584 589 590 599 614 629 639 640 651 662 664 672 685 686 694 706 771 840 841 842 902 905 906 910 911 913 914 915 916 920 1032 1033 1041 1042 1043 1044 1087
222 223 224 225 227 228 231 246 440 441 443 444 445 446 447 448 449 450 455 456 457 458 459 539 541 550 557 576 593 595 599 616 619 686 734 735 771 867 902 905 906 928 944 945 946 1072 1073 1080 1087 1088 1089 1090
222 223 224 225 227 228 231 232 246 338 342 343 344 345 346 347 349 351 352 353 354 355 356 357 368 369 440 441 443 444 446 447 448 449 450 452 455 456 457 458 459 484 486 487 489 491 492 494 496 501 502 510 511 539 541 550 557 576 584 593 599 616 619 629 639 640 644 686 706 734 735 736 737 771 784 815 816 817 818 867 872 885 887 900 1072 1073 1075 1076 1077 1079 1080 1087 1088 1089 1090
128
146 151 173 179 191 196 197 198 222 223 224 225 226 227 228 229 230 231 374 375 380 406 415 419 462 463 464 465 576 577 584 599 610 611 613 614 615 616 629 639 640 672 674 706 834 835 836 902 910 911 913 914 915 916 921 1043 1044
475
170 196 197 198 576
222 223 224 225 227 228 231 232 246 440 441 443 444 446 447 448 449 450 452 455 456 457 458 459 539 541 550 557 576 593 599 616 619 686 734 735 771 773 774 867 928 940 942 943 1072 1073 1080 1087 1088 1089 1090
1082
493 1082
222 223 224 225 226 227 228 229 230 231 246 440 441 442 443 444 445 446 447 448 449 450 455 456 457 458 459 539 541 550 557 576 584 593 599 616 619 629 639 640 644 686 706 734 735 736 737 771 784 808 810 811 867 872 885 887 900 902 905 906 910 911 913 914 915 916 921 1072 1073 1080 1087 1088 1089 1090
222 223 224 228 229 230 231 232 237 239 241 243 245 441 443 444 446 447 448 449 450 455 456 457 458 459 539 549 619 954 956 957 959 960 962 963 965 968 972 1005 1006 1007 1008 1009 1072 1073 1075 1076 1077 1080 1081 1082 1084 1085 1086 1087 1088 1089 1090
771 772 775 1083
1050 1058 1060 1075 1076 1077 1079
1050 1052 1053 1066 1075 1076 1077 1078 1079
151 168 171 172 173 179 191 193 196 197 198 199 200 205 207 208 211 222 223 224 225 227 228 229 230 231 232 233 234 236 237 262 264 266 269 270 271 273 274 276 277 339 340 349 351 353 354 358 359 360 374 375 380 415 416 417 438 462 463 464 465 494 498 501 506 515 516 576 577 600 602 605 607 609 611 612 614 615 616 639 640 651 655 662 664 672 673 674 834 835 836 837 838 839 840 841 842 1076 1084 1085 1086 1087 1088
222 223 224 225 226 227 228 231 246 311 312 313 314 315 316 317 318 319 320 321 322 323 324 440 441 443 444 445 446 447 448 449 450 453 455 456 457 458 459 539 541 550 557 576 593 599 616 619 686 734 735 771 867 902 905 906 910 911 913 914 915 916 921 928 929 930 931 952 1072 1073 1080 1087 1088 1089 1090
337 349 363 364
131 200 205
229 230
222 223 224 227 228 231 232 246 247 248 249 250 311 312 313 314 315 316 317 318 319 320 321 322 323 324 440 441 443 444 446 447 448 449 450 453 454 455 456 457 458 459 539 541 549 550 557 564 568 569 571 572 599 608 611 615 616 619 686 734 735 759 765 771 867 1005 1016 1017 1018 1019 1072 1073 1080 1087 1088 1089 1090
222 223 224 225 227 228 231 232 246 301 303 305 306 420 421 422 440 441 443 444 446 447 448 449 450 455 456 457 458 459 539 541 550 557 576 584 593 599 616 619 629 639 640 644 686 706 734 735 736 737 771 779 780 781 782 783 784 800 801 802 867 872 885 887 900 904 1072 1073 1080 1083 1087 1088 1089 1090
236 271 273 274 277
741 742 1080 1087 1088
222 223 224 225 226 227 228 231 246 339 349 351 352 353 354 355 356 357 358 359 361 440 441 443 444 445 446 447 448 449 450 455 456 457 458 459 494 495 496 539 541 550 557 576 584 593 599 616 619 629 639 640 644 686 706 734 735 736 737 771 784 815 816 817 818 867 872 885 887 900 902 905 906 910 911 913 914 915 916 921 1072 1073 1080 1087 1088 1089 1090
317 318 319 320 321 440
125 222 223 224 228 229 230 231 232 236 237 239 241 243 245 246 436 437 441 443 444 446 447 448 449 450 455 456 457 458 459 477 478 479 480 481 518 524 525 535 539 541 546 549 550 557 576 577 584 599 606 607 609 611 612 614 615 616 619 629 639 640 672 678 685 686 694 695 696 698 700 701 702 704 706 721 734 735 736 737 771 855 862 867 870 871 872 874 884 885 886 887 888 897 900 954 956 957 959 960 962 963 965 968 972 1005 1006 1007 1008 1009 1072 1073 1075 1076 1077 1080 1081 1082 1084 1085 1086 1087 1088 1089 1090
196 197 198 200 208 339 349 358 359 438
1082
903 905 907
151 160 161 163 164 179 181 186 187 188 192 196 197 198 199 222 223 224 225 227 228 231 232 233 234 236 237 246 248 250 253 279 280 281 282 283 284 288 289 290 374 375 380 381 393 398 399 400 402 409 461 462 463 464 465 518 541 550 557 576 577 581 589 591 592 599 600 602 605 607 609 611 612 614 615 616 685 686 694 759 762 763 765 771 1032 1033 1041 1042 1084 1085 1086 1087 1088
222 223 224 225 227 228 231 232 246 440 441 443 444 446 447 448 449 450 452 455 456 457 458 459 539 541 550 557 576 593 599 616 619 686 734 735 771 867 928 947 948 949 1072 1073 1080 1087 1088 1089 1090
146 151 160 161 168 174 178 179 181 188 191 193 195 196 197 198 199 200 201 205 208 212 213 222 223 224 225 227 228 231 232 246 288 289 290 325 326 327 328 329 330 331 338 339 340 341 342 345 348 349 351 353 354 358 359 360 362 368 369 370 374 375 380 393 402 406 412 417 419 438 440 461 462 464 465 494 501 510 512 513 541 550 557 567 576 577 582 584 589 593 599 614 619 629 639 640 644 651 652 658 659 662 663 664 672 686 706 771 825 826 827 840 841 842 1041 1042 1043 1044 1087 1088
705 706 711 714
227 228
246 440 441 448 455 456 458 459 541 550 557 576 593 595 599 616 619 686 734 735 771 867 928 944 945 1072 1073 1080 1087 1088 1089 1090
151 160 162 179 196 197 198 222 223 224 225 226 227 228 231 246 291 292 293 374 375 380 381 393 398 403 409 461 462 464 465 518 541 550 557 576 577 590 599 685 686 694 771 902 905 906 910 911 913 914 915 916 921 1032 1033 1041 1042
1050 1052 1058 1075 1076 1077 1079
222 223 224 225 227 228 229 230 231 232 236 237 260 261 262 263 264 265 266 268 269 270 271 276 440 441 442 443 444 446 447 448 449 450 455 456 457 458 459 488 491 493 494 497 498 500 501 503 505 507 509 510 514 515 517 539 576 577 593 607 608 609 611 612 615 616 619 631 632 633 635 636 637 638 639 640 644 672 674 784 808 809 810 811 869 870 883 884 894 898 899 1072 1073 1074 1075 1076 1077 1078 1079 1080 1081 1082 1084 1085 1086 1087 1088 1089 1090
0 1 2 3 4 5 6 21 23 24 25 27 30 31 32 36 37 38 39 40 41 43 130 131 132 146 151 160 163 166 168 170 179 181 184 186 188 190 191 192 193 194 196 197 198 199 200 201 202 203 204 205 208 216 222 223 224 225 227 228 231 232 237 246 247 248 250 253 262 263 264 266 269 279 280 281 297 298 299 307 308 309 312 313 314 337 340 343 349 351 353 354 363 364 365 374 375 380 381 393 398 399 404 406 409 411 417 419 421 422 423 424 425 426 427 428 429 430 431 432 433 434 435 438 461 462 463 464 465 494 498 501 506 518 541 557 558 560 568 576 577 583 584 592 596 597 598 599 608 611 612 614 615 616 620 622 625 629 630 633 639 640 645 647 648 649 651 662 666 672 685 693 694 706 759 765 771 822 823 824 840 841 842 1032 1044 1046 1047 1076 1087 1088
222 223 224 225 226 227 228 229 230 231 440 441 442 443 444 446 447 448 449 450 455 456 457 458 459 539 576 577 593 610 611 613 614 615 616 619 639 640 644 672 674 784 808 810 811 869 870 883 884 894 898 899 902 910 911 913 914 915 916 921 1072 1073 1080 1087 1088 1089 1090
128 153 196 197 198
174 177 196 197 198 199 576
143 180
337 343 351 363
151 160 163 165 179 186 188 192 196 197 198 199 222 223 224 225 227 228 231 232 237 246 248 250 251 252 253 279 280 281 285 286 287 374 375 380 399 401 461 462 463 464 465 573 576 577 585 586 587 592 609 611 612 615 616 759 765 771 772 1087
498 499 515 516 1084 1085 1086 1087
160 164 196 197 198
222 223 224 225 227 228 231 232 233 234 236 271 273 274 277 440 441 443 444 446 447 448 449 450 451 452 455 456 457 458 459 515 516 539 576 577 593 600 602 605 614 619 639 640 644 655 672 673 784 812 813 814 869 870 883 884 895 898 899 1072 1073 1080 1084 1085 1086 1087 1088 1089 1090
0 1 2 3 4 5 6 21 23 24 25 27 30 31 32 36 37 38 39 40 41 42 43 130 131 132 146 151 160 163 166 168 170 173 179 181 184 186 188 190 191 192 193 194 196 197 198 199 200 201 202 203 204 205 207 208 216 222 223 224 225 227 228 229 230 231 232 237 246 247 248 250 253 261 262 263 264 266 269 270 276 279 280 281 297 298 299 307 308 309 312 313 314 337 340 343 349 351 353 354 363 364 365 374 375 380 381 393 398 399 404 406 409 411 415 417 419 421 422 423 424 425 426 427 428 429 430 431 432 433 434 435 438 461 462 463 464 465 494 498 501 506 507 518 541 557 558 560 568 576 577 583 584 592 596 597 598 599 608 611 612 614 615 616 620 622 625 629 630 632 633 639 640 645 647 648 649 651 662 666 672 674 685 693 694 706 759 765 771 822 823 824 834 835 836 840 841 842 1032 1044 1046 1047 1076 1078 1079 1087 1088
317 318 319 320 321 440
374
768 1087 1088
222 223 224 227 228 231 232 311 312 313 314 315 316 317 318 319 320 321 322 323 324 440 441 443 444 446 447 448 449 450 453 454 455 456 457 458 459 539 549 619 1005 1016 1017 1018 1019 1072 1073 1080 1087 1088 1089 1090
222 223 224 228 229 230 231 232 237 238 239 241 243 245 441 443 444 446 447 448 449 450 455 456 457 458 459 518 531 539 546 549 599 609 611 612 615 616 619 685 694 721 855 862 874 888 954 956 957 959 960 962 963 965 968 972 1005 1006 1007 1008 1009 1072 1073 1075 1076 1077 1080 1081 1082 1084 1085 1086 1087 1088 1089 1090
482 483 1080 1087 1088
705 706 707 708 712
238 239 240 241 242 243 244 245 954 957 963 967 970 1074 1076 1079 1087 1088
126 151 168 174 177 179 191 193 196 197 198 199 200 205 208 210 213 222 223 224 225 227 228 231 232 301 303 305 339 340 349 351 353 354 358 359 360 374 375 380 413 417 438 462 464 465 494 501 576 577 614 639 640 651 656 657 662 664 672 804 806 828 829 830 840 841 842 1087
222 223 224 225 227 228 229 230 231 232 237 246 262 264 266 269 270 276 440 441 442 443 444 446 447 448 449 450 455 456 457 458 459 488 493 494 497 498 500 501 503 505 509 510 514 515 517 539 541 550 557 576 584 593 599 616 619 629 639 640 644 686 706 734 735 736 737 771 784 808 809 810 811 867 872 885 887 900 1072 1073 1074 1075 1076 1077 1080 1081 1082 1084 1085 1086 1087 1088 1089 1090
246 440 441 448 455 456 458 459 541 550 557 576 593 595 599 616 619 686 734 735 771 867 928 944 945 1072 1073 1080 1087 1088 1089 1090
47 48 49 50 51 52 53 54 55 56 57 58 59 60 61 62 63 64 65 66 67 68 69 70 71 72 73 74 75 76 77 78 79 80 81 82 83 84 85 86 87 88 89 91 92 93 94 95
222 223 224 225 227 228 231 232 337 340 349 351 352 353 354 355 356 357 363 364 365 366 440 441 443 444 446 447 448 449 450 452 455 456 457 458 459 494 495 496 539 576 577 593 614 619 639 640 644 651 662 665 672 784 815 816 817 818 869 870 883 884 896 898 899 1072 1073 1080 1087 1088 1089 1090
526 553 856 860
125 222 223 224 228 229 230 231 232 236 237 239 241 243 245 246 436 437 440 441 443 444 446 447 448 449 450 455 456 457 458 459 477 478 479 480 481 518 524 525 535 539 541 546 549 550 557 570 576 577 593 599 606 607 609 611 612 614 615 616 619 685 686 694 695 696 717 718 719 720 721 734 735 771 855 862 867 870 871 874 884 886 888 954 956 957 959 960 962 963 965 968 972 1005 1006 1007 1008 1009 1072 1073 1075 1076 1077 1080 1081 1082 1084 1085 1086 1087 1088 1089 1090
423 424 428
756 757 762 763 1080 1084 1085 1086 1087 1088
222 223 224 225 227 228 231 246 440 441 443 444 445 446 447 448 449 450 451 455 456 457 458 459 539 541 550 557 576 593 599 616 619 686 734 735 771 867 902 905 906 928 937 938 939 1072 1073 1080 1087 1088 1089 1090
222 223 224 225 226 227 228 231 246 440 441 443 444 445 446 447 448 449 450 455 456 457 458 459 539 541 550 557 576 593 599 616 619 686 734 735 771 773 774 867 902 905 906 910 911 913 914 915 916 921 928 940 942 943 1072 1073 1080 1087 1088 1089 1090
902 908 913 914 915 916
138 155
222 223 224 225 227 228 229 230 231 232 236 237 262 264 266 269 270 271 273 274 276 277 440 441 442 443 444 446 447 448 449 450 451 452 455 456 457 458 459 488 490 491 492 493 494 497 498 500 501 503 505 509 510 514 515 516 517 539 576 577 593 609 611 612 615 616 619 639 640 644 671 672 673 674 784 808 809 810 811 812 813 814 869 870 883 884 894 895 898 899 1072 1073 1074 1075 1076 1077 1079 1080 1081 1082 1084 1085 1086 1087 1088 1089 1090
222 223 224 225 227 228 231 232 234 236 271 273 274 277 440 441 443 444 446 447 448 449 450 451 452 455 456 457 458 459 515 516 539 576 577 593 602 604 605 614 619 639 640 644 655 672 673 784 812 813 814 869 870 883 884 895 898 899 1072 1073 1080 1084 1085 1086 1087 1088 1089 1090
222 223 224 225 226 227 228 231 246 440 441 443 444 445 446 447 448 449 450 455 456 457 458 459 539 541 550 557 576 593 595 599 616 619 686 734 735 771 867 901 902 905 906 910 911 913 914 915 916 928 944 945 946 1072 1073 1080 1087 1088 1089 1090
9 12 16 151 160 163 179 186 192 197 198 199 222 223 224 225 227 228 231 232 236 237 246 248 250 253 279 280 281 374 375 380 399 461 462 463 464 465 576 577 592 606 607 609 611 612 615 616 759 765 771 1086 1087
1091 1092 1098
337 344 345 354 363 501 1087 1088
181 185 188 196 197
125 903
325 326 329
518 526 543 599 685 694 721 855 856 858 874 888
131 151 154 157 161 179 181 182 183 184 188 196 197 198 199 222 223 224 225 227 228 231 232 237 238 239 241 243 245 246 248 250 288 289 290 307 308 309 312 313 314 374 375 380 381 388 390 393 398 402 409 438 439 460 461 462 464 465 518 519 521 531 538 541 546 550 557 564 571 572 576 577 589 596 597 598 599 609 611 612 615 616 620 622 625 684 685 686 694 759 765 771 954 957 963 967 973 974 975 982 983 984 1032 1033 1041 1042 1074 1076 1087 1088
368 372
317 318 319 320 321 322 323 440
222 223 224 225 227 228 231 246 440 441 443 444 445 446 447 448 449 450 455 456 457 458 459 539 541 550 557 576 593 599 616 619 686 734 735 771 867 902 905 906 928 947 948 949 1072 1073 1080 1087 1088 1089 1090
146 151 160 161 163 168 169 173 179 181 186 188 191 192 193 196 197 198 199 200 203 205 207 208 209 212 222 223 224 225 227 228 229 230 231 232 237 246 248 250 253 262 264 266 269 270 276 279 280 281 288 289 290 339 340 344 345 349 351 353 354 358 359 360 374 375 380 393 399 402 406 415 417 419 438 461 462 463 464 465 494 498 501 506 541 557 576 577 584 589 592 599 610 611 612 613 614 615 616 629 639 640 651 662 664 672 674 706 759 765 771 834 835 836 840 841 842 1042 1044 1076 1087 1088
222 223 224 225 227 228 231 232 440 441 443 444 446 447 448 449 450 451 452 455 456 457 458 459 539 576 577 589 593 594 595 619 869 870 879 883 884 924 925 926 927 928 944 945 946 1072 1073 1080 1087 1088 1089 1090
1050 1052 1053 1058 1061 1075 1076 1077 1078 1079 1080
440 544 576 577 593 619 639 640 643 644 859
139 146 156 246 381 383 385 393 398 406 409 419 440 518 527 541 544 550 557 576 577 584 593 599 619 629 639 640 643 644 685 686 694 706 771 1032 1033 1041 1042 1043 1044
146 151 161 168 173 179 181 188 191 193 196 197 198 199 200 205 207 208 222 223 224 225 227 228 229 230 231 232 237 246 262 264 266 269 270 275 276 288 289 290 339 340 342 349 351 353 354 358 359 360 374 375 380 393 402 406 415 417 419 438 461 462 463 464 465 494 498 501 506 510 541 550 557 576 577 584 589 599 608 611 612 614 615 616 629 634 639 640 651 662 672 674 686 706 771 834 835 836 840 841 842 1041 1042 1043 1044 1076 1087 1088
337 342 353 363 510 1087
222 223 224 225 227 228 231 232 246 311 312 313 314 315 316 317 318 319 320 321 322 323 324 440 441 443 444 446 447 448 449 450 453 454 455 456 457 458 459 539 541 550 557 576 593 599 616 619 686 734 735 771 867 928 929 930 931 950 951 1072 1073 1080 1087 1088 1089 1090
222 223 224 225 227 228 229 230 231 246 440 441 442 443 444 445 446 447 448 449 450 455 456 457 458 459 539 541 550 557 576 584 593 599 616 619 629 639 640 644 686 706 734 735 736 737 771 784 808 810 811 867 872 885 887 900 902 905 906 1072 1073 1080 1087 1088 1089 1090
441 454 904 996 999 1001 1025 1026 1027 1028 1029 1030 1031
275
44 46 47 48 49 50 57 58 59 60 61 63 65 69 71 73 77 81 92 94 96 98 99 100 132 135 136 138 139 140 143 144 145 151 155 157 179 180 197 198 199 222 223 224 225 227 228 229 230 231 232 237 239 241 243 244 245 374 375 380 381 382 383 384 388 391 394 396 398 409 438 439 460 462 464 465 518 525 526 527 528 529 534 536 543 546 547 548 554 555 556 599 609 611 612 614 615 616 685 689 694 697 954 957 963 967 970 973 974 975 985 986 987 1032 1034 1035 1036 1037 1038 1074 1076 1078 1079 1087
421 422
960 961 1080 1084 1085 1086 1087 1088
771 773
222 223 224 225 227 228 231 232 301 303 305 306 440 441 443 444 446 447 448 455 456 457 458 459 539 576 577 593 619 639 640 644 656 657 672 779 780 781 782 783 784 795 796 797 798 799 804 806 869 870 883 884 892 898 899 1072 1073 1080 1083 1087 1088 1089 1090
146 151 160 163 168 179 186 191 192 193 196 197 198 199 200 201 205 208 222 223 224 225 227 228 231 232 237 246 247 248 250 253 279 280 281 339 340 349 351 353 354 358 359 360 374 375 380 399 406 417 419 438 461 462 463 464 465 494 501 568 576 577 584 592 599 608 611 612 614 615 616 629 639 640 651 662 664 672 706 759 765 771 840 841 842 1043 1044 1087 1088
1048 1062 1063 1087 1088
222 223 224 225 227 228 231 232 246 301 303 305 306 420 421 422 440 441 443 444 446 447 448 449 450 455 456 457 458 459 539 541 550 557 576 584 593 599 616 619 629 639 640 644 686 706 734 735 736 737 771 779 780 781 782 783 784 800 801 802 803 867 872 885 887 900 1072 1073 1080 1083 1087 1088 1089 1090
222 223 224 225 227 228 231 232 246 307 308 310 311 312 313 314 315 316 317 318 319 320 321 322 323 324 440 441 443 444 446 447 448 449 450 453 454 455 456 457 458 459 539 541 550 557 576 593 599 616 619 686 734 735 771 867 928 929 930 931 950 951 1072 1073 1080 1087 1088 1089 1090
222 223 224 225 227 228 231 232 252 253 440 441 443 444 446 447 448 449 450 452 455 456 457 458 459 539 576 577 586 587 593 619 771 773 774 869 870 877 883 884 928 940 942 943 1072 1073 1080 1087 1088 1089 1090
146 151 161 168 169 173 179 181 188 191 193 196 197 198 199 200 203 205 207 208 209 212 222 223 224 225 227 228 229 230 231 232 237 246 262 264 266 269 270 276 288 289 290 339 340 344 345 349 351 353 354 358 359 360 374 375 380 393 402 406 410 415 417 419 438 461 462 463 464 465 494 498 501 506 541 550 557 576 577 584 589 599 610 611 612 613 614 615 616 629 639 640 651 662 664 667 672 674 686 706 771 819 820 821 834 835 836 840 841 842 1041 1042 1043 1044 1076 1087 1088
337 341 904
222 223 224 226 228 229 231 441 443 444 445 446 447 448 449 450 454 902 905 906 910 911 913 914 915 916 923 996 997 999 1001 1002 1025 1026 1027 1028 1029 1030 1031 1070 1071 1080 1087 1088
227 228
440 527 544 576 577 593 619 639 640 643 644 857 859
222 223 224 225 227 228 231 232 246 440 441 443 444 446 447 448 449 450 452 455 456 457 458 459 539 541 550 557 576 593 595 599 616 619 686 734 735 771 867 928 944 945 946 1072 1073 1080 1087 1088 1089 1090
0 1 2 3 4 5 6 7 22 23 24 25 27 28 29 31 32 33 34 35 36 40 41 130 131 132 146 151 160 163 166 174 175 176 179 181 184 186 188 190 191 192 193 196 197 198 199 200 201 202 203 204 205 208 210 213 216 222 223 224 225 227 228 231 232 237 246 247 248 250 253 262 264 266 269 279 280 281 297 298 299 301 303 305 307 308 309 312 313 314 337 349 351 353 354 363 364 374 375 380 381 393 398 399 404 406 409 414 419 421 422 423 424 425 426 427 428 429 430 431 432 433 434 435 438 461 462 463 464 465 494 498 501 506 518 541 557 558 560 568 576 577 583 584 592 596 597 598 599 608 611 612 615 616 620 622 625 629 630 639 640 645 647 648 649 660 661 672 685 693 694 706 759 765 771 831 832 833 1032 1044 1046 1047 1076 1087 1088
1050 1066 1068 1075 1076 1077 1079
125 477 478 479 480 481
58 98 99 101
222 223 224 225 227 228 231 232 246 440 441 443 444 446 447 448 449 450 452 455 456 457 458 459 539 541 550 557 576 593 599 616 619 686 734 735 771 773 774 867 928 940 942 943 1072 1073 1080 1087 1088 1089 1090
771 773 774 1080
222 223 224 225 227 228 231 232 246 440 441 443 444 446 447 448 449 450 452 455 456 457 458 459 539 541 550 557 576 593 595 599 616 619 686 734 735 771 867 928 944 945 946 1072 1073 1080 1087 1088 1089 1090
222 223 224 225 226 227 228 231 246 440 441 443 444 445 446 447 448 449 450 455 456 457 458 459 539 541 550 557 576 584 593 599 616 619 629 639 640 644 686 706 734 735 736 737 771 784 788 789 790 867 872 885 887 900 902 905 906 910 911 913 914 915 916 921 1072 1073 1080 1087 1088 1089 1090
222 223 224 225 227 228 231 232 246 311 312 313 314 315 316 317 318 319 320 321 322 323 324 440 441 443 444 446 447 448 449 450 453 454 455 456 457 458 459 539 541 550 557 576 593 599 616 619 686 734 735 771 867 928 929 930 931 950 951 1072 1073 1080 1087 1088 1089 1090
1050 1052 1053 1066 1069 1075 1076 1077 1078 1079 1080
151 168 174 179 191 193 196 197 198 199 200 205 208 210 213 222 223 224 225 227 228 231 232 301 303 305 338 340 349 351 353 354 368 369 370 374 375 380 412 417 438 462 464 465 494 501 576 577 614 639 640 651 658 659 662 663 672 825 826 827 840 841 842 1087
759 760 1080 1087 1088
222 223 224 227 228 231 232 311 312 313 314 315 316 317 318 319 320 321 322 323 324 440 441 443 444 446 447 448 449 450 453 454 455 456 457 458 459 539 549 619 1005 1016 1017 1018 1019 1072 1073 1080 1087 1088 1089 1090
363 365
131 151 154 157 161 179 181 182 183 184 188 196 197 198 199 222 223 224 225 227 228 231 232 237 238 239 241 243 245 246 248 250 288 289 290 307 308 309 312 313 314 374 375 380 381 388 390 393 398 402 409 438 439 460 461 462 464 465 518 520 521 522 523 531 538 541 546 550 557 564 571 572 576 577 579 589 596 597 598 599 609 611 612 615 616 620 621 622 623 624 625 626 627 684 685 686 694 759 765 771 954 957 963 967 973 974 975 982 983 984 1032 1033 1041 1042 1074 1076 1087 1088
229 230
222 223 224 225 227 228 229 230 231 232 236 237 262 264 266 269 270 271 272 273 274 276 277 278 440 441 442 443 444 446 447 448 449 450 451 452 455 456 457 458 459 488 493 494 497 498 500 501 503 505 509 510 514 515 516 517 539 576 577 593 609 611 612 615 616 619 639 640 644 669 672 674 784 808 809 810 811 812 813 814 869 870 883 884 894 895 898 899 1072 1073 1074 1075 1076 1077 1080 1081 1082 1084 1085 1086 1087 1088 1089 1090
954 955 1080 1087 1088
151 168 174 179 191 193 196 197 198 199 200 205 208 210 213 222 223 224 225 227 228 231 232 301 303 304 305 338 340 349 351 353 354 368 369 370 374 375 380 412 417 438 462 464 465 494 501 576 577 614 639 640 651 659 662 663 672 825 826 840 841 842 902 905 906 910 911 913 914 915 916 922 1051 1052 1059 1060 1076 1079 1087
1080 1087 1088 1089 1090
490 491 492 1076 1079 1080
260 261
481
1048 1054 1055 1087 1088
902 907
169 196 197 198 576
441 448 454 996 997 999 1001 1003 1025 1026 1027 1028 1029 1030 1031 1070 1071 1080 1087 1088
222 223 224 225 226 227 228 231 232 246 440 441 443 444 445 446 447 448 449 450 452 455 456 457 458 459 518 530 539 541 542 550 557 576 593 595 599 616 619 685 686 694 721 734 735 771 855 861 867 874 888 902 905 906 910 911 913 914 915 916 923 928 944 945 946 1072 1073 1080 1087 1088 1089 1090
222 223 224 228 229 230 231 232 236 237 238 239 240 241 242 243 245 441 443 444 446 447 448 449 450 455 456 457 458 459 531 532 533 539 546 549 607 609 611 612 615 616 619 862 954 956 957 959 960 962 963 965 968 972 1005 1006 1007 1008 1009 1072 1073 1075 1076 1077 1080 1081 1082 1084 1085 1086 1087 1088 1089 1090
222 223 224 225 227 228 231 232 246 311 312 313 314 315 316 317 318 319 320 321 322 323 324 440 441 443 444 446 447 448 449 450 453 454 455 456 457 458 459 539 541 550 557 576 593 599 616 619 686 734 735 771 867 928 929 930 931 952 953 1072 1073 1080 1087 1088 1089 1090
1051 1052 1053 1067 1076 1078 1079
317 318 319 320 321 440
146 151 170 179 191 196 197 198 222 223 224 225 226 227 228 231 374 375 380 406 411 419 462 464 465 576 577 584 599 629 639 640 666 672 706 822 823 824 902 905 906 910 911 913 914 915 916 921 1043 1044
960 1084 1085 1086 1087
477 478 480 481
132 904
151 157 158 179 196 197 198 199 222 223 224 227 228 231 232 233 234 236 237 239 241 243 245 374 375 380 381 387 388 389 398 409 438 439 460 462 464 465 518 537 542 545 546 599 600 602 605 607 609 611 612 614 615 616 685 694 954 957 960 961 963 967 973 974 975 976 977 978 1032 1033 1074 1076 1084 1085 1086 1087 1088
222 223 224 225 227 228 231 246 440 441 443 444 445 446 447 448 449 450 451 455 456 457 458 459 539 541 550 557 576 584 593 599 616 619 629 639 640 644 686 706 734 735 736 737 771 784 812 813 814 867 872 885 887 900 902 905 906 1072 1073 1080 1087 1088 1089 1090
337 340 348 363 365
146 151 168 174 179 191 193 196 197 198 199 200 205 208 210 213 222 223 224 225 227 228 231 232 301 302 303 339 340 349 351 353 354 358 359 360 374 375 380 406 412 417 419 438 462 464 465 494 501 576 577 584 599 614 629 639 640 651 659 662 664 672 706 825 826 840 841 842 902 905 906 910 911 913 914 915 916 922 1044 1048 1062 1063 1087 1088
776 1087 1088
222 223 224 225 227 228 231 232 246 261 262 263 264 265 266 268 269 311 312 313 314 315 316 317 318 319 320 321 322 323 324 440 441 443 444 446 447 448 449 450 453 454 455 456 457 458 459 494 498 501 506 507 539 540 541 550 557 576 584 593 599 608 611 615 616 619 629 630 632 633 635 636 645 646 647 648 649 686 706 734 735 736 737 771 867 872 885 887 900 928 929 930 931 932 952 953 1072 1073 1076 1078 1079 1080 1087 1088 1089 1090
576 582 639 640 651 652 904
222 223 224 228 229 230 231 232 441 443 444 446 447 448 449 450 452 455 456 457 458 459 539 549 619 960 961 966 1005 1013 1014 1015 1072 1073 1080 1084 1085 1086 1087 1088 1089 1090
151 152 157 159 179 196 197 198 199 222 223 224 227 228 229 230 231 232 236 237 239 241 243 245 374 375 380 381 388 392 398 409 438 439 460 462 464 465 518 524 525 546 599 606 607 609 611 612 614 615 616 685 694 954 957 960 961 963 966 967 973 974 975 979 980 981 1032 1074 1076 1084 1085 1086 1087 1088
1051 1052 1053 1059 1076 1078 1079
368 370
151 161 168 174 175 176 179 181 188 191 193 196 197 198 199 200 205 208 210 213 222 223 224 225 227 228 231 232 288 289 290 301 303 305 339 340 349 351 353 354 358 359 360 374 375 380 402 417 438 461 462 464 465 494 501 576 577 589 614 639 640 651 662 664 672 840 841 842 1087
222 223 224 225 227 228 231 232 233 234 236 440 441 443 444 446 447 448 449 450 451 452 455 456 457 458 459 539 576 577 581 591 593 600 602 605 614 619 762 763 869 870 876 883 884 928 937 938 939 1072 1073 1080 1084 1085 1086 1087 1088 1089 1090
125 477 478 479 480 481
222 223 224 225 226 227 228 231 246 440 441 443 444 445 446 447 448 449 450 455 456 457 458 459 518 530 539 541 542 550 557 576 593 595 599 616 619 685 686 694 721 734 735 771 855 861 867 874 888 902 905 906 910 911 913 914 915 916 923 928 944 945 946 1072 1073 1080 1087 1088 1089 1090
902 910 911 913 914 915 916 922 1050 1058 1060 1075 1076 1077 1079
44 46 47 48 49 50 51 52 53 54 56 59 61 63 65 69 71 72 73 77 81 88 90 92 94 96 128 129 132 135 136 137 138 139 140 143 144 145 151 153 157 179 180 197 198 199 222 223 224 225 227 228 229 230 231 232 237 239 241 243 244 245 374 375 380 381 382 383 388 391 394 396 397 398 409 438 439 460 462 464 465 518 525 526 527 528 529 534 536 546 547 548 554 555 556 599 609 611 612 614 615 616 685 689 694 697 749 750 751 954 957 963 967 970 973 974 975 985 986 987 1032 1034 1035 1036 1037 1038 1039 1040 1074 1076 1078 1079 1087
222 223 224 225 227 228 231 232 246 311 312 313 314 315 316 317 318 319 320 321 322 323 324 440 441 443 444 446 447 448 449 450 453 454 455 456 457 458 459 539 541 550 557 576 593 599 616 619 686 734 735 771 867 928 929 930 931 952 953 1072 1073 1080 1087 1088 1089 1090
441 443 444 446 447 448 449 450 454 904 996 997 999 1001 1025 1026 1027 1028 1029 1030 1031 1070 1071 1080 1087 1088
753 757 762 763 1080 1084 1085 1086 1087 1088
9 11 12 16 20 151 160 163 164 179 186 187 192 196 197 198 199 222 223 224 225 227 228 231 232 234 236 237 246 248 250 253 279 280 281 282 283 284 374 375 380 399 400 461 462 463 464 465 576 577 581 591 592 601 602 605 606 607 609 611 612 614 615 616 755 757 758 759 762 763 765 771 1084 1085 1086 1087 1088
47 49 51 53 55 57 60 62 64 66 68 70 72 74 76 78 80 82 84 89 93 95 97 98 102 103 104 105 106 107 108 109 110 111 112 113 114 115 116 117 118 119 120 121 122 123 124
222 223 224 227 228 231 441 443 444 445 446 447 448 449 450 451 455 456 457 458 459 539 549 619 902 905 906 1005 1010 1011 1012 1072 1073 1080 1087 1088 1089 1090
771 772 775 1083
222 223 224 227 228 229 230 231 232 237 238 239 241 243 245 246 248 250 307 308 309 311 312 313 314 315 316 317 318 319 320 321 322 323 324 440 441 443 444 446 447 448 449 450 453 454 455 456 457 458 459 519 521 531 538 539 541 546 549 550 557 564 571 572 576 596 597 598 599 609 611 612 615 616 619 620 622 625 684 686 734 735 759 765 771 862 864 867 954 956 957 959 962 963 965 968 972 1005 1006 1007 1008 1009 1016 1017 1018 1019 1072 1073 1075 1076 1077 1080 1081 1082 1087 1088 1089 1090
146 151 168 173 179 191 193 196 197 198 199 200 205 207 208 222 223 224 225 227 228 229 230 231 232 237 262 263 264 266 268 269 270 276 325 326 327 328 329 330 331 338 339 340 341 342 343 344 345 348 349 351 353 354 358 359 360 362 368 369 370 374 375 380 406 415 417 419 438 440 462 463 464 465 494 498 501 506 510 567 576 577 582 584 593 599 608 611 612 614 615 616 619 629 633 636 639 640 644 651 652 662 663 672 674 706 834 835 836 840 841 842 1043 1044 1076 1087 1088
222 223 224 225 226 227 228 231 246 440 441 443 444 445 446 447 448 449 450 451 455 456 457 458 459 539 541 550 557 576 593 599 616 619 686 734 735 771 867 902 905 906 910 911 913 914 915 916 921 928 937 938 939 1072 1073 1080 1087 1088 1089 1090
441 443 444 445 446 447 448 449 450 454 904 905 906 996 997 999 1001 1025 1026 1027 1028 1029 1030 1031 1070 1071 1080 1087 1088
222 223 224 227 228 231 232 441 443 444 446 447 448 449 450 451 452 455 456 457 458 459 539 549 619 960 961 1005 1010 1011 1012 1072 1073 1080 1084 1085 1086 1087 1088 1089 1090
436 437
222 223 224 228 229 230 231 232 441 443 444 446 447 448 449 450 466 467 469 470 471 745 746 747 748 988 989 990 991 993 1004 1080 1087 1088
6 26 138 155 246 381 386 393 398 409 518 541 553 557 576 577 599 685 694 771 1032 1046
131 151 160 161 167 179 181 188 189 196 197 198 199 215 222 223 224 225 227 228 231 232 288 289 290 312 313 314 315 374 375 380 402 461 462 464 465 576 577 589
0 1 2 3 4 6 22 23 24 25 27 29 31 32 33 34 35 36 40 41 130 131 132 146 151 160 163 166 174 175 176 179 181 184 186 188 190 191 192 193 196 197 198 199 200 201 202 203 204 205 208 210 213 216 222 223 224 225 227 228 231 232 237 246 247 248 250 253 262 264 266 269 279 280 281 297 298 299 301 303 305 307 308 309 312 313 314 337 349 351 353 354 363 364 374 375 380 381 393 398 399 404 406 409 414 419 423 424 425 426 427 428 429 430 431 433 434 435 438 461 462 463 464 465 494 498 501 506 518 541 557 558 560 568 576 577 583 584 592 596 597 598 599 608 611 612 615 616 620 622 625 629 630 639 640 645 647 648 649 660 661 672 685 693 694 706 759 765 771 831 832 833 1032 1044 1046 1047 1076 1087 1088
246 338 349 351 352 353 354 355 356 357 368 369 371 440 441 443 444 446 447 448 449 450 455 456 457 458 459 539 541 550 557 576 584 593 599 616 619 629 639 640 644 686 706 734 735 736 737 771 784 815 816 817 867 872 885 887 900 904 1072 1073 1080 1087 1088 1089 1090
337 347 355 363 490 1076
146 151 157 161 168 179 181 182 183 188 191 193 196 197 198 199 200 201 205 208 222 223 224 225 227 228 231 232 237 238 239 240 241 242 243 245 246 288 289 290 339 340 349 351 353 354 358 359 360 374 375 380 381 388 393 398 402 406 409 417 419 438 439 460 461 462 464 465 494 501 518 531 532 533 541 546 550 557 576 577 584 589 599 609 611 612 614 615 616 629 639 640 651 662 664 672 685 686 694 706 771 840 841 842 954 957 963 967 973 974 975 1032 1033 1041 1042 1043 1044 1074 1076 1087 1088
151 161 171 179 181 188 191 196 197 198 199 222 223 224 225 227 228 231 232 288 289 290 374 375 380 402 461 462 464 465 576 577 589 639
44 46 47 48 49 50 59 61 63 65 69 70 71 72 73 77 81 92 94 96 132 135 136 138 139 140 143 144 145 146 151 157 161 168 171 172 173 179 180 181 188 191 193 194 196 197 198 199 200 205 207 208 211 222 223 224 225 226 227 228 229 230 231 232 236 237 239 241 243 244 245 246 262 264 266 269 270 271 272 273 274 276 277 278 288 289 290 339 340 349 351 353 354 358 359 360 374 375 380 381 382 383 388 391 393 394 396 398 402 406 409 415 416 417 419 438 439 460 461 462 463 464 465 484 485 486 487 490 494 498 501 506 518 525 526 527 528 529 534 536 541 546 547 548 550 554 555 556 557 576 577 584 589 599 609 610 611 612 613 614 615 616 629 639 640 651 662 664 669 670 672 674 685 686 689 694 697 706 771 834 835 836 837 838 839 840 841 842 902 910 911 913 914 915 916 921 954 957 963 967 970 973 974 975 985 986 987 1032 1034 1035 1036 1037 1038 1041 1042 1043 1044 1074 1076 1078 1079 1087
146 151 168 174 179 191 193 196 197 198 199 200 205 208 210 213 222 223 224 225 227 228 231 232 300 301 339 340 349 351 353 354 358 359 360 374 375 380 406 412 417 419 438 462 464 465 494 501 576 577 584 599 614 629 639 640 651 659 662 664 672 706 825 826 827 840 841 842 1044 1087 1091 1094 1101 1102 1103
222 223 224 225 227 228 231 232 246 261 262 263 264 265 266 268 269 311 312 313 314 315 316 317 318 319 320 321 322 323 324 440 441 443 444 446 447 448 449 450 453 454 455 456 457 458 459 494 498 501 506 507 539 541 550 557 576 584 593 599 608 611 615 616 619 629 630 632 633 635 636 645 646 647 648 649 682 686 705 706 709 713 734 735 736 737 771 867 872 885 887 900 928 929 930 931 932 950 951 1072 1073 1076 1078 1079 1080 1087 1088 1089 1090
222 223 224 225 227 228 229 230 231 246 440 441 442 443 444 445 446 447 448 449 450 455 456 457 458 459 539 541 550 557 576 593 599 616 619 686 734 735 771 867 902 905 906 928 933 935 936 1072 1073 1080 1087 1088 1089 1090
131 146 151 160 163 166 168 170 179 186 190 191 192 193 194 196 197 198 199 200 201 202 203 204 205 208 216 222 223 224 225 227 228 231 232 237 246 247 248 250 253 262 264 266 269 279 280 281 297 298 299 307 308 309 312 313 314 339 340 349 351 353 354 358 359 360 374 375 380 399 404 406 411 417 419 438 461 462 463 464 465 494 498 501 506 558 560 568 576 577 583 584 592 596 597 598 599 608 611 612 614 615 616 620 622 625 629 630 639 640 645 647 648 649 651 662 664 666 672 693 706 759 765 771 822 823 824 840 841 842 1043 1044 1076 1087 1088
222 223 224 225 227 228 231 232 234 236 271 273 274 277 440 441 443 444 446 447 448 449 450 451 452 455 456 457 458 459 515 516 539 576 577 593 602 605 614 619 639 640 644 655 672 673 784 812 813 814 869 870 883 884 895 898 899 1072 1073 1080 1084 1085 1086 1087 1088 1089 1090
222 223 224 225 227 228 229 230 231 232 236 237 246 247 248 249 250 251 253 254 256 257 259 440 441 442 443 444 446 447 448 449 450 455 456 457 458 459 539 568 569 573 574 575 576 577 592 593 607 608 609 611 612 615 616 619 759 761 762 764 765 767 768 770 771 772 775 776 778 869 870 875 883 884 928 933 934 935 936 1072 1073 1080 1081 1082 1083 1084 1085 1086 1087 1088 1089 1090
222 223 224 225 227 228 231 232 246 440 441 443 444 446 447 448 449 450 452 455 456 457 458 459 482 483 539 541 550 557 576 584 593 599 616 619 629 639 640 644 686 706 734 735 736 737 771 784 785 786 787 867 872 885 887 900 1072 1073 1080 1087 1088 1089 1090
146 151 161 168 169 173 174 179 181 188 191 193 196 197 198 199 200 203 205 207 208 209 210 212 213 222 223 224 225 227 228 229 230 231 232 237 246 262 263 264 265 266 269 270 276 288 289 290 301 303 305 339 340 344 345 349 351 353 354 358 359 360 374 375 380 381 393 398 402 406 409 410 412 415 417 419 438 461 462 463 464 465 494 498 501 506 518 541 550 557 576 577 584 589 599 608 611 612 614 615 616 629 633 635 639 640 651 658 659 662 664 667 672 674 685 686 694 706 771 819 820 821 825 826 827 834 835 836 840 841 842 1032 1033 1041 1042 1043 1044 1076 1087 1088
151 160 163 164 179 186 187 192 196 197 198 199 222 223 224 225 227 228 231 232 233 234 236 237 246 248 250 253 279 280 281 282 283 284 374 375 380 399 400 461 462 463 464 465 576 577 581 591 592 600 602 605 607 609 611 612 614 615 616 759 762 763 765 771 1084 1085 1086 1087 1088
1048 1054 1056 1080 1087 1088
510 513 1087 1088
477 478 480 481
6 146 246 381 393 398 406 409 419 518 541 551 557 584 599 629 685 686 694 706 771 1032 1033 1044 1045 1046 1047
902 910 911 913 914 915 916 919 1048 1054 1055 1087 1088
173 196 197 198 576
128
44 46 47 48 49 50 59 61 63 65 69 71 73 77 81 92 94 96 132 135 136 138 139 140 143 144 145 151 157 179 180 197 198 199 222 223 224 225 227 228 229 230 231 232 237 239 241 243 244 245 246 374 375 380 381 382 383 388 391 393 394 396 398 409 438 439 460 462 464 465 518 525 526 527 528 529 534 536 541 546 547 548 554 555 556 557 599 609 611 612 614 615 616 685 686 689 694 697 771 954 957 963 967 970 973 974 975 985 986 987 1032 1034 1035 1036 1037 1038 1041 1042 1074 1076 1078 1079 1087
128
223 224 228 230 232
6 26 246 541 551 553 557 576 577 599 616 686 738 739 771 860 867
147 149 151 161 179 181 188 196 197 198 199 222 223 224 225 226 227 228 231 232 246 279 281 288 289 290 373 374 375 376 378 380 381 393 398 399 402 409 461 462 463 464 465 518 541 550 557 568 576 577 589 592 599 608 611 615 616 685 686 694 771 902 905 910 911 912 913 914 915 916 921 1032 1041 1042
222 223 224 225 227 228 229 230 231 232 236 237 262 264 266 269 270 271 273 274 276 277 440 441 442 443 444 446 447 448 449 450 451 452 455 456 457 458 459 488 493 494 497 498 500 501 503 505 509 510 514 515 516 517 539 576 577 593 609 611 612 615 616 619 639 640 644 671 672 673 674 784 808 809 810 811 812 813 814 869 870 883 884 894 895 898 899 1072 1073 1074 1075 1076 1077 1080 1081 1082 1084 1085 1086 1087 1088 1089 1090
903 972 1077 1082
1091 1092 1101
222 223 224 225 227 228 231 232 339 340 349 351 352 353 354 355 356 357 358 359 360 361 440 441 443 444 446 447 448 449 450 452 455 456 457 458 459 494 495 496 539 576 577 593 614 619 639 640 644 651 662 664 672 784 815 816 817 818 869 870 883 884 896 898 899 1072 1073 1080 1087 1088 1089 1090
902 905 906 907
1072 1073 1080
316 317 318 319 320 321 322 323 440
481
151 168 174 179 191 193 196 197 198 199 200 205 208 210 213 222 223 224 225 227 228 231 232 301 303 305 339 340 349 351 353 354 358 359 360 374 375 380 412 417 438 462 464 465 494 501 576 577 614 639 640 651 658 659 662 664 672 825 826 827 840 841 842 1087
222 223 224 225 227 228 229 230 231 232 237 246 247 248 250 253 256 259 262 264 266 269 307 308 309 311 312 313 314 315 316 317 318 319 320 321 322 323 324 440 441 442 443 444 446 447 448 449 450 453 454 455 456 457 458 459 494 498 501 506 539 558 560 568 576 577 583 584 592 593 596 597 598 599 608 611 612 615 616 619 620 622 625 629 630 639 645 646 647 648 649 693 706 736 737 759 761 764 765 767 768 770 771 775 776 778 869 870 872 875 881 883 884 885 887 900 928 929 930 931 932 933 934 935 936 952 953 1072 1073 1076 1080 1081 1082 1083 1087 1088 1089 1090
146 151 168 173 179 191 193 196 197 198 199 200 205 207 208 222 223 224 225 226 227 228 229 230 231 232 237 262 264 266 269 270 276 339 340 349 351 353 354 358 359 360 374 375 380 406 415 417 419 438 462 463 464 465 494 498 501 506 576 577 584 599 610 611 612 613 614 615 616 629 639 640 651 662 664 672 674 706 834 835 836 840 841 842 902 910 911 913 914 915 916 921 1044 1076 1087
44 46 47 48 49 50 59 61 63 65 69 71 72 73 77 81 92 94 96 132 135 136 138 139 140 143 144 145 151 157 179 180 197 198 199 222 223 224 225 227 228 229 230 231 232 237 239 241 243 244 245 374 375 380 381 382 383 388 391 394 396 398 409 438 439 460 462 464 465 518 525 526 527 528 529 534 536 546 547 548 554 555 556 599 609 611 612 614 615 616 685 689 694 697 954 957 963 967 970 973 974 975 985 986 987 1032 1034 1035 1036 1037 1038 1074 1076 1078 1079 1087
222 223 224 225 227 228 231 232 246 440 441 443 444 446 447 448 449 450 452 455 456 457 458 459 539 541 550 557 576 584 593 599 616 619 629 639 640 644 686 706 734 735 736 737 771 784 788 789 790 867 872 885 887 900 1072 1073 1080 1087 1088 1089 1090
477 478 480 481 902 906 909 911 913 914 916 921
151 161 174 179 181 188 191 196 197 198 199 222 223 224 225 227 228 231 232 288 289 290 374 375 380 402 461 462 464 465 576 577 589 639
337 348 350 363
9 10 11 12 13 17 146 151 160 163 164 179 186 187 192 196 197 198 199 222 223 224 225 227 228 231 232 234 236 237 246 248 250 253 279 280 281 282 283 284 374 375 380 399 400 406 419 461 462 463 464 465 576 577 581 584 591 592 599 601 602 605 606 607 609 611 612 614 615 616 629 639 706 754 757 758 759 762 763 765 771 1044 1047 1084 1085 1086 1087 1088
146 151 160 161 168 174 178 179 181 188 191 193 195 196 197 198 199 200 201 205 208 212 213 222 223 224 225 227 228 231 232 246 288 289 290 339 340 342 349 351 353 354 358 359 360 374 375 380 393 402 406 412 417 419 438 461 462 464 465 494 501 510 512 513 541 550 557 567 576 577 584 589 599 614 629 639 640 651 658 659 662 664 672 686 706 771 825 826 827 840 841 842 1041 1042 1043 1044 1087 1088
151 161 179 181 188 196 197 198 199 222 223 224 225 227 228 231 232 246 288 289 290 374 375 380 381 393 398 402 409 461 462 464 465 518 541 550 557 576 577 579 589 599 685 686 694 771 1032 1033 1041 1042
138 139 146 151 155 160 161 163 165 168 179 181 186 188 191 192 193 196 197 198 199 200 201 205 208 222 223 224 225 227 228 231 232 237 246 248 250 251 252 253 279 280 281 285 286 287 288 289 290 339 340 349 351 353 354 358 359 360 374 375 380 381 382 383 384 393 398 399 401 402 406 409 417 419 438 440 461 462 463 464 465 494 501 518 526 527 541 543 550 557 573 576 577 584 585 587 589 592 593 599 609 611 612 614 615 616 619 629 639 640 641 642 644 651 662 664 672 685 686 694 706 759 765 771 772 840 841 842 1032 1033 1041 1042 1043 1044 1087
765 766 1080 1087 1088
44 46
222 223 224 225 227 228 229 230 231 232 237 262 264 266 269 270 271 276 440 441 442 443 444 446 447 448 449 450 455 456 457 458 459 493 494 497 498 500 501 503 505 509 510 514 517 539 576 577 593 609 611 612 615 616 619 637 638 639 640 644 672 674 784 808 809 810 811 869 870 883 884 894 898 899 1072 1073 1075 1076 1077 1080 1081 1082 1087 1088 1089 1090
133 135 141 142
1050 1052 1053 1058 1075 1076 1077 1078 1079
0 1 2 3 4 5 6 7 21 23 24 25 27 30 31 32 36 37 39 40 41 43 130 131 132 146 151 160 163 166 170 179 181 184 186 188 190 191 192 193 194 196 197 198 199 200 201 202 203 204 205 208 216 222 223 224 225 227 228 231 232 237 246 247 248 250 253 262 263 264 266 269 279 280 281 297 298 299 307 308 309 312 313 314 337 349 351 353 354 363 364 374 375 380 381 393 398 399 404 406 409 411 419 421 422 423 424 425 426 427 428 429 430 431 432 433 434 435 438 461 462 463 464 465 494 498 501 506 518 541 557 558 560 568 576 577 583 584 592 596 597 598 599 608 611 612 615 616 620 622 625 629 630 633 639 640 645 647 648 649 666 672 685 693 694 706 759 765 771 822 823 824 1032 1044 1046 1047 1076 1087 1088
125 222 223 224 228 229 230 231 232 236 237 239 241 243 245 246 436 437 440 441 443 444 446 447 448 449 450 455 456 457 458 459 477 478 479 480 481 518 524 525 535 539 541 543 546 549 550 557 576 577 584 593 599 606 607 609 611 612 614 615 616 619 629 639 640 642 644 672 675 677 685 686 694 695 696 698 699 701 702 703 706 721 734 735 736 737 771 855 858 862 867 870 871 872 874 884 885 886 887 888 897 900 954 956 957 959 960 962 963 965 968 972 1005 1006 1007 1008 1009 1072 1073 1075 1076 1077 1080 1081 1082 1084 1085 1086 1087 1088 1089 1090
151 168 171 172 173 179 191 193 196 197 198 199 200 205 207 208 211 222 223 224 225 227 228 229 230 231 232 236 237 262 264 266 267 268 269 270 271 273 274 276 277 278 339 340 349 351 353 354 358 359 360 374 375 380 415 416 417 438 462 463 464 465 494 498 501 502 506 576 577 608 609 611 612 614 615 616 636 639 640 651 662 664 668 672 674 834 835 836 837 838 839 840 841 842 1076 1087 1088
146 151 168 173 179 191 193 196 197 198 199 200 207 208 222 223 224 225 227 228 229 230 231 232 237 262 263 264 266 268 269 270 276 339 340 343 344 345 349 351 353 354 358 359 360 374 375 380 406 415 417 419 438 462 463 464 465 494 498 501 506 576 577 584 599 608 611 612 614 615 616 629 633 636 639 640 651 662 672 674 706 834 835 836 840 841 842 1043 1044 1076 1087 1088
743 744 1080 1087 1088
160 165 196 197 198
441 448 454 741 742 743 744 745 746 747 748 873 988 990 993 994 996 997 999 1001 1004 1025 1026 1027 1028 1029 1030 1031 1070 1071 1080 1087 1088
960 1084 1085 1086 1087
9 10 11 12 15 19 146 151 160 163 164 179 186 187 192 196 197 198 199 222 223 224 225 227 228 231 232 234 236 237 246 248 250 253 279 280 281 282 283 284 374 375 380 399 400 406 419 461 462 463 464 465 576 577 581 584 591 592 599 601 602 605 606 607 609 611 612 614 615 616 629 639 706 756 757 758 759 762 763 765 771 1044 1047 1084 1085 1086 1087 1088
550 584 599 616 629 683 686 706 736 737 872 885 887 900
494 495 1087 1088
1091 1092 1104
222 223 224 225 227 228 231 232 246 300 301 302 303 304 305 306 440 441 443 444 446 447 448 449 450 455 456 457 458 459 539 541 550 557 576 584 593 599 616 619 629 639 640 644 686 706 734 735 736 737 771 779 780 781 782 783 784 791 792 793 794 867 872 885 887 900 1048 1050 1052 1053 1058 1061 1062 1064 1072 1073 1075 1076 1077 1078 1079 1080 1083 1087 1088 1089 1090 1091 1092 1093 1098
474 902 906 909 911 913 914 916 921
222 223 224 228 229 230 231 232 441 443 444 446 447 448 449 450 452 455 456 457 458 459 539 549 619 960 961 966 1005 1013 1014 1015 1072 1073 1080 1084 1085 1086 1087 1088 1089 1090
222 223 224 225 227 228 229 230 231 232 236 237 262 264 266 267 269 270 271 273 274 276 277 278 440 441 442 443 444 446 447 448 449 450 451 452 455 456 457 458 459 488 491 492 493 494 497 498 500 501 502 503 505 509 510 514 515 516 517 539 576 577 593 609 611 612 615 616 619 639 640 644 668 672 674 784 808 809 810 811 812 813 814 869 870 883 884 894 895 898 899 1072 1073 1074 1075 1076 1077 1079 1080 1081 1082 1084 1085 1086 1087 1088 1089 1090
771 772 775 1083
960 961 966 1080 1084 1085 1086 1087 1088
904 913 915 916
926 927 1080 1087 1088
338 349 368 369
358 360
223 224 226 228 230 902 910 911 913 914 915 916 922
125 222 223 224 228 229 230 231 232 236 237 239 241 243 245 246 441 443 444 446 447 448 449 450 455 456 457 458 459 477 478 479 480 481 518 524 525 539 541 546 549 550 557 584 599 606 607 609 611 612 614 615 616 619 629 678 685 686 694 698 700 704 706 721 734 735 736 737 771 855 862 867 870 871 872 874 884 885 886 887 888 897 900 954 956 957 959 960 962 963 965 968 972 1005 1006 1007 1008 1009 1072 1073 1075 1076 1077 1080 1081 1082 1084 1085 1086 1087 1088 1089 1090
222 223 224 225 227 228 229 230 231 232 235 237 246 261 262 263 264 265 266 268 269 270 271 275 276 440 441 442 443 444 446 447 448 449 450 455 456 457 458 459 488 491 493 494 497 498 500 501 503 505 507 509 510 514 515 517 539 541 550 557 576 584 593 599 616 619 629 639 640 644 686 706 734 735 736 737 771 784 808 809 810 811 867 872 885 887 900 1072 1073 1074 1075 1076 1077 1078 1079 1080 1081 1082 1084 1085 1086 1087 1088 1089 1090
441 873 988 990 995
146 406 419 567 584 599 629 639 706 1043 1044
151 168 170 174 175 176 179 191 193 194 196 197 198 199 200 205 208 210 213 222 223 224 225 227 228 231 232 301 303 305 337 339 340 349 351 353 354 358 359 360 363 364 365 374 375 380 411 412 414 417 438 462 464 465 494 501 576 577 614 639 640 651 658 659 660 661 662 664 665 666 672 822 823 824 825 826 827 831 832 833 840 841 842 1087
222 223 224 225 227 228 231 232 246 338 349 351 352 353 354 355 356 357 368 369 371 440 441 443 444 446 447 448 449 450 452 455 456 457 458 459 539 541 550 557 576 584 593 599 616 619 629 639 640 644 686 706 734 735 736 737 771 784 815 816 817 818 867 872 885 887 900 1072 1073 1080 1087 1088 1089 1090
373 374 375 377 378 379 380
477 478 480 481
125 222 223 224 228 229 230 231 232 236 237 239 241 243 245 246 436 437 440 441 443 444 446 447 448 449 450 455 456 457 458 459 477 478 479 480 481 518 524 525 535 539 541 543 546 549 550 557 576 577 584 593 599 606 607 609 611 612 614 615 616 619 629 639 640 642 644 672 676 677 685 686 694 695 696 698 699 701 702 703 706 721 734 735 736 737 771 855 858 862 867 870 871 872 874 884 885 886 887 888 897 900 954 956 957 959 960 962 963 965 968 972 1005 1006 1007 1008 1009 1072 1073 1075 1076 1077 1080 1081 1082 1084 1085 1086 1087 1088 1089 1090
222 223 224 225 227 228 231 232 255 256 258 259 440 441 443 444 446 447 448 449 450 452 455 456 457 458 459 539 576 577 588 593 619 768 769 776 777 869 870 878 883 884 928 941 942 943 1072 1073 1080 1087 1088 1089 1090
222 223 224 227 228 231 311 312 313 314 315 316 317 318 319 320 321 322 323 324 440 441 443 444 445 446 447 448 449 450 453 455 456 457 458 459 539 549 619 902 905 906 1005 1016 1018 1019 1072 1073 1080 1087 1088 1089 1090
246 381 393 398 409 518 541 550 552 557 599 685 686 687 694 771 1032 1033 1041 1042
222 223 224 225 226 227 228 229 230 231 246 440 441 442 443 444 445 446 447 448 449 450 455 456 457 458 459 539 541 550 557 576 593 599 616 619 686 734 735 771 867 902 905 906 910 911 913 914 915 916 921 928 933 935 936 1072 1073 1080 1087 1088 1089 1090
222 223 224 225 226 227 228 231 246 339 349 351 352 353 354 355 356 357 358 359 361 440 441 443 444 445 446 447 448 449 450 455 456 457 458 459 494 495 496 539 541 550 557 576 584 593 599 616 619 629 639 640 644 686 706 734 735 736 737 771 784 815 816 817 818 867 872 885 887 900 902 905 906 910 911 913 914 915 916 917 1072 1073 1080 1087 1088 1089 1090
501 502 1080 1087 1088
0 1 2 3 4 5 6 22 23 24 25 27 28 29 30 31 32 33 34 35 36 39 40 41 130 131 132 146 151 160 163 166 174 175 176 179 181 184 186 188 190 191 192 193 196 197 198 199 200 201 202 203 204 205 208 210 213 216 222 223 224 225 227 228 231 232 237 246 247 248 250 253 262 263 264 266 269 279 280 281 297 298 299 301 303 305 307 308 309 312 313 314 337 349 351 353 354 363 364 374 375 380 381 393 398 399 404 406 409 414 419 421 422 423 424 425 426 427 428 429 430 431 432 433 434 435 438 461 462 463 464 465 494 498 501 506 518 541 557 558 560 568 576 577 583 584 592 596 597 598 599 608 611 612 615 616 620 622 625 629 630 633 639 640 645 647 648 649 660 661 672 685 693 694 706 759 765 771 831 832 833 1032 1044 1046 1047 1076 1087 1088
223 224 226 228 230 902 910 911 913
398 407 409
222 223 224 225 227 228 231 232 301 303 305 306 420 421 422 440 441 443 444 446 447 448 449 450 455 456 457 458 459 539 576 577 593 619 639 640 644 660 661 672 779 780 781 782 783 784 800 801 802 803 869 870 883 884 893 898 899 1072 1073 1080 1083 1087 1088 1089 1090
222 223 224 228 229 230 231 232 441 443 444 446 447 448 449 450 454 474 996 997 998 999 1000 1001 1002 1025 1026 1027 1028 1029 1030 1031 1070 1071 1080 1087 1088
515 516 1080 1084 1085 1086 1087 1088
246 301 303 305 306 440 441 448 455 456 458 459 541 550 557 576 584 593 599 616 619 629 639 640 644 686 706 734 735 736 737 771 779 780 782 784 795 867 872 885 887 900 1072 1073 1080 1087 1088 1089 1090
146 151 160 163 168 179 186 191 192 193 196 197 198 199 200 201 205 208 222 223 224 225 227 228 231 232 237 246 247 248 249 250 253 279 280 281 339 340 349 351 353 354 358 359 360 374 375 380 399 406 417 419 438 461 462 463 464 465 494 501 568 569 576 577 584 592 599 608 611 612 614 615 616 629 639 640 651 662 664 672 706 759 765 771 840 841 842 1043 1044 1087 1088
754 757 762 763 1080 1084 1085 1086 1087 1088
246 381 393 398 409 518 529 541 550 557 599 685 686 689 694 771 1032 1033 1041 1042
126 127 804
138 155 381 386 398 409 518 553 599 685 694 1032
6 246 541 551 557 584 599 616 629 686 706 737 738 739 740 771 867 872 885 887 900
373 374
222 223 224 225 227 228 231 232 246 301 303 305 306 440 441 443 444 446 447 448 449 450 455 456 457 458 459 539 541 550 557 576 584 593 599 616 619 629 639 640 644 686 706 734 735 736 737 771 779 780 781 782 783 784 791 792 793 794 867 872 885 887 900 1072 1073 1080 1083 1087 1088 1089 1090
222 223 224 225 227 228 231 232 246 307 308 311 312 313 314 315 316 317 318 319 320 321 322 323 324 440 441 443 444 446 447 448 449 450 453 454 455 456 457 458 459 539 541 550 557 576 593 599 616 619 686 734 735 771 867 928 929 930 931 952 953 1072 1073 1080 1087 1088 1089 1090
0 1 2 3 4 5 6 21 23 24 25 27 30 31 32 36 37 38 40 41 42 43 130 131 132 146 151 160 163 166 168 170 179 181 184 186 188 190 191 192 193 194 196 197 198 199 200 201 202 203 204 205 208 216 222 223 224 225 227 228 231 232 237 246 247 248 250 253 262 264 266 269 279 280 281 297 298 299 307 308 309 312 313 314 337 340 343 349 351 353 354 363 364 365 374 375 380 381 393 398 399 404 406 409 411 417 419 421 422 423 424 425 426 427 428 429 430 431 432 433 434 435 438 461 462 463 464 465 494 498 501 506 518 541 557 558 560 568 576 577 583 584 592 596 597 598 599 608 611 612 614 615 616 620 622 625 629 630 639 640 645 647 648 649 651 662 666 672 685 693 694 706 759 765 771 822 823 824 840 841 842 1032 1044 1046 1047 1076 1087 1088
222 223 224 225 226 227 228 231 246 440 441 443 444 445 446 447 448 449 450 451 455 456 457 458 459 539 541 550 557 576 584 593 599 616 619 629 639 640 644 686 706 734 735 736 737 771 784 812 813 814 867 872 885 887 900 902 905 906 910 911 913 914 915 916 921 1072 1073 1080 1087 1088 1089 1090
705 706 711 715 716
152 159 196 197 198 960 961 966 1084 1085 1086 1087 1088
543 858
1080 1091 1092 1093 1098
222 223 224 225 227 228 231 232 246 440 441 443 444 446 447 448 449 450 452 455 456 457 458 459 539 541 550 557 576 584 593 599 616 619 629 639 640 644 686 706 734 735 736 737 771 784 788 789 790 867 872 885 887 900 1072 1073 1080 1087 1088 1089 1090
181 184 188 191 193 196 197 200 205 848 850 851 852 853 854
489 491 492 1075 1076 1077 1079 1080
171 196 197 198 576
222 223 224 225 227 228 229 230 231 232 237 246 440 441 442 443 444 445 446 447 448 449 450 455 456 457 458 459 509 515 517 539 541 550 557 576 584 593 599 616 619 629 639 640 644 686 706 734 735 736 737 771 784 808 809 810 811 867 872 885 887 900 903 905 906 1072 1073 1077 1080 1081 1082 1084 1085 1086 1087 1088 1089 1090
222 223 224 225 227 228 231 232 338 340 349 351 352 353 354 355 356 357 368 369 370 371 440 441 443 444 446 447 448 449 450 452 455 456 457 458 459 539 576 577 593 614 619 639 640 644 651 662 663 672 784 815 816 817 818 869 870 883 884 896 898 899 1072 1073 1080 1087 1088 1089 1090
131 146 151 160 163 166 168 173 179 186 190 191 192 193 196 197 198 199 200 201 202 203 204 205 207 208 216 222 223 224 225 227 228 229 230 231 232 237 246 247 248 250 253 262 264 265 266 269 270 276 279 280 281 297 298 299 307 308 309 312 313 314 325 326 327 328 329 330 331 338 339 340 341 342 345 348 349 351 353 354 358 359 360 362 368 369 370 374 375 380 399 404 406 415 417 419 438 440 461 462 463 464 465 494 498 501 506 510 558 560 567 568 576 577 582 583 584 592 593 596 597 598 599 608 610 611 612 613 614 615 616 619 620 622 625 629 630 635 639 640 644 645 647 648 649 651 652 662 663 672 674 693 706 759 765 771 834 835 836 840 841 842 1043 1044 1076 1087 1088
222 223 224 227 228 229 230 231 232 237 238 239 241 243 245 246 248 250 307 308 309 311 312 313 314 315 316 317 318 319 320 321 322 323 324 440 441 443 444 446 447 448 449 450 453 454 455 456 457 458 459 521 522 523 531 538 539 541 546 549 550 557 564 571 572 576 596 597 598 599 609 611 612 615 616 619 620 621 622 623 624 625 626 684 686 734 735 759 765 771 862 864 867 954 956 957 959 962 963 965 968 972 1005 1006 1007 1008 1009 1016 1017 1018 1019 1072 1073 1075 1076 1077 1080 1081 1082 1087 1088 1089 1090
9 10 12 13 151 160 163 179 186 192 197 198 199 222 223 224 225 227 228 231 232 236 237 246 248 250 253 279 280 281 374 375 380 399 461 462 463 464 465 576 577 592 606 607 609 611 612 615 616 759 765 771 1086 1087
539 540
428
440
705 706 709
152
151 168 174 175 176 179 191 193 196 197 198 199 200 205 208 210 213 222 223 224 225 227 228 231 232 301 303 305 339 340 349 351 353 354 358 359 360 374 375 380 414 417 438 462 464 465 494 501 576 577 614 639 640 651 660 661 662 664 672 831 832 833 840 841 842 1087
222 223 224 228 229 230 231 232 237 238 239 241 243 245 441 443 444 446 447 448 449 450 455 456 457 458 459 531 539 546 549 609 611 612 615 616 618 619 862 954 956 957 959 960 962 963 965 968 972 1005 1006 1007 1008 1009 1072 1073 1075 1076 1077 1080 1081 1082 1084 1085 1086 1087 1088 1089 1090
160 166 196 197 198 576
484 486 487 1080
131 146 151 160 163 166 168 179 186 190 191 192 193 196 197 198 199 200 201 202 203 204 205 208 216 222 223 224 225 227 228 231 232 237 246 247 248 250 253 262 264 266 269 279 280 281 297 298 299 307 308 309 312 313 314 339 340 349 351 353 354 358 359 360 374 375 380 399 404 406 417 419 438 461 462 463 464 465 494 498 501 506 559 560 565 566 568 576 577 580 583 584 592 596 597 598 599 608 611 612 614 615 616 620 621 622 623 625 627 629 630 639 640 645 647 648 649 651 653 654 662 664 672 693 706 759 765 771 840 841 842 1043 1044 1076 1087 1088
146 151 168 173 179 191 193 196 197 198 199 200 205 207 208 222 223 224 225 227 228 229 230 231 232 237 262 263 264 265 266 268 269 270 276 339 340 349 351 353 354 358 359 360 374 375 380 406 415 417 419 438 462 463 464 465 494 498 501 506 576 577 584 599 608 611 612 614 615 616 629 633 635 636 639 640 651 662 664 672 674 706 834 835 836 840 841 842 1044 1076 1087 1088
222 223 224 228 229 230 231 232 236 237 239 241 243 245 441 443 444 446 447 448 449 450 452 455 456 457 458 459 524 525 539 546 549 606 607 609 611 612 614 615 616 619 862 866 954 956 957 959 960 961 962 963 965 966 968 972 1005 1006 1007 1008 1009 1013 1014 1015 1072 1073 1075 1076 1077 1080 1081 1082 1084 1085 1086 1087 1088 1089 1090
222 223 224 228 229 230 231 232 441 443 444 446 447 448 449 450 454 996 997 998 999 1000 1001 1002 1025 1026 1027 1028 1029 1030 1031 1070 1071 1080 1087 1088
44 46 47 48 49 50 51 52 53 54 55 56 59 61 65 67 77 79 81 83 88 90 92 222 223 224 225 227 228 229 230 231 232 237 239 241 243 244 245 438 439 441 443 444 446 447 448 449 450 454 455 456 457 458 459 474 477 478 480 481 518 525 526 527 528 529 534 536 539 543 546 547 548 549 555 556 599 609 611 612 614 615 616 619 685 689 694 697 721 728 855 856 857 858 862 865 868 873 874 888 954 956 957 959 960 962 963 965 968 970 972 996 997 998 999 1000 1001 1002 1003 1005 1006 1007 1008 1009 1020 1021 1022 1023 1024 1025 1026 1027 1028 1029 1030 1031 1070 1071 1072 1073 1075 1076 1077 1078 1079 1080 1081 1082 1084 1085 1086 1087 1088 1089 1090
466 467 468 469 470 471 472 473
174 175 176 196 197 198 199 576
146 151 168 174 179 191 193 196 197 198 199 200 205 208 210 213 222 223 224 225 227 228 231 232 300 301 339 340 349 351 353 354 358 359 360 374 375 380 406 412 417 419 438 462 464 465 494 501 576 577 584 599 614 629 639 640 651 659 662 664 672 706 825 826 827 840 841 842 1044 1087 1091 1094 1104 1105 1106
222 223 224 228 229 230 231 232 441 443 444 446 447 448 449 450 466 467 469 470 471 741 742 743 744 988 989 990 991 993 994 1080 1087 1088
222 223 224 225 227 228 231 232 246 301 303 305 306 440 441 443 444 446 447 448 449 455 456 457 458 459 539 541 550 557 576 584 593 599 616 619 629 639 640 644 686 706 734 735 736 737 771 779 780 781 782 783 784 795 796 797 798 799 804 806 807 867 872 885 887 900 1072 1073 1080 1083 1087 1088 1089 1090
44 46 47 48 49 50 59 61 63 65 69 71 73 77 81 92 94 96 132 135 136 138 139 140 143 144 145 151 157 179 180 197 198 199 222 223 224 225 227 228 229 230 231 232 237 239 241 243 244 245 246 374 375 380 381 382 383 388 391 393 394 396 398 409 438 439 460 462 464 465 518 525 526 527 528 529 534 536 541 546 547 548 554 555 556 557 599 609 611 612 614 615 616 685 686 688 689 694 697 771 954 957 963 967 970 973 974 975 985 986 987 1032 1034 1035 1036 1037 1038 1041 1042 1074 1076 1078 1079 1087
44 46 47 48 49 50 59 61 63 65 69 70 71 72 73 77 81 92 94 96 132 134 135 136 138 139 140 143 144 145 151 157 179 180 197 198 199 222 223 224 225 227 228 229 230 231 232 237 239 241 243 244 245 374 375 380 381 382 383 388 391 394 395 396 398 409 438 439 460 462 464 465 518 525 526 527 528 529 534 536 541 546 547 548 554 555 556 599 609 611 612 614 615 616 685 689 694 697 954 957 963 967 970 973 974 975 985 986 987 1032 1034 1035 1036 1037 1038 1074 1076 1078 1079 1087
146 151 160 161 163 168 169 173 179 181 186 188 191 192 193 196 197 198 199 200 203 205 207 208 209 212 222 223 224 225 226 227 228 229 230 231 232 237 246 248 250 253 262 264 266 269 270 276 279 280 281 288 289 290 339 340 344 345 349 351 353 354 358 359 360 374 375 380 393 399 402 406 415 417 419 438 461 462 463 464 465 494 498 501 506 541 557 576 577 584 589 592 599 610 611 612 613 614 615 616 629 639 640 651 662 664 672 674 706 759 765 771 834 835 836 840 841 842 902 910 911 913 914 915 916 921 1042 1044 1076 1087 1088
222 223 224 225 227 228 231 232 252 253 440 441 443 444 446 447 448 449 450 452 455 456 457 458 459 539 576 577 585 587 593 619 771 773 774 869 870 877 883 884 928 940 942 943 1072 1073 1080 1087 1088 1089 1090
1082
304 305 1051 1052 1059 1076 1079
222 223 224 225 227 228 231 232 234 236 271 273 274 277 440 441 443 444 446 447 448 449 450 451 452 455 456 457 458 459 515 516 539 576 577 593 601 602 603 605 614 619 639 640 644 655 672 673 784 812 813 814 869 870 883 884 895 898 899 1072 1073 1080 1084 1085 1086 1087 1088 1089 1090
6 8 151 160 161 163 165 179 181 186 188 192 196 197 198 199 222 223 224 225 227 228 231 232 237 246 248 250 251 252 253 279 280 281 285 286 287 288 289 290 374 375 380 381 393 398 399 401 402 409 461 462 463 464 465 518 541 551 557 573 576 577 585 587 589 592 599 609 611 612 615 616 685 686 694 759 765 771 772 1032 1033 1045 1046 1087
681
222 223 224 228 229 230 231 232 441 443 444 446 447 448 449 450 454 478 996 997 998 999 1000 1001 1002 1025 1026 1027 1028 1029 1030 1031 1070 1071 1080 1087 1088
222 223 224 227 228 231 232 307 308 309 310 311 312 313 314 315 316 317 318 319 320 321 322 323 324 440 441 443 444 446 447 448 449 450 453 454 455 456 457 458 459 539 549 619 1005 1016 1017 1018 1019 1072 1073 1080 1087 1088 1089 1090
960 1084 1085 1086 1087
222 223 224 225 227 228 231 232 301 303 305 306 440 441 443 444 446 447 448 449 450 455 456 457 458 459 539 576 577 593 619 639 640 644 658 659 672 779 780 781 782 783 784 791 792 793 794 869 870 883 884 891 898 899 1072 1073 1080 1083 1087 1088 1089 1090
477 478 480 902 906 909 911 913 914 916 921
125 222 223 224 228 229 230 231 232 236 237 239 241 243 245 246 436 437 441 443 444 446 447 448 449 450 455 456 457 458 459 477 478 479 480 481 518 524 525 539 541 546 549 550 557 576 577 584 599 606 607 609 611 612 614 615 616 619 629 639 640 678 685 686 694 698 700 701 702 704 706 721 734 735 736 737 771 855 862 867 870 871 872 874 884 885 886 887 888 897 900 954 956 957 959 960 962 963 965 968 972 1005 1006 1007 1008 1009 1072 1073 1075 1076 1077 1080 1081 1082 1084 1085 1086 1087 1088 1089 1090
317 319 320
682
222 223 224 227 228 231 232 233 234 236 441 443 444 446 447 448 449 450 451 452 455 456 457 458 459 537 539 545 549 600 602 605 614 619 863 960 961 1005 1010 1011 1012 1072 1073 1080 1084 1085 1086 1087 1088 1089 1090
505 507 508 1075 1076 1077 1078 1079 1080
222 223 224 225 227 228 231 232 246 311 312 313 314 315 316 317 318 319 320 321 322 323 324 440 441 443 444 446 447 448 449 450 453 454 455 456 457 458 459 539 541 550 557 576 593 599 616 619 686 734 735 771 867 928 929 930 931 950 951 1072 1073 1080 1087 1088 1089 1090
222 223 224 225 227 228 231 232 246 261 262 263 264 265 266 268 269 311 312 313 314 315 316 317 318 319 320 321 322 323 324 440 441 443 444 446 447 448 449 450 453 454 455 456 457 458 459 494 498 501 506 507 539 540 541 550 557 576 584 593 599 608 611 615 616 619 629 630 632 633 635 636 645 646 647 648 649 682 686 705 706 734 735 736 737 771 867 872 885 887 900 928 929 930 931 932 950 951 1072 1073 1076 1078 1079 1080 1087 1088 1089 1090
138 139 146 151 156 160 161 163 168 179 181 186 188 191 192 193 196 197 198 199 200 201 205 208 222 223 224 225 227 228 231 232 237 246 248 250 251 253 279 280 281 288 289 290 339 340 349 351 353 354 358 359 360 374 375 380 381 382 383 385 393 398 399 402 406 409 417 419 438 440 461 462 463 464 465 494 501 518 526 527 541 544 550 557 573 576 577 584 589 592 593 599 609 611 612 614 615 616 619 629 639 640 641 643 644 651 662 664 672 685 686 694 706 759 765 771 772 840 841 842 1032 1033 1041 1042 1043 1044 1087
140 151 157 179 197 198 199 222 223 224 227 228 231 232 237 239 241 243 245 374 375 380 381 388 398 409 438 439 460 462 464 465 518 546 599 609 611 612 614 615 616 617 685 694 904 954 957 963 967 973 974 975 1032 1074 1076 1087
44 46 47 48 49 50 57 58 59 61 63 65 69 71 73 77 81 92 94 96 98 99 100 132 135 136 138 139 140 143 144 145 151 157 179 180 197 198 199 222 223 224 225 227 228 229 230 231 232 237 239 241 243 244 245 374 375 380 381 382 383 388 391 394 396 398 409 438 439 460 462 464 465 518 525 526 527 528 529 534 536 546 547 548 554 555 556 599 609 611 612 614 615 616 685 689 694 697 954 957 963 967 970 973 974 975 985 986 987 1032 1034 1035 1036 1037 1038 1074 1076 1078 1079 1087
27 31 904
125 477 478 479 480 481
924 925 1080 1087 1088
222 223 224 225 227 228 231 232 234 236 271 273 274 277 440 441 443 444 446 447 448 449 450 451 452 455 456 457 458 459 515 516 539 576 577 593 601 602 605 614 619 639 640 644 655 672 673 784 812 813 814 869 870 883 884 895 898 899 1072 1073 1080 1084 1085 1086 1087 1088 1089 1090
725
436 437 904
222 223 224 225 227 228 231 232 246 261 262 263 264 265 266 268 269 311 312 313 314 315 316 317 318 319 320 321 322 323 324 440 441 443 444 446 447 448 449 450 453 454 455 456 457 458 459 494 498 501 506 507 539 541 550 557 576 584 593 599 608 611 615 616 619 629 630 632 633 635 636 645 646 647 648 649 686 706 734 735 736 737 771 867 872 885 887 900 928 929 930 931 932 952 953 1072 1073 1076 1078 1079 1080 1087 1088 1089 1090
494 495 496 1080 1087 1088
246 381 393 398 409 518 541 550 557 599 685 686 694 771 1032 1033 1041 1042
47 48 49 50 51 52 53 54 55 56 59 61 65 67 77 79 80 81 83 88 90 92 222 223 224 228 229 230 231 232 237 239 241 243 244 245 438 439 441 443 444 446 447 448 449 450 454 455 456 457 458 459 477 478 480 481 518 525 526 527 528 529 534 536 539 543 546 548 549 555 599 609 611 612 614 615 616 619 685 689 694 697 721 728 855 856 857 858 862 868 873 874 888 954 956 957 959 960 962 963 965 968 970 972 996 997 998 999 1000 1001 1002 1005 1006 1007 1008 1009 1025 1026 1027 1028 1029 1030 1031 1070 1071 1072 1073 1075 1076 1077 1078 1079 1080 1081 1082 1084 1085 1086 1087 1088 1089 1090
326 329 358 362
705 706 711 713
222 223 224 225 227 228 231 246 339 349 351 352 353 354 355 356 357 358 359 361 440 441 443 444 445 446 447 448 449 450 455 456 457 458 459 494 495 496 539 541 550 557 576 584 593 599 616 619 629 639 640 644 686 706 734 735 736 737 771 784 815 816 817 818 867 872 885 887 900 902 905 906 1072 1073 1080 1087 1088 1089 1090
48 50 63 69 71 73 92 94 96 132 135 136 140 143 144 396 554 1034 1035 1036 1037
222 223 224 228 229 230 231 232 237 238 239 241 243 245 441 443 444 446 447 448 449 450 455 456 457 458 459 531 539 546 549 609 611 612 614 615 616 617 619 862 954 956 957 959 960 962 963 965 968 972 1005 1006 1007 1008 1009 1072 1073 1075 1076 1077 1080 1081 1082 1084 1085 1086 1087 1088 1089 1090
222 223 224 227 228 231 232 441 443 444 446 447 448 449 450 451 452 455 456 457 458 459 539 549 619 1005 1010 1011 1012 1072 1073 1080 1087 1088 1089 1090
222 223 224 225 227 228 231 246 311 312 313 314 315 316 317 318 319 320 321 322 323 324 440 441 443 444 445 446 447 448 449 450 453 455 456 457 458 459 539 541 550 557 576 593 599 616 619 686 734 735 771 867 902 905 906 928 929 930 931 952 1072 1073 1080 1087 1088 1089 1090
963 964 1080 1087 1088
694 695 696 697 1078
771 772 775 1083

138 146 155 246 381 382 384 393 398 406 409 419 440 518 526 541 543 550 557 576 577 584 593 599 619 629 639 640 642 644 685 686 694 706 771 1032 1033 1041 1042 1043 1044
302 303 1048 1062 1087 1088
957 958 1080 1087 1088
44 46 903
44 46 47 48 49 50 59 61 63 65 69 71 72 73 77 81 92 94 96 132 133 134 135 136 138 139 140 143 144 145 146 151 157 161 168 171 172 173 179 180 181 188 191 193 196 197 198 199 200 205 207 208 211 214 222 223 224 225 227 228 229 230 231 232 236 237 239 241 243 244 245 246 262 264 266 269 270 271 273 274 276 277 288 289 290 339 340 349 351 353 354 358 359 360 374 375 380 381 382 383 388 391 393 394 396 398 402 406 409 415 416 417 419 438 439 460 461 462 463 464 465 490 491 492 494 498 501 506 518 525 526 527 528 529 534 536 541 546 547 548 550 554 555 556 557 576 577 584 589 599 609 611 612 614 615 616 617 629 638 639 640 651 662 664 671 672 673 674 685 686 689 694 697 706 771 834 835 836 837 838 839 840 841 842 843 844 848 852 854 954 957 963 967 970 973 974 975 985 986 987 1032 1034 1035 1036 1037 1038 1041 1042 1043 1044 1074 1076 1078 1079 1087
222 223 224 225 227 228 231 232 440 441 443 444 446 447 448 449 450 452 455 456 457 458 459 539 576 577 593 619 639 640 644 666 672 784 788 789 790 869 870 883 884 890 898 899 1072 1073 1080 1087 1088 1089 1090
902 910 911 913 914 915 916 922 1048 1062 1063 1087 1088
222 223 224 225 227 228 231 232 246 440 441 443 444 446 447 448 449 450 451 452 455 456 457 458 459 515 516 539 541 550 557 576 584 593 599 616 619 629 639 640 644 686 706 734 735 736 737 771 784 812 813 814 867 872 885 887 900 1072 1073 1080 1084 1085 1086 1087 1088 1089 1090
139 156
222 223 224 225 226 227 228 231 246 440 441 443 444 445 446 447 448 449 450 455 456 457 458 459 539 541 550 557 576 593 599 616 619 686 734 735 771 867 902 905 906 910 911 913 914 915 916 921 928 947 948 949 1072 1073 1080 1087 1088 1089 1090
438 439
151 168 174 179 191 193 196 197 198 199 200 205 208 210 213 222 223 224 225 227 228 231 232 301 303 304 305 338 340 349 351 353 354 368 369 370 374 375 380 412 417 438 462 464 465 494 501 576 577 614 639 640 651 659 662 663 672 825 826 827 840 841 842 1051 1052 1059 1060 1076 1079 1087
222 223 224 225 226 227 228 231 246 339 349 351 352 353 354 355 356 357 358 359 361 440 441 443 444 445 446 447 448 449 450 455 456 457 458 459 494 495 496 539 541 550 557 576 584 593 599 616 619 629 639 640 644 686 706 734 735 736 737 771 784 815 816 817 818 867 872 885 887 900 902 905 906 910 911 913 914 915 916 918 1072 1073 1080 1087 1088 1089 1090
222 223 224 225 227 228 231 232 246 301 303 305 306 440 441 443 444 446 447 448 449 450 455 456 457 458 459 539 541 550 557 576 584 593 599 616 619 629 639 640 644 686 706 734 735 736 737 771 779 780 781 782 783 784 791 792 793 794 867 872 885 887 900 1072 1073 1080 1083 1087 1088 1089 1090
229 230
131 146 151 160 166 168 179 190 191 193 196 197 198 199 200 201 202 203 204 205 208 216 222 223 224 225 227 228 231 232 262 264 266 269 297 298 299 307 308 309 312 313 314 339 340 349 351 353 354 358 359 360 374 375 380 404 406 417 419 438 461 462 464 465 494 498 501 506 560 576 577 580 584 599 614 629 630 639 640 645 647 648 649 651 653 654 662 664 672 706 840 841 842 1043 1044 1076 1087 1088
131 146 151 160 163 167 168 179 186 189 191 192 193 196 197 198 199 200 201 202 203 204 205 208 215 216 222 223 224 225 227 228 231 232 237 246 247 248 250 253 262 264 266 269 279 280 281 294 295 296 307 308 309 310 312 313 314 315 339 340 349 351 353 354 358 359 360 374 375 380 399 405 406 408 417 419 438 461 462 463 464 465 494 498 501 506 561 562 568 576 577 580 583 584 592 599 608 611 612 614 615 616 620 622 625 629 630 639 640 645 647 648 649 651 654 662 664 672 690 691 692 705 706 711 759 765 771 840 841 842 1043 1044 1076 1087 1088
147 149 151 373 374 375 376 378 380
151 168 171 172 173 179 191 193 196 197 198 199 200 205 207 208 211 222 223 224 225 227 228 229 230 231 232 234 236 237 262 264 266 269 270 271 273 274 276 277 339 340 349 351 353 354 358 359 360 374 375 380 415 416 417 438 462 463 464 465 494 498 501 506 515 516 576 577 601 602 605 606 607 609 611 612 614 615 616 639 640 651 655 662 664 672 673 674 834 835 836 837 838 839 840 841 842 1076 1084 1085 1086 1087 1088
326 327 328 333 334 335 336
150 151 161 179 181 188 196 197 198 199 222 223 224 225 226 227 228 231 232 246 279 281 288 289 290 373 374 375 379 380 381 393 398 399 402 409 461 462 463 464 465 518 541 550 557 568 576 577 589 592 599 608 611 615 616 685 686 694 771 902 905 910 911 913 914 915 916 921 1032 1041 1042
234 236 269 270 271 272 273 274 276 277 278 484 487 490 492 501 502 510 515 516 1076 1084 1085 1086 1087 1088
246 339 349 353 355 356 358 359 440 441 448 455 456 458 459 541 550 557 576 584 593 599 616 619 629 639 640 644 686 706 734 735 736 737 771 784 815 816 817 867 872 885 887 900 904 1072 1073 1080 1087 1088 1089 1090
504 507 508 1074 1076 1078 1079 1080
125 477 478 479 480 481
222 223 224 225 227 228 231 232 246 440 441 443 444 446 447 448 449 450 452 455 456 457 458 459 539 541 550 557 576 593 599 616 619 686 734 735 771 867 928 947 948 949 1072 1073 1080 1087 1088 1089 1090
768 769 1080 1087 1088
200 206 217 218 219 220 221
222 223 224 227 228 231 232 246 247 248 249 250 311 312 313 314 315 316 317 318 319 320 321 322 323 324 440 441 443 444 446 447 448 449 450 453 454 455 456 457 458 459 539 540 541 549 550 557 564 568 569 571 572 599 608 611 615 616 619 686 734 735 759 765 771 867 1005 1016 1017 1018 1019 1072 1073 1080 1087 1088 1089 1090
441 448 741 742 743 744 988 990 992 993 994 1080 1087 1088
771 772 775 1083
174 196 197 198 576
131 151 154 161 179 181 182 183 184 188 196 197 198 199 222 223 224 225 227 228 231 232 246 248 250 288 289 290 307 308 309 312 313 314 374 375 380 381 390 393 398 402 409 460 461 462 464 465 518 521 541 550 557 564 571 572 576 577 579 589 599 685 686 694 759 765 771 982 983 984 1032 1033 1041 1042 1087
222 223 224 225 227 228 229 230 231 232 236 237 262 264 266 269 270 271 272 273 274 276 277 278 440 441 442 443 444 446 447 448 449 450 451 452 455 456 457 458 459 484 486 487 488 493 494 497 498 500 501 503 505 509 510 514 515 516 517 539 576 577 593 609 611 612 615 616 619 639 640 644 669 670 672 674 784 808 809 810 811 812 813 814 869 870 883 884 894 895 898 899 1072 1073 1074 1075 1076 1077 1080 1081 1082 1084 1085 1086 1087 1088 1089 1090
146 151 168 174 179 191 193 196 197 198 199 200 205 208 210 213 222 223 224 225 227 228 231 232 300 301 339 340 349 351 353 354 358 359 360 374 375 380 406 412 417 419 438 462 464 465 494 501 576 577 584 599 614 629 639 640 651 659 662 664 672 706 825 826 827 840 841 842 1044 1087 1091 1094 1098 1099 1100
222 223 224 225 227 228 231 232 246 440 441 443 444 446 447 448 449 450 451 452 455 456 457 458 459 539 541 550 557 576 593 599 616 619 686 734 735 771 867 928 937 938 939 1072 1073 1080 1087 1088 1089 1090

143 180
550 576 580 584 599 616 629 639 640 650 653 654 686 706 736 737 872 885 887 900
44 46 47 48 49 50 59 61 63 65 69 71 73 77 81 92 94 96 132 135 136 138 139 140 143 144 145 151 157 179 180 197 198 199 222 223 224 225 227 228 229 230 231 232 237 239 241 243 244 245 246 374 375 380 381 382 383 388 391 393 394 396 398 409 438 439 460 462 464 465 518 525 526 527 528 529 534 536 541 546 547 548 550 554 555 556 557 599 609 611 612 614 615 616 685 686 687 688 689 694 697 771 954 957 963 967 970 973 974 975 985 986 987 1032 1034 1035 1036 1037 1038 1041 1042 1074 1076 1078 1079 1087
222 223 224 225 227 228 231 232 246 339 349 351 352 353 354 355 356 357 358 359 361 440 441 443 444 446 447 448 449 450 452 455 456 457 458 459 494 495 496 539 541 550 557 576 584 593 599 616 619 629 639 640 644 686 706 734 735 736 737 771 784 815 816 817 818 867 872 885 887 900 1072 1073 1080 1087 1088 1089 1090
440 543 550 576 577 584 593 599 616 619 629 639 640 642 644 686 706 736 737 858 872 885 887 900
151 168 171 172 173 179 191 193 196 197 198 199 200 205 207 208 211 222 223 224 225 227 228 229 230 231 232 234 236 237 262 264 266 269 270 271 273 274 276 277 339 340 349 351 353 354 358 359 360 374 375 380 415 416 417 438 462 463 464 465 494 498 501 506 515 516 576 577 601 602 605 606 607 609 611 612 614 615 616 639 640 651 655 662 664 672 673 674 834 835 836 837 838 839 840 841 842 1076 1084 1085 1086 1087 1088
1049 1052 1053 1057 1074 1076 1078 1079

246 260 262 506 518 541 557 584 599 608 611 615 616 629 630 631 645 646 685 694 706 721 735 737 771 855 867 872 874 885 887 888 900 1076 1079

