0 1 11 36 41 48 50 51 75 96 97 98 99 100 102 486 489 572 641 889 890 891 893 894 895 1014 1023 1024 1100 1104 1212 1213 1214 1215 1216 1217 1218 1256 1257 1260 1263 1270
96 98 486 489 496 561 642
839 840 861 1212 1213 1214 1215 1216 1217 1267
0 1 4 33 94 96 97 98 99 100 344 345 347 349 399 400 419 428 948 950 951 1022 1272
457 464 466 837 1195 1196 1197 1198 1199 1200 1202 1207 1208 1219 1220
96 98 102 209 250 286 306 486 489 506 642 710 713 788 828 829 1014
0 36 75 96 98 102 690 691 710 713 761 762 789 791 828 829 1014 1023 1195 1196 1197 1198 1199 1200 1203 1211 1221 1222 1257 1260 1265
0 1 2 6 7 14 17 36 73 75 96 97 98 99 100 105 106 141 143 144 145 147 904 907 908 909 911 912 916 918 1011 1017 1018 1019 1020 1021 1022 1023 1024 1026 1070 1080 1097 1103 1104 1257 1260 1262 1272 1274 1277 1278 1280 1281
96 97 98 99 486 487 488 489 529 558 598 623 643 645
0 1 2 5 11 15 17 44 96 97 98 102 936 937 939 940 941 942 943 1014 1023 1024 1025 1053 1104 1119 1147
96 97 98 102 486 487 488 489 533 543 574 600 623 641 1014
96 97 98 99 100 101 102 104 105 106 141 143 144 151 152 153 209 250 486 529 710 711 712 713 715 716 717 723 726 730 731 738 739 749 750 753 754 755 756 761 763 764 770 776 777 778 779 781 790 791 793 806 807 808 813 828 829 831 1011 1014 1015 1017 1018 1019 1020
0 1 2 16 17 29 31 36 60 75 96 97 98 344 346 394 449 450 451 452 453 454 455 456 486 489 572 612 641 1023 1024 1025 1032 1100 1104 1129 1257 1260 1263
96 97 98 100 209 210 211 216 217 250 307 308 310 977 978 979 1005 1007 1269
0 1 2 5 6 7 9 10 11 17 31 96 97 98 99 101 102 344 345 346 354 419 441 1014 1015 1021 1023 1024 1026 1053 1071 1074 1098 1103 1104 1262 1274 1277 1279 1280 1281
0 1 2 16 17 29 31 36 60 75 96 97 98 344 346 394 486 489 572 612 641 710 713 754 828 829 977 978 979 980 1002 1003 1004 1023 1024 1025 1032 1100 1104 1129 1257 1260 1263
0 1 2 5 17 32 36 44 48 75 96 97 98 486 489 572 641 977 978 979 984 985 986 1023 1024 1025 1052 1053 1104 1139 1257 1260
0 1 2 11 36 75 96 97 98 99 102 114 115 116 117 118 119 121 122 123 125 126 127 128 129 130 486 489 504 641 1014 1023 1024 1027 1082 1084 1100 1104 1226 1227 1257 1260 1267 1271
96 98 136 137 138 139 486 489 529 641
0 1 2 16 17 29 31 36 60 75 96 97 98 209 250 344 346 394 486 489 572 612 641 710 713 788 828 829 977 978 979 980 1008 1009 1010 1023 1024 1025 1032 1100 1104 1129 1257 1260 1263
96 97 98 99 486 487 488 490 494 529 564 565 596 600 623 952 953 954 955
96 97 98 102 486 487 488 489 494 499 538 543 547 548 549 550 551 553 554 555 556 557 574 598 600 623 642 1014 1226 1234 1249 1252
96 97 98 486 487 488 494 495 529 600 623
0 1 2 3 4 5 6 7 9 11 17 33 96 97 98 99 100 102 1014 1021 1022 1023 1024 1026 1059 1060 1061 1071 1074 1098 1103 1104 1262 1272 1274 1277 1279 1280 1281
96 97 98 100 102 209 210 211 216 218 253 258 262 263 264 265 266 268 269 270 271 272 286 301 307 308 310 486 489 571 642 977 978 979 980 1005 1007 1014 1226 1248 1251 1252 1263 1269
1253 1254 1255
96 98 102 459 461 477 478 479 480 481 486 489 543 544 574 641 837 1014 1172 1174 1175 1176 1195 1196 1197 1198 1199 1200 1202 1210 1219 1220
0 1 2 5 17 96 97 98 141 143 144 145 147 344 352 354 360 419 427 1022 1023 1024 1052 1053 1104 1131 1272
0 1 2 5 6 7 9 10 11 15 17 25 27 28 36 41 44 75 78 96 97 98 99 101 102 107 108 109 110 111 112 113 175 176 178 179 180 181 182 344 346 381 393 419 422 486 489 503 504 572 631 641 642 1014 1015 1021 1022 1023 1024 1025 1026 1071 1074 1098 1100 1103 1104 1116 1122 1123 1124 1225 1257 1260 1262 1270 1272 1274 1277 1279 1280 1281
96 98 102 190 191 209 216 220 258 259 286 486 489 571 641 1014 1195 1196 1197 1198 1199 1200 1204 1207 1208 1223 1224
0 4 33 96 98 100 344 349 400 419 420 435 436 977 979 987 989 1022 1268 1272
0 5 17 78 96 98 344 394 419 422 1022 1023 1272
0 1 2 5 6 7 9 10 11 17 36 49 75 96 97 98 99 101 102 141 143 144 145 147 157 158 159 160 161 162 163 164 171 172 173 174 486 489 504 641 1014 1015 1021 1023 1024 1026 1052 1053 1071 1074 1097 1098 1103 1104 1141 1143 1257 1260 1262 1274 1277 1279 1280 1281
0 1 2 16 17 29 31 36 60 75 96 97 98 344 346 394 486 489 572 612 641 977 978 979 980 984 985 986 1023 1024 1025 1032 1100 1104 1129 1257 1260 1263
96 97 98 100 710 711 712 717 718 754 808 813
0 1 2 31 36 75 96 97 98 328 329 330 331 1023 1024 1025 1104 1130 1144 1145 1225 1257 1260
1 2 7 36 73 75 97 98 99 100 141 143 144 145 147 1021 1022 1024 1026 1097 1104 1257 1260 1262 1274 1277 1278 1280 1281
0 36 75 96 98 102 188 189 209 258 259 284 286 486 489 571 641 642 1014 1023 1195 1196 1197 1198 1199 1200 1204 1211 1223 1224 1257 1260 1266
0 1 2 5 6 7 9 11 17 36 41 75 96 97 98 99 102 486 489 504 572 631 642 847 849 850 851 852 853 854 855 856 859 1014 1021 1022 1023 1024 1026 1069 1071 1072 1074 1098 1103 1104 1212 1213 1214 1215 1216 1217 1218 1226 1230 1257 1260 1262 1270 1271 1272 1274 1277 1278 1279 1280 1281
0 1 2 6 7 9 10 11 17 36 75 77 85 96 97 98 99 101 102 141 142 143 144 145 147 1014 1015 1021 1022 1023 1024 1026 1071 1074 1098 1103 1104 1131 1257 1260 1262 1263 1272 1274 1277 1279 1280 1281
0 1 2 16 17 29 31 36 60 75 96 97 98 99 344 346 394 486 487 488 489 496 524 529 558 561 572 612 623 634 635 636 637 641 1023 1024 1025 1032 1100 1104 1129 1257 1260
0 4 15 33 96 98 100 344 346 349 380 381 382 400 419 422 1022 1272
0 1 2 5 41 92 94 96 97 98 99 486 489 572 630 631 860 944 947 964 965 968 1023 1024 1026 1270 1271 1287 1288 1289 1292
0 1 2 10 11 13 14 17 32 35 36 40 44 45 46 47 48 49 75 96 97 98 99 100 101 102 104 105 106 141 143 144 145 146 147 1011 1014 1015 1017 1018 1019 1020 1023 1024 1025 1096 1097 1098 1104 1257 1260
651 657 659 664 1147
0 1 2 6 7 9 11 16 17 36 75 96 97 98 99 102 114 115 116 117 118 119 121 122 123 124 125 126 127 128 129 130 1014 1021 1022 1023 1024 1026 1027 1071 1074 1082 1098 1103 1104 1226 1227 1257 1260 1261 1271 1272 1274 1275 1279 1280 1281
0 1 2 28 29 36 59 60 61 62 63 75 96 97 98 1023 1024 1025 1079 1098 1100 1104 1257 1260
0 5 17 96 98 344 354 419 425 426 427 428 429 430 431 432 433 434 1022 1023 1053 1272
0 1 2 16 17 29 31 36 60 75 96 97 98 141 142 145 146 147 344 346 379 394 486 489 572 612 641 1020 1023 1024 1025 1032 1098 1100 1104 1129 1226 1230 1234 1235 1236 1257 1260 1263 1308 1309 1310 1311 1312 1313 1314 1323 1324 1325 1326 1327 1328 1329
0 1 2 36 75 95 96 97 98 99 118 121 122 125 130 344 419 427 428 1022 1023 1024 1027 1082 1084 1103 1226 1257 1260 1267 1271 1272
96 98 102 187 195 198 209 216 220 258 259 286 486 489 571 641 1014 1195 1196 1197 1198 1199 1223 1224 1251 1252
0 1 2 6 7 9 11 17 36 75 96 97 98 99 100 102 345 353 376 486 489 572 640 642 1014 1021 1022 1023 1024 1026 1071 1074 1090 1091 1092 1093 1098 1100 1103 1104 1225 1227 1257 1260 1261 1262 1272 1273 1274 1275 1277 1280 1281 1332 1334 1335 1336 1338 1339 1340 1380 1381 1382 1383 1384 1385 1386
0 1 2 5 6 7 9 11 17 36 41 75 96 97 98 99 102 486 489 572 631 837 842 1014 1021 1022 1023 1024 1026 1071 1074 1098 1103 1104 1195 1199 1200 1205 1209 1226 1234 1257 1260 1262 1270 1272 1274 1277 1279 1280 1281
0 1 2 15 36 55 75 96 97 98 1023 1024 1025 1077 1078 1098 1104 1257 1260
96 97 98 99 100 486 487 488 489 529 577 578 600 623 642 1021 1022
0 1 2 6 7 9 10 11 17 34 86 87 96 97 98 99 100 101 102 486 489 572 644 1014 1015 1021 1022 1023 1024 1026 1071 1074 1098 1103 1104 1262 1272 1274 1277 1279 1280 1281
0 1 2 5 11 14 15 25 31 35 36 44 46 48 56 75 81 96 97 98 99 100 102 105 106 141 143 144 145 147 486 489 494 499 572 574 628 641 903 904 905 906 907 908 909 910 911 912 915 916 917 918 1011 1014 1017 1018 1019 1020 1023 1024 1025 1028 1045 1080 1096 1097 1098 1100 1104 1129 1257 1260 1263 1271
0 4 33 96 98 100 344 349 378 400 419 422 1022 1272
0 1 2 16 17 29 31 36 60 75 96 97 98 114 115 116 117 118 119 120 121 122 123 124 125 126 127 128 129 130 344 346 394 486 489 572 579 612 641 642 1023 1024 1025 1032 1100 1104 1129 1226 1227 1257 1260 1271
0 1 10 33 36 54 75 96 97 98 99 100 101 106 141 145 147 344 353 363 419 422 1015 1019 1022 1023 1024 1096 1097 1104 1109 1257 1260 1272
1 2 11 36 75 97 98 102 1014 1024 1098 1104 1257 1260
0 17 36 75 96 98 344 419 422 1022 1023 1257 1260 1272
0 36 75 96 98 486 489 572 641 1023 1257 1260 1331 1332 1333 1334 1335 1336 1337 1338 1339 1340
96 98 486 503 543 586 587 622 632 633 1022 1272 1369
0 1 2 5 6 7 9 10 11 15 17 29 36 41 44 45 55 75 78 96 97 98 99 100 101 102 106 141 143 144 145 146 147 344 345 346 354 389 394 412 414 419 439 440 1011 1014 1015 1017 1018 1019 1020 1021 1023 1024 1025 1026 1053 1071 1074 1076 1077 1098 1103 1104 1226 1230 1234 1235 1236 1257 1260 1261 1262 1263 1270 1274 1275 1277 1279 1280 1281 1308 1309 1310 1311 1312 1313 1314 1315 1323 1324 1325 1326 1327 1328 1329
97 98 100 102 689 695 711 712 761 762 791 806 808 813 1014 1195 1196 1197 1198 1199 1221 1222 1253 1254 1255
96 97 98 99 100 710 711 712 713 714 749 754 776 782 803 828 829 1298 1299 1300 1301 1302 1367
0 1 2 4 33 44 96 97 98 100 344 349 400 418 419 420 421 422 425 427 1022 1023 1024 1032 1033 1040 1098 1103 1104 1272 1331 1336 1337 1340
0 1 2 4 5 12 15 17 30 32 33 34 35 36 37 38 39 40 41 44 45 46 47 48 49 75 77 78 80 82 96 97 98 99 100 103 114 115 116 117 118 119 121 122 123 125 126 127 128 129 130 141 142 143 144 145 146 148 150 344 349 400 487 488 572 623 646 1011 1012 1013 1016 1017 1023 1024 1025 1027 1085 1097 1098 1104 1226 1227 1241 1242 1243 1257 1260 1263 1270 1271
0 36 75 96 98 102 462 463 486 489 543 544 572 574 641 642 1014 1023 1195 1196 1197 1198 1199 1200 1202 1211 1219 1220 1257 1260 1264
0 1 2 6 7 9 10 11 17 20 31 33 36 96 97 98 99 101 102 106 209 253 267 344 345 352 353 376 419 420 437 438 896 897 898 899 900 902 1014 1015 1019 1021 1022 1023 1024 1025 1026 1041 1043 1071 1074 1098 1103 1104 1129 1262 1263 1272 1274 1277 1279 1280 1281
0 1 2 6 7 9 10 11 17 36 75 96 97 98 99 101 102 486 489 494 572 641 903 904 905 906 907 908 909 910 911 912 916 918 1014 1015 1021 1023 1024 1026 1071 1074 1080 1098 1103 1104 1257 1260 1262 1263 1271 1274 1277 1279 1280 1281
96 97 98 99 100 102 187 206 207 209 251 258 259 486 487 488 489 571 574 600 623 641 1014 1166 1167 1168 1169 1170 1171 1182 1184 1186 1195 1196 1197 1198 1199 1223 1224
0 1 2 6 7 9 11 17 36 38 39 42 43 64 65 66 67 68 69 70 71 75 96 97 98 99 102 141 143 144 148 150 486 487 488 489 504 543 586 623 631 646 1014 1021 1022 1023 1024 1026 1071 1074 1096 1098 1103 1104 1226 1229 1230 1234 1241 1248 1257 1260 1262 1272 1274 1277 1279 1280 1281
0 4 11 33 96 98 99 100 102 344 349 400 410 419 426 427 429 1014 1022 1272
96 97 98 100 209 210 211 250 291 292 307 308 310 977 978 979 1005 1007 1021 1022 1269 1272
0 1 2 6 16 17 29 31 36 60 75 96 97 98 99 100 141 143 144 145 147 209 210 211 212 250 284 304 310 315 344 346 394 486 487 488 489 529 572 601 612 623 629 641 710 711 712 713 754 789 809 813 818 903 904 906 907 908 909 910 911 912 913 915 916 917 918 919 920 921 922 923 924 925 926 927 928 929 930 931 932 933 934 935 969 972 975 976 1021 1023 1024 1025 1026 1032 1070 1073 1100 1104 1129 1257 1260 1261 1262 1263 1271 1274 1277 1280 1281
96 98 710 713 754 818 847 1226 1230 1253 1254 1255 1270
0 1 2 16 17 29 31 36 60 75 96 97 98 99 102 344 346 394 486 487 489 503 504 529 572 574 600 612 623 641 642 1014 1023 1024 1025 1032 1100 1104 1129 1225 1227 1257 1260 1380 1381 1382 1383 1384 1385 1386
97 98 100 102 188 189 210 211 258 259 286 294 295 303 310 1014 1195 1196 1197 1198 1199 1200 1204 1211 1223 1224 1266
0 1 2 5 6 7 9 10 11 17 44 96 97 98 99 101 102 107 108 109 110 111 112 113 141 143 144 145 147 1011 1014 1015 1017 1018 1020 1021 1022 1023 1024 1026 1053 1071 1074 1097 1098 1103 1104 1121 1122 1123 1124 1262 1272 1274 1277 1279 1280 1281 1330 1331 1332 1333 1334 1335 1336 1337 1338 1339 1340
0 1 2 5 6 7 10 11 17 30 36 41 48 75 96 97 98 99 100 101 102 486 489 572 641 859 860 889 890 891 893 894 895 1014 1015 1021 1022 1023 1024 1025 1026 1071 1074 1098 1103 1104 1125 1126 1127 1212 1213 1214 1215 1216 1217 1218 1226 1256 1257 1260 1262 1263 1270 1271 1272 1274 1277 1279 1280 1281 1357 1358 1360 1363 1364
1 2 45 97 98 1024 1076 1098 1104
0 1 2 4 5 6 7 11 17 30 33 36 41 48 75 96 97 98 99 100 102 344 349 400 419 426 837 859 860 861 876 877 878 889 890 891 893 894 895 1014 1021 1022 1023 1024 1025 1026 1071 1074 1098 1103 1104 1187 1189 1190 1191 1193 1194 1195 1199 1200 1206 1212 1213 1214 1215 1216 1217 1218 1226 1256 1257 1260 1262 1263 1270 1271 1272 1274 1277 1279 1280 1281
0 1 2 5 17 96 97 98 141 143 144 145 147 344 351 354 357 419 427 1022 1023 1024 1052 1053 1104 1131 1272
96 98 99 100 102 486 489 491 494 499 531 543 574 642 1014 1154 1155 1156 1157 1158 1159
0 1 2 16 17 29 31 36 60 75 96 97 98 344 346 394 419 430 486 489 572 612 641 1022 1023 1024 1025 1032 1100 1104 1129 1257 1260 1263 1272 1370 1371 1372 1373 1374 1375 1376 1377 1378 1379
0 1 2 3 4 5 6 7 9 11 17 33 96 97 98 99 100 102 1014 1021 1022 1023 1024 1026 1066 1067 1068 1071 1074 1098 1103 1104 1262 1272 1274 1277 1279 1280 1281
0 1 2 6 7 11 17 30 36 41 48 75 96 97 98 99 100 102 487 488 504 602 603 623 651 652 653 654 655 656 657 658 659 661 662 666 671 672 673 674 675 676 677 889 890 891 893 894 895 977 978 979 993 995 1014 1021 1022 1023 1024 1025 1026 1071 1074 1098 1100 1103 1104 1147 1256 1257 1260 1262 1263 1269 1270 1272 1274 1277 1279 1280 1281 1357 1358 1359 1360 1362 1363 1364
0 5 41 96 98 100 344 411 413 710 713 732 828 1270
0 1 2 16 17 29 31 36 44 45 60 75 96 97 98 99 344 346 394 486 489 572 612 641 1023 1024 1025 1032 1076 1100 1104 1125 1126 1127 1128 1129 1257 1260
0 1 2 6 7 9 11 15 17 28 36 44 45 55 75 91 92 93 96 97 98 99 102 486 489 504 631 1014 1021 1022 1023 1024 1025 1026 1071 1074 1076 1077 1098 1100 1103 1104 1257 1260 1261 1263 1272 1274 1275 1279 1280 1281 1287 1288 1289 1290 1291 1292 1365
1195 1200 1201 1207
96 99 710 713 828 829 1370 1371 1372 1373 1374 1377 1378 1379
0 1 2 4 5 6 7 9 10 11 16 17 32 33 36 41 48 75 96 97 98 99 100 101 102 344 345 346 349 353 376 400 411 413 419 420 427 435 436 486 489 572 641 642 651 652 653 654 655 657 659 662 672 673 674 675 676 677 839 840 861 889 890 891 893 894 895 977 979 987 989 1011 1014 1015 1017 1018 1020 1021 1022 1023 1024 1025 1026 1071 1074 1088 1089 1098 1103 1104 1112 1147 1212 1213 1214 1215 1216 1217 1218 1256 1257 1260 1262 1263 1267 1268 1270 1272 1274 1277 1279 1280 1281 1330 1331 1332 1333 1334 1335 1336 1337 1338 1339 1340 1341 1357 1358 1359 1360 1362 1363 1364 1370 1371 1372 1374 1375 1376 1377 1378 1379
0 1 2 5 25 41 96 97 98 100 344 346 411 413 1024 1032 1098 1104 1270
896 897 898
0 5 10 16 17 33 96 97 98 100 101 102 106 209 248 250 285 486 529 710 711 712 713 729 731 733 734 735 736 752 754 789 790 791 808 813 828 829 1014 1015 1019 1023 1053
0 1 2 16 17 29 31 36 60 75 96 97 98 99 100 344 346 394 486 489 504 572 578 612 641 642 1021 1022 1023 1024 1025 1032 1100 1104 1129 1225 1227 1257 1260 1261 1262 1273 1274 1275 1277 1280 1281 1332 1334 1338 1339 1340 1341 1380 1381 1382 1383 1384 1385 1386
0 4 31 33 96 98 100 344 346 349 400 419 422 1022 1272
0 1 2 5 11 32 36 75 78 81 90 96 97 98 99 100 102 463 486 489 504 543 544 589 641 642 903 904 906 907 908 909 910 911 912 916 918 1011 1014 1017 1018 1020 1022 1023 1024 1025 1026 1080 1103 1112 1195 1196 1197 1198 1199 1200 1202 1211 1219 1220 1257 1260 1263 1264 1271 1272 1330 1331 1332 1333 1334 1335 1336 1337 1338 1339 1340
0 1 2 5 6 7 10 11 17 30 36 41 48 75 96 97 98 99 100 101 102 141 142 143 144 145 147 486 489 572 641 644 839 840 861 862 889 890 891 893 894 895 1014 1015 1021 1022 1023 1024 1025 1026 1071 1074 1098 1103 1104 1131 1212 1213 1214 1215 1216 1217 1218 1256 1257 1260 1262 1263 1267 1270 1272 1274 1277 1279 1280 1281 1357 1358 1359 1360 1362 1363 1364
0 1 2 6 7 9 11 15 17 36 55 75 96 97 98 99 102 114 115 116 117 118 119 121 122 123 124 125 126 127 128 129 130 1014 1021 1022 1023 1024 1025 1026 1027 1071 1074 1086 1098 1103 1104 1226 1227 1257 1260 1261 1262 1271 1272 1274 1275 1277 1279 1280 1281
0 1 2 4 10 17 33 96 97 98 100 101 106 141 143 144 145 147 344 349 352 360 361 400 419 422 1015 1019 1022 1023 1024 1096 1097 1104 1109 1272
0 1 2 7 36 38 73 75 96 97 98 99 100 102 141 143 144 145 147 486 489 504 572 574 641 645 1014 1021 1022 1023 1024 1026 1097 1104 1257 1260 1262 1274 1277 1278 1280 1281
0 11 15 49 57 96 97 98 99 100 102 710 711 712 714 717 722 751 789 791 813 821 822 823 1014 1023 1025
0 1 2 15 17 36 75 96 97 98 344 346 380 381 393 394 419 422 1022 1023 1024 1104 1115 1116 1117 1118 1257 1260 1272
643 645
96 98 460 466 471 486 489 543 544 642 1195 1196 1197 1198 1199 1200 1202 1207 1219 1220 1226 1228
0 1 2 10 33 36 54 75 96 97 98 99 100 101 106 141 145 147 1015 1019 1023 1024 1096 1097 1100 1104 1109 1257 1260
97 98 100 210 211 310 323 326 327 340 342 1225
651 657 659 663 1147
0 1 2 4 5 6 17 25 33 41 48 72 96 97 98 99 100 344 345 346 347 349 400 411 413 419 420 423 424 977 978 979 981 982 983 1021 1022 1023 1053 1226 1234 1235 1236 1238 1239 1240 1262 1270 1272 1274 1277 1280 1281
0 41 48 51 96 98 99 100 102 710 713 786 787 789 791 829 889 890 891 893 894 895 1014 1023 1212 1213 1214 1215 1216 1217 1218 1256 1263 1270
0 1 2 11 17 28 36 75 96 97 98 99 102 114 115 116 117 118 119 121 122 123 125 126 127 128 129 130 486 489 572 631 859 1014 1023 1024 1025 1027 1082 1083 1084 1100 1104 1212 1213 1214 1215 1216 1217 1226 1227 1257 1260 1267 1271
0 1 2 5 6 7 10 11 17 36 41 75 96 97 98 99 101 102 486 489 572 641 837 846 1014 1015 1021 1022 1023 1024 1026 1071 1074 1098 1103 1104 1195 1199 1200 1205 1207 1257 1260 1262 1270 1272 1274 1277 1279 1280 1281
1257 1258 1259 1260
603 1269
96 98 486 489 494 564 565 566 567 642
96 97 98 99 486 487 488 489 490 524 529 558 564 593 641 642 1293 1294 1295 1296 1297 1366
0 4 15 17 33 36 75 96 98 100 344 346 349 380 381 382 383 384 385 393 400 419 422 426 1022 1023 1257 1260 1272
0 36 75 96 98 1011 1017 1018 1020 1022 1023 1103 1113 1114 1257 1260 1272 1330 1331 1336 1337 1340
0 4 33 96 98 100 344 349 377 400 419 422 1022 1272
0 1 2 5 6 7 9 11 17 96 97 98 99 100 102 844 1014 1021 1022 1023 1024 1026 1046 1071 1074 1098 1103 1104 1262 1272 1274 1277 1279 1280 1281
0 36 75 96 98 486 489 572 641 1023 1257 1260 1331 1332 1333 1334 1335 1337 1338 1339 1341
96 98 99 710 713 749 754 827
936 1147
96 98 710 713 717 782 783 784 785 829
0 1 2 4 33 96 97 98 99 100 102 114 115 116 117 118 119 121 122 123 124 125 126 127 128 129 130 344 349 400 486 487 488 489 514 529 572 574 600 623 631 1014 1023 1024 1027 1085 1226 1227 1241 1242 1243 1271
0 1 2 5 6 7 9 10 11 17 96 97 98 99 101 102 486 504 622 632 903 904 905 906 907 908 909 910 911 914 916 918 1014 1015 1021 1022 1023 1024 1026 1035 1052 1071 1074 1098 1103 1104 1122 1262 1263 1271 1272 1274 1277 1279 1280 1281 1369
0 1 2 6 7 9 10 11 15 17 31 36 40 41 44 45 48 51 75 91 95 96 97 98 99 100 101 102 141 143 144 145 146 147 442 443 444 445 446 447 448 486 487 488 489 504 511 521 572 600 623 641 642 643 644 645 678 679 682 683 684 865 903 904 906 907 908 911 912 913 915 916 917 918 919 920 969 970 971 972 973 975 976 1011 1014 1015 1017 1021 1022 1023 1024 1025 1026 1034 1036 1057 1058 1070 1071 1073 1074 1076 1080 1094 1095 1098 1100 1103 1104 1125 1126 1127 1212 1213 1214 1215 1216 1218 1225 1227 1256 1257 1260 1261 1262 1270 1271 1272 1274 1275 1276 1277 1278 1280 1281 1282 1284 1285 1286 1365
96 98 102 187 201 202 206 209 258 259 286 486 489 571 641 837 1014 1182 1184 1185 1186 1187 1189 1194 1195 1196 1197 1198 1199 1200 1204 1223 1224
0 1 2 5 17 30 96 97 98 1023 1024 1025 1052 1098 1104
0 1 2 5 6 7 11 17 30 36 41 48 75 96 97 98 99 100 102 651 652 653 654 655 657 658 659 660 662 669 672 673 674 675 676 677 889 890 891 893 894 895 1014 1021 1022 1023 1024 1025 1026 1071 1074 1098 1103 1104 1147 1256 1257 1260 1262 1263 1270 1272 1274 1277 1279 1280 1281 1357 1358 1359 1360 1362 1363 1364
1 2 6 36 72 75 97 98 99 100 141 143 144 145 147 1021 1022 1024 1026 1097 1104 1257 1260 1262 1274 1277 1280 1281
0 1 2 5 6 7 9 10 11 17 26 96 97 98 99 101 102 344 345 346 354 372 373 419 430 1014 1015 1021 1022 1023 1024 1026 1053 1071 1074 1098 1103 1104 1226 1230 1232 1233 1262 1272 1274 1277 1279 1280 1281
96 97 98 486 487 488 489 515 516 517 518 519 520 529 600 623 642
0 1 2 5 11 15 44 48 58 78 96 97 98 102 106 141 143 144 145 146 147 1011 1014 1017 1018 1019 1020 1023 1024 1025 1098 1104 1136 1137 1226 1230 1263 1308 1309 1310 1311 1312 1313 1314 1315 1316 1317 1318 1319 1320 1321 1322
0 1 2 6 7 9 11 17 36 48 75 93 96 97 98 99 102 1014 1021 1022 1023 1024 1026 1071 1074 1098 1103 1104 1257 1260 1261 1272 1274 1275 1277 1280 1281 1282 1284 1285 1286 1365
96 98 689 696 700 710 713 717 723 761 762 828 1195 1196 1197 1198 1199 1221 1222 1250
96 98 102 690 691 710 713 761 762 791 799 800 828 1014 1195 1196 1197 1198 1199 1200 1203 1211 1221 1222 1265
96 97 98 99 486 487 488 490 494 501 523 524 529 595 600 623 903 904 906 907 909 911 921 922 923 924 925 1271
0 5 17 96 97 98 487 488 504 600 623 936 939 940 1023 1052 1147
97 98 99 100 102 141 142 143 144 154 156 210 211 249 254 255 286 301 307 308 310 324 977 978 979 980 1005 1007 1014 1251 1263 1269
861 879 1212 1213 1214 1215 1216 1217 1218 1270
1 2 21 22 23 96 97 98 99 100 209 210 211 213 250 293 486 487 488 490 529 588 710 711 712 714 754 798 904 907 909 911 921 923 925 926 928 930 931 933 935 1024 1098 1104
96 98 102 184 185 187 192 200 209 216 220 258 259 286 486 489 571 641 1014 1195 1196 1197 1198 1199 1223 1224
96 98 209 216 279 280 281 282 710 713 788 829
0 1 2 4 33 96 97 98 100 344 349 404 1024 1032 1098 1104
96 98 102 689 703 704 708 710 713 761 762 791 828 837 1014 1177 1179 1180 1181 1187 1189 1194 1195 1196 1197 1198 1199 1200 1203 1221 1222
0 1 2 16 17 29 31 36 60 75 96 97 98 344 346 394 486 489 572 612 641 1023 1024 1025 1032 1100 1104 1129 1256 1257 1260 1263 1357 1358 1359 1360 1361 1362 1363 1364
0 1 2 6 7 9 11 17 32 36 75 96 97 98 99 102 903 904 905 906 907 908 909 910 911 913 916 918 1014 1021 1022 1023 1024 1025 1026 1034 1038 1071 1074 1098 1103 1104 1257 1260 1262 1263 1271 1272 1274 1277 1279 1280 1281
0 17 36 75 96 98 344 353 376 419 422 1022 1023 1257 1260 1272
96 98 102 692 693 710 713 717 723 761 762 791 828 1014 1195 1196 1197 1198 1199 1200 1203 1207 1208 1221 1222
830 832
0 1 2 16 17 29 31 36 60 75 96 97 98 344 346 394 486 489 572 612 641 1023 1024 1025 1032 1100 1104 1129 1257 1260 1331 1332 1333 1334 1335 1336 1337 1338 1339 1340 1341
96 97 98 105 106 486 487 488 493 503 537 545 608 609 623 1011 1017 1018 1019 1020
96 98 486 489 529 612 613 614 615 616 617 618 619 620 621 641
141 144 145
0 1 2 16 17 29 31 36 60 75 96 97 98 100 209 210 211 250 284 303 310 344 346 394 486 489 572 612 641 710 713 788 828 1023 1024 1025 1032 1100 1104 1129 1257 1260 1331 1332 1333 1334 1335 1336 1352 1353 1354 1355 1356
0 1 2 5 6 7 11 17 30 36 41 48 75 96 97 98 99 100 102 486 487 488 524 572 574 623 634 635 636 875 883 1014 1021 1022 1023 1024 1025 1026 1071 1074 1098 1103 1104 1146 1212 1213 1214 1215 1216 1217 1218 1249 1256 1257 1260 1262 1263 1270 1272 1274 1277 1279 1280 1281 1357 1358 1359 1360 1362 1363 1364
0 1 2 10 16 33 36 53 75 96 97 98 99 100 101 106 1015 1019 1023 1024 1100 1104 1257 1260
0 4 15 17 33 36 75 96 98 100 344 346 349 386 387 393 394 400 419 422 1022 1023 1257 1260 1272
96 98 209 216 281 282 486 489 570 571 642 710 717 784 785
0 1 2 5 6 7 9 10 11 17 96 97 98 99 100 101 102 1014 1015 1021 1023 1024 1026 1044 1045 1046 1047 1048 1071 1074 1098 1103 1104 1262 1274 1277 1279 1280 1281
96 98 710 713 719 779 829
0 1 2 15 48 58 96 97 98 1023 1024 1025 1098 1104
96 97 98 100 209 210 211 216 218 219 220 221 250 303 310
96 98 102 685 691 698 699 704 710 713 761 762 791 828 837 1014 1187 1189 1190 1191 1193 1194 1195 1196 1197 1198 1199 1200 1203 1211 1221 1222 1265
96 97 98 99 100 103 486 489 521 570 575 641 710 711 712 713 714 717 719 723 726 746 749 750 752 753 754 755 756 759 761 763 764 770 776 777 778 779 780 781 782 783 784 785 792 808 813 829 1011 1012 1013 1016 1017 1178 1179 1181
96 97 98 99 100 209 210 211 213 250 273 297 307 308 310 318 319 320 710 713 788 828 977 978 979 1005 1006 1269 1303 1305 1306 1307
0 1 2 6 7 9 11 17 39 68 96 97 98 99 102 114 115 116 117 118 119 121 122 123 124 125 126 127 128 129 130 1014 1021 1022 1023 1024 1026 1027 1071 1074 1083 1098 1103 1104 1226 1227 1229 1230 1261 1262 1271 1272 1274 1275 1277 1279 1280 1281
0 5 17 96 98 344 354 355 419 422 1022 1023 1053 1054 1272
0 5 41 44 96 98 100 344 351 356 379 411 413 419 422 425 1022 1270 1272
96 97 98 99 100 209 210 211 213 250 273 296 307 308 310 318 319 320 710 713 788 828 977 978 979 1005 1006 1269 1303 1305 1306 1307 1368
96 97 98 99 100 710 711 712 713 714 754 776 802 808 813 821 822 823 828 1298 1300 1301 1302
96 98 486 489 494 497 498 529 641 642
0 1 2 5 6 7 9 10 11 13 15 17 18 36 37 48 58 75 78 94 96 97 98 99 101 102 104 141 142 143 144 145 146 147 486 489 538 552 572 641 944 945 946 947 948 949 950 951 964 965 966 967 968 1014 1015 1021 1022 1023 1024 1025 1026 1071 1074 1098 1103 1104 1131 1257 1260 1261 1262 1263 1271 1272 1274 1275 1277 1279 1280 1281
96 97 98 102 466 476 486 487 488 489 494 500 529 543 544 574 600 623 631 641 837 1014 1187 1189 1193 1194 1195 1196 1197 1198 1199 1200 1202 1207 1219 1220
96 97 98 99 100 102 141 143 144 154 156 209 210 211 213 216 218 234 250 253 267 273 279 286 289 293 302 303 307 308 310 487 488 571 574 600 623 710 713 726 731 788 795 797 828 829 903 904 905 906 907 908 909 910 911 931 933 934 935 977 978 979 1005 1007 1014 1021 1022 1263 1269 1271 1272
0 1 2 5 6 7 11 17 36 41 75 96 97 98 99 102 651 652 653 654 656 659 660 672 673 674 675 676 677 1014 1021 1022 1023 1024 1026 1071 1074 1098 1103 1104 1257 1260 1262 1270 1272 1274 1277 1279 1280 1281
0 1 2 11 36 75 96 97 98 99 102 114 115 116 117 118 119 121 122 123 124 125 126 127 128 129 130 486 489 514 572 631 1014 1023 1024 1027 1086 1100 1104 1226 1227 1257 1260 1271
0 1 2 5 6 7 9 11 17 96 97 98 99 100 102 841 1014 1021 1022 1023 1024 1026 1046 1071 1074 1098 1103 1104 1262 1272 1274 1277 1279 1280 1281
1 2 11 33 34 97 98 99 100 102 1014 1024 1098 1104
0 1 2 5 6 7 11 17 30 36 41 48 75 78 96 97 98 99 100 102 874 1014 1021 1022 1023 1024 1025 1026 1071 1074 1098 1103 1104 1212 1213 1214 1215 1216 1217 1218 1225 1256 1257 1260 1262 1263 1270 1272 1274 1277 1279 1280 1281 1357 1358 1359 1360 1362 1363 1364
0 1 2 16 28 36 75 96 97 98 99 904 907 908 909 911 912 916 918 969 972 975 976 1023 1024 1025 1073 1080 1098 1104 1257 1260
96 97 98 99 486 487 488 489 490 529 558 592 598 600 623 634 635 636 641 1293 1295 1296 1297
0 1 2 5 6 7 11 17 30 36 41 48 75 96 97 98 99 100 102 651 652 653 654 655 657 658 659 660 661 662 664 666 667 668 670 671 672 673 674 675 676 677 889 890 891 893 894 895 1014 1021 1022 1023 1024 1025 1026 1071 1074 1098 1103 1104 1147 1256 1257 1260 1262 1263 1270 1272 1274 1277 1279 1280 1281 1357 1358 1359 1360 1362 1363 1364
0 1 10 16 33 36 52 75 96 97 98 99 100 101 106 344 353 362 419 422 1015 1019 1022 1023 1024 1104 1257 1260 1272
0 1 2 11 15 35 36 96 97 98 99 100 102 141 143 144 145 147 1014 1023 1024 1025 1062 1098 1104 1131
1 97 99 100 1024 1104
0 1 2 5 6 7 11 17 30 36 41 48 75 96 97 98 99 100 102 884 1014 1021 1022 1023 1024 1025 1026 1071 1074 1098 1103 1104 1212 1213 1214 1215 1216 1217 1218 1250 1256 1257 1260 1262 1263 1270 1272 1274 1277 1279 1280 1281 1357 1358 1359 1360 1362 1363 1364
183 185 200 837 1195 1196 1197 1199 1223 1224
0 1 2 4 6 7 9 10 11 17 33 96 97 98 99 100 101 102 344 349 400 401 486 489 494 500 572 641 1014 1015 1021 1023 1024 1026 1032 1071 1074 1098 1103 1104 1262 1274 1277 1279 1280 1281
0 1 2 5 6 7 9 10 11 17 78 79 96 97 98 99 101 102 486 489 494 500 572 641 1014 1015 1021 1023 1024 1026 1071 1074 1098 1103 1104 1262 1274 1277 1279 1280 1281
0 1 2 6 7 9 10 11 17 34 83 96 97 98 99 100 101 102 141 142 143 144 145 147 1014 1015 1021 1022 1023 1024 1026 1071 1074 1098 1103 1104 1131 1226 1262 1263 1271 1272 1274 1277 1279 1280 1281
0 33 96 98 344 419 420 423 977 979 981 983 1022 1226 1234 1237 1272
0 5 41 96 97 98 100 710 711 712 789 794 808 813 847 1023 1226 1230 1253 1254 1255 1270
0 1 2 5 6 7 11 17 30 36 41 48 75 96 97 98 99 100 102 651 652 653 654 655 657 658 659 661 662 663 666 667 672 673 674 675 676 677 889 890 891 893 894 895 1014 1021 1022 1023 1024 1025 1026 1071 1074 1098 1103 1104 1147 1256 1257 1260 1262 1263 1270 1272 1274 1277 1279 1280 1281
97 98 102 461 467 487 488 543 544 574 598 600 623 1014 1195 1196 1197 1198 1199 1219 1220 1253 1254 1255
0 1 2 6 7 9 10 11 17 36 76 96 97 98 99 101 102 486 489 494 500 572 641 1014 1015 1021 1023 1024 1026 1071 1074 1098 1103 1104 1262 1274 1277 1279 1280 1281
0 1 2 5 17 32 36 44 48 75 96 97 98 486 489 572 641 977 978 979 984 985 986 1023 1024 1025 1053 1096 1104 1138 1139 1257 1260
0 4 33 96 98 100 344 349 379 400 419 422 1022 1272
96 99 105 106 486 489 493 534 535 536 641 1011 1017 1018 1019 1020
0 1 2 6 15 36 55 72 75 96 97 98 99 1021 1022 1023 1024 1025 1026 1069 1071 1098 1104 1257 1260 1262 1272 1274 1277 1280 1281
0 1 2 16 17 29 31 36 60 75 96 97 98 344 346 394 486 489 529 572 612 641 642 977 978 979 980 990 991 992 1023 1024 1025 1032 1100 1104 1129 1257 1260 1263
96 97 98 99 100 209 210 211 213 216 250 279 280 299 307 308 310 960 961 962 963 977 978 979 1005 1006 1007 1269
96 97 98 99 100 461 481 482 483 484 486 487 488 489 491 530 531 532 543 544 600 623 641 1148 1149 1150 1151 1153 1154 1155 1156 1157 1159 1160 1161 1162 1163 1165 1172 1174 1176 1195 1196 1197 1198 1199 1219 1220
0 1 2 5 6 15 17 36 75 96 97 98 99 141 143 144 145 147 344 345 346 347 354 364 365 366 367 380 394 418 419 422 425 426 1021 1022 1023 1053 1257 1260 1262 1272 1274 1277 1280 1281
96 97 98 100 102 141 143 144 154 156 209 210 211 212 245 250 273 277 286 301 302 304 305 307 308 309 310 311 312 313 314 315 316 317 318 319 320 322 324 977 978 979 1005 1007 1014 1022 1269 1272 1331 1333 1335 1336 1352 1354 1355
0 1 2 31 36 41 50 51 75 96 97 98 99 100 903 904 906 907 909 911 913 915 916 917 918 1023 1024 1025 1026 1036 1039 1100 1104 1212 1213 1214 1215 1216 1218 1256 1257 1260 1270 1271
96 97 98 102 141 143 144 148 150 486 487 488 489 524 529 558 562 574 598 599 600 601 602 603 604 605 606 607 610 622 623 624 625 626 627 629 630 631 632 638 641 642 644 646 647 977 978 979 990 992 993 995 996 998 999 1001 1014 1022 1268 1269 1272 1331 1333 1335 1336 1342 1344 1345 1369
0 5 17 96 97 98 487 488 504 600 623 936 937 939 940 941 942 943 1023 1052 1147
141 142 143 144 145 146 1263
0 1 2 5 6 7 9 11 17 36 40 75 78 96 97 98 99 102 118 121 122 125 130 486 489 504 641 1014 1021 1022 1023 1024 1026 1027 1057 1058 1071 1074 1086 1098 1103 1104 1226 1257 1260 1262 1271 1272 1274 1277 1279 1280 1281
97 98 100 102 187 199 210 211 258 259 286 303 310 1014 1195 1196 1197 1198 1199 1223 1224
96 97 98 99 100 101 106 486 487 488 512 558 598 623 710 711 712 737 752 754 790 808 813 1015 1019
861 879 1212 1213 1214 1215 1216 1217 1218 1270
96 99 486 489 641 710 713 828 1261 1274 1275 1280 1281
0 5 17 78 96 98 344 393 419 422 1022 1023 1272
0 1 2 15 33 36 75 96 97 98 1023 1024 1025 1029 1098 1104 1257 1260
97 98 100 102 208 210 211 258 259 286 301 303 310 1014 1195 1196 1197 1198 1199 1200 1204 1209 1223 1224 1226 1234
0 1 2 5 6 7 8 9 11 15 17 48 74 96 97 98 99 100 102 449 450 451 452 453 454 455 456 1014 1021 1022 1023 1024 1025 1026 1052 1071 1074 1075 1096 1098 1103 1104 1261 1262 1263 1272 1274 1275 1277 1279 1280 1281
0 1 2 5 6 7 10 11 17 36 41 75 96 97 98 99 101 102 487 488 572 600 623 887 1014 1015 1021 1023 1024 1026 1071 1074 1098 1103 1104 1257 1260 1262 1270 1274 1277 1279 1280 1281
0 1 2 11 17 36 37 75 96 97 98 99 102 903 904 906 907 908 909 910 911 912 916 918 1014 1023 1024 1080 1081 1098 1100 1104 1257 1260 1263 1267 1271
96 97 98 99 100 710 711 712 713 754 776 806 813 832
0 1 2 5 6 7 11 17 30 36 41 48 75 96 97 98 99 100 102 847 859 881 882 889 890 891 893 894 895 1014 1021 1022 1023 1024 1025 1026 1071 1074 1098 1103 1104 1212 1213 1214 1215 1216 1217 1218 1226 1230 1256 1257 1260 1262 1263 1270 1271 1272 1274 1277 1279 1280 1281
96 97 98 100 102 687 702 710 711 712 713 754 761 762 791 808 813 820 1014 1195 1196 1197 1199 1221 1222
0 1 2 16 17 29 31 36 60 75 96 97 98 99 100 344 346 394 486 489 491 530 572 612 641 977 978 979 980 993 994 995 1023 1024 1025 1032 1100 1104 1129 1149 1151 1153 1257 1260 1263
0 1 2 5 17 96 97 98 99 102 486 504 574 579 622 632 903 904 906 907 908 909 910 911 912 916 918 1014 1022 1023 1024 1052 1080 1263 1271 1272 1369
0 1 2 4 5 6 7 9 10 11 17 33 36 41 75 96 97 98 99 100 101 102 344 349 400 411 413 419 420 427 435 436 442 443 445 447 448 903 904 906 907 911 912 913 915 916 918 919 920 977 979 987 989 1011 1014 1015 1017 1018 1020 1021 1022 1023 1024 1026 1033 1034 1071 1074 1080 1094 1095 1098 1103 1104 1112 1225 1227 1257 1260 1261 1262 1268 1270 1271 1272 1274 1275 1276 1280 1281 1330 1331 1335 1336 1337 1341
0 1 2 11 31 36 75 96 97 98 102 107 109 110 113 141 143 144 145 147 486 489 504 612 614 641 977 978 979 987 989 1011 1014 1017 1018 1020 1022 1023 1024 1025 1096 1097 1098 1099 1100 1101 1102 1103 1104 1105 1106 1107 1108 1109 1110 1111 1112 1121 1122 1123 1124 1129 1131 1134 1135 1257 1260 1268 1272 1330 1331 1333 1335 1336 1337 1339 1340
0 1 2 5 6 7 9 11 17 96 97 98 99 100 102 845 1014 1021 1022 1023 1024 1026 1046 1071 1074 1098 1103 1104 1262 1272 1274 1277 1279 1280 1281
0 1 2 16 17 29 31 36 60 75 96 97 98 107 108 109 110 111 112 113 344 346 394 486 489 503 524 543 572 583 586 612 630 641 1023 1024 1025 1032 1100 1104 1129 1257 1260
603 1269
0 5 41 96 98 100 344 411 413 486 489 507 641 1270
96 97 98 99 100 101 106 209 210 211 233 248 250 285 303 307 308 310 486 487 488 512 558 598 623 977 978 979 1005 1007 1015 1019 1269
0 5 17 96 97 98 487 488 504 600 623 936 937 938 940 941 942 1023 1052 1147
96 97 98 100 102 710 711 712 713 717 722 756 761 765 766 767 768 769 771 772 773 774 775 791 806 808 813 829 1014 1226 1241 1250 1252
97 98 100 102 686 689 700 701 711 712 761 762 791 808 813 1014 1195 1196 1197 1198 1199 1221 1222 1250
1 2 11 36 75 77 84 97 98 102 1014 1024 1098 1104 1257 1260
96 97 98 99 100 102 209 210 211 213 216 249 256 257 286 291 710 713 788 828 831 1014 1183 1184 1186
96 97 98 99 486 487 488 489 490 529 558 591 598 600 623 634 635 636 641 1293 1295 1296 1297 1366
0 5 17 96 97 98 487 488 504 600 623 936 937 939 940 941 942 943 1023 1052 1147
0 5 96 97 98 99 100 102 141 143 144 148 150 486 487 488 489 490 494 499 503 513 524 529 543 558 564 572 574 579 586 588 600 622 623 632 634 635 636 641 646 903 904 905 906 907 908 909 910 911 921 923 924 925 1014 1022 1023 1045 1263 1271 1272 1369
0 5 10 17 33 96 97 98 101 102 106 209 248 250 285 486 487 488 489 504 506 508 509 510 511 527 529 573 574 600 614 623 641 642 710 754 1014 1015 1019 1023 1053
96 97 98 100 710 711 712 717 722 723 724 725 754 808 813
0 1 2 5 6 7 11 17 36 41 75 96 97 98 99 102 837 871 873 875 1014 1021 1022 1023 1024 1026 1071 1074 1098 1103 1104 1195 1199 1200 1205 1210 1257 1260 1262 1270 1272 1274 1277 1279 1280 1281
0 1 2 5 6 7 11 17 30 36 41 48 75 96 97 98 99 100 102 651 652 653 654 655 657 658 659 662 669 670 671 672 673 674 675 676 677 889 890 891 893 894 895 1014 1021 1022 1023 1024 1025 1026 1071 1074 1098 1103 1104 1147 1256 1257 1260 1262 1263 1270 1272 1274 1277 1279 1280 1281
1134 1268
0 1 2 5 6 7 10 11 17 30 36 41 48 75 96 97 98 99 100 101 102 651 652 653 654 655 656 657 658 659 665 670 672 673 674 675 676 677 889 890 891 893 894 895 1014 1015 1021 1022 1023 1024 1025 1026 1071 1074 1096 1098 1103 1104 1147 1256 1257 1260 1262 1263 1270 1272 1274 1277 1279 1280 1281 1357 1358 1359 1360 1362 1363 1364
97 98 102 485 487 488 543 544 574 598 600 623 1014 1195 1196 1197 1198 1199 1200 1202 1209 1219 1220 1226 1234
96 97 98 99 100 486 487 488 489 529 579 580 600 623 642 1021 1022
0 1 2 16 17 29 31 36 60 75 96 97 98 99 100 209 251 344 346 394 486 489 571 572 612 641 977 978 979 980 1005 1006 1007 1023 1024 1025 1032 1100 1104 1129 1167 1169 1171 1257 1260 1263
0 1 2 5 6 7 11 17 36 41 75 96 97 98 99 102 847 848 1014 1021 1022 1023 1024 1026 1071 1074 1098 1103 1104 1226 1230 1257 1260 1262 1270 1272 1274 1277 1279 1280 1281
0 1 2 4 5 6 7 9 10 11 17 33 41 96 97 98 99 100 101 102 344 349 374 400 411 412 413 414 419 422 426 486 489 572 641 837 846 1014 1015 1021 1022 1023 1024 1026 1033 1071 1074 1098 1103 1104 1195 1199 1200 1205 1207 1262 1270 1272 1274 1277 1279 1280 1281
96 97 98 99 100 710 711 712 714 717 724 728 748 749 754 808 813 903 904 906 907 909 911 926 927 928 929 930 1271
96 97 98 99 100 209 210 211 213 235 245 250 273 279 298 710 713 788 828 829 1303 1304 1305 1306 1307 1368
1330 1331 1336 1337
0 1 2 5 6 7 9 10 11 17 27 41 48 96 97 98 99 101 102 131 132 133 134 135 136 137 138 139 140 141 143 144 145 147 175 176 177 179 180 181 1014 1015 1021 1023 1024 1026 1071 1074 1096 1097 1098 1103 1104 1120 1147 1225 1227 1261 1262 1270 1274 1275 1277 1279 1280 1281
96 97 98 99 486 487 488 489 529 558 598 623 645
107 109 110 112 113
0 1 2 6 7 9 10 11 17 20 31 33 36 96 97 98 99 101 102 106 209 248 250 253 267 285 344 352 353 376 486 489 510 614 641 896 897 898 899 900 902 1014 1015 1019 1021 1023 1024 1025 1026 1041 1043 1071 1074 1098 1099 1103 1104 1129 1132 1133 1262 1263 1274 1277 1279 1280 1281
0 1 4 33 94 96 97 98 99 100 344 345 347 349 398 400 419 428 948 950 951 1022 1272
0 1 2 16 17 29 31 36 60 75 96 97 98 141 142 143 144 145 146 147 148 149 150 151 152 153 154 155 156 344 346 394 486 489 572 612 641 1023 1024 1025 1032 1100 1104 1129 1257 1260 1263
1 97 99 1024 1098 1104
1 2 5 78 97 98 175 176 177 178 179 1024 1098 1104 1225 1227
0 1 2 5 6 7 9 10 11 17 36 44 75 96 97 98 99 101 102 107 108 109 110 111 112 113 141 143 144 145 147 486 489 503 524 543 583 586 630 1014 1015 1021 1023 1024 1026 1053 1071 1074 1097 1098 1103 1104 1123 1124 1257 1260 1262 1274 1277 1279 1280 1281
96 97 98 99 100 102 141 142 143 144 151 153 710 711 712 713 753 757 758 791 806 813 831 833 1014 1250 1263
651 657 659 662 1147
96 97 98 99 100 710 711 712 713 754 776 806 813 830 832
0 11 34 86 96 97 98 99 102 486 487 488 489 490 529 572 574 588 600 623 627 629 903 904 906 907 908 909 910 911 921 923 925 1014 1023 1263 1271
1 2 36 75 97 98 1024 1098 1104 1257 1260
0 4 29 33 59 96 98 100 344 346 349 404 419 422 1022 1272
96 98 458 461 463 486 489 543 544 644 1195 1196 1197 1198 1199 1200 1202 1211 1219 1220 1264
0 1 2 5 7 15 17 36 75 96 97 98 99 344 345 346 347 354 368 369 370 371 380 394 419 422 425 426 969 972 975 976 1021 1022 1023 1053 1257 1260 1262 1272 1274 1277 1280 1281
0 1 2 6 7 9 10 11 15 17 31 35 36 55 73 75 96 97 98 99 100 101 102 141 143 144 145 146 147 969 972 973 975 976 1014 1015 1021 1022 1023 1024 1025 1026 1071 1072 1073 1074 1097 1098 1103 1104 1105 1131 1257 1260 1261 1262 1272 1274 1275 1277 1278 1279 1280 1281 1331 1332 1333 1334 1335 1336 1337 1338 1339 1340
1 2 5 36 75 77 78 80 97 98 1024 1098 1104 1257 1260
96 97 98 100 102 141 143 144 151 153 710 711 712 713 749 754 776 780 791 806 807 808 809 810 812 813 814 815 816 817 818 819 820 825 828 829 831 833 834 977 978 979 1002 1004 1014 1022 1268 1272 1331 1333 1335 1336 1347 1349 1350
0 1 2 6 7 9 10 11 17 36 75 77 88 89 96 97 98 99 101 102 486 489 572 644 1014 1015 1021 1022 1023 1024 1026 1071 1074 1098 1103 1104 1257 1260 1262 1272 1274 1277 1279 1280 1281
0 1 2 16 17 29 31 36 60 75 96 97 98 99 100 344 346 394 486 489 491 532 572 612 641 977 978 979 980 999 1000 1001 1023 1024 1025 1032 1100 1104 1129 1161 1163 1165 1257 1260 1263
96 97 98 99 100 102 141 142 143 144 148 150 486 487 488 489 528 539 540 574 598 623 644 646 1014 1249 1263
0 10 11 96 100 101 102 344 419 422 1014 1015 1022 1272
0 41 48 51 96 98 99 100 102 209 283 284 286 710 713 788 829 889 890 891 893 894 895 1014 1023 1212 1213 1214 1215 1216 1217 1218 1256 1263 1270
0 5 41 96 97 98 100 210 211 228 303 310 344 411 413 1270
96 98 102 689 705 706 707 708 710 713 761 762 791 828 837 1014 1177 1179 1180 1181 1195 1196 1197 1198 1199 1200 1203 1210 1221 1222
96 97 98 99 100 710 711 712 713 754 794 795 808 813 829 1021 1022
879 1270
685 692 694 837 1195 1196 1197 1198 1199 1200 1203 1208 1221 1222
0 1 2 6 7 9 11 17 26 36 75 96 97 98 99 102 1014 1021 1022 1023 1024 1025 1026 1071 1074 1098 1103 1104 1226 1230 1232 1233 1257 1260 1262 1272 1274 1277 1279 1280 1281
96 97 98 99 100 103 209 210 211 213 216 220 222 242 245 246 248 249 250 252 253 256 258 260 261 267 273 274 275 276 277 278 279 280 281 282 287 303 307 308 310 486 489 521 571 575 642 710 713 788 829 977 978 979 980 1005 1006 1007 1011 1012 1013 1016 1017 1183 1184 1186 1263 1269
96 97 98 99 100 102 710 711 712 713 714 717 753 759 760 791 796 828 831 1014 1178 1179 1181
0 1 2 9 10 16 17 29 31 33 36 60 75 96 97 98 99 101 106 344 346 394 486 489 504 511 572 612 641 642 644 896 897 898 899 900 901 902 1015 1019 1023 1024 1025 1032 1100 1104 1129 1257 1260 1263
0 1 2 16 17 29 31 36 60 75 96 97 98 344 346 394 449 450 451 452 453 454 455 456 486 489 572 612 641 1011 1023 1024 1025 1032 1100 1104 1129 1257 1260 1263
0 1 2 5 11 17 25 28 96 97 98 99 102 114 115 116 117 118 119 121 122 123 124 125 126 127 128 129 130 486 487 488 489 513 514 529 572 579 600 623 631 642 1014 1023 1024 1025 1027 1053 1087 1226 1227 1230 1231 1271
0 1 2 5 6 7 9 10 11 17 36 49 75 81 96 97 98 99 101 102 141 143 144 145 147 157 158 165 166 167 168 169 170 171 172 173 174 486 489 504 572 641 1014 1015 1021 1023 1024 1026 1053 1071 1074 1098 1103 1104 1140 1142 1257 1260 1262 1274 1277 1279 1280 1281
0 1 2 5 11 17 30 96 97 98 102 1014 1023 1024 1025 1052 1098 1104
0 1 2 11 15 36 55 75 96 97 98 99 102 114 115 116 117 118 119 120 121 122 123 124 125 126 127 128 141 143 144 148 150 486 487 488 489 514 572 577 579 623 631 642 646 1014 1023 1024 1025 1077 1100 1104 1226 1227 1257 1260 1267 1271
96 98 102 461 473 486 489 543 544 574 644 1014 1195 1196 1197 1198 1199 1219 1220
0 1 2 4 15 33 96 97 98 99 100 344 345 346 349 388 389 400 419 422 904 907 908 909 911 912 916 918 1022 1024 1080 1098 1104 1272
0 1 2 5 6 7 11 17 30 36 41 48 75 96 97 98 99 100 102 486 489 572 644 857 858 881 1014 1021 1022 1023 1024 1025 1026 1071 1074 1098 1103 1104 1212 1213 1214 1215 1216 1217 1218 1225 1226 1256 1257 1260 1262 1263 1270 1272 1274 1277 1279 1280 1281 1357 1358 1359 1360 1362 1363 1364
0 4 5 12 15 30 33 34 36 37 38 39 40 41 44 45 46 47 48 49 57 58 75 77 96 98 100 103 344 346 349 381 400 402 419 425 426 427 1011 1012 1013 1016 1017 1022 1257 1260 1270 1272
0 4 33 96 98 100 344 349 374 400 419 422 1022 1272
0 1 2 33 96 97 98 99 100 103 486 489 494 533 543 572 575 641 642 903 904 905 906 907 908 909 910 911 912 916 918 1011 1012 1016 1017 1023 1024 1080 1263 1271
0 1 2 5 6 7 9 10 11 17 25 41 48 96 97 98 99 101 102 114 115 116 117 118 119 120 121 122 123 124 125 126 127 128 129 130 344 346 354 1014 1015 1021 1023 1024 1025 1026 1027 1053 1071 1074 1085 1098 1103 1104 1226 1227 1241 1242 1243 1245 1246 1247 1261 1262 1270 1271 1274 1275 1277 1279 1280 1281
97 98 466 476 487 488 543 544 600 623 837 1187 1189 1193 1194 1195 1196 1197 1198 1199 1200 1202 1207 1219 1220
0 1 2 16 17 29 31 32 36 45 48 60 75 96 97 98 100 326 328 329 330 331 332 333 334 335 336 337 338 339 340 341 342 343 344 346 394 486 487 488 489 496 529 561 572 612 623 641 648 649 710 711 712 713 717 719 750 754 779 782 783 813 830 832 835 836 1023 1024 1025 1032 1076 1100 1104 1129 1144 1145 1257 1260
0 1 2 6 7 9 11 17 36 75 92 96 97 98 99 102 1014 1021 1022 1023 1024 1026 1071 1074 1098 1103 1104 1257 1260 1261 1272 1274 1275 1280 1281 1282 1284 1285 1286
0 1 2 5 11 17 36 75 96 97 98 102 486 489 504 572 631 977 978 979 980 987 989 1014 1023 1024 1052 1053 1054 1098 1104 1134 1257 1260 1263 1268
1 2 5 41 97 98 876 1024 1049 1050 1051 1098 1104 1270
1120 1147
97 98 99 100 711 712 714 727 728 754 808 813 903 904 906 907 909 911 926 928 930 1271
96 98 102 462 463 486 489 543 544 574 589 590 641 1014 1195 1196 1197 1198 1199 1200 1202 1211 1219 1220 1264
0 1 2 6 7 9 10 11 17 18 96 97 98 99 101 102 486 487 488 490 529 543 587 594 595 622 633 903 904 905 906 907 908 909 910 911 921 923 925 1014 1015 1021 1022 1023 1024 1026 1071 1074 1098 1103 1104 1262 1263 1271 1272 1274 1277 1279 1280 1281
0 1 2 5 6 7 11 17 36 41 75 96 97 98 99 102 486 489 543 548 554 572 612 631 641 867 868 869 870 1014 1021 1022 1023 1024 1026 1071 1074 1098 1103 1104 1226 1234 1257 1260 1262 1270 1272 1274 1277 1279 1280 1281
0 1 2 16 17 29 31 36 60 75 96 97 98 100 344 346 394 486 489 572 612 641 710 711 712 713 754 789 808 813 828 1023 1024 1025 1032 1100 1104 1129 1257 1260 1331 1332 1333 1334 1335 1336 1347 1348 1349 1350 1351
96 98 99 100 102 187 207 209 216 218 251 258 259 286 486 489 571 642 1014 1166 1167 1168 1169 1170 1171 1195 1196 1197 1198 1199 1223 1224
96 97 98 486 487 488 494 499 500 501 502 529 600 623
97 98 100 689 708 711 712 761 762 808 813 1177 1179 1181 1195 1196 1197 1198 1199 1221 1222
0 33 96 98 344 348 417 419 422 1022 1272
96 97 98 99 100 101 106 486 487 488 512 527 529 558 573 598 600 623 1015 1019
0 1 2 16 17 29 31 36 60 75 96 97 98 99 100 344 346 394 486 489 491 531 572 612 641 977 978 979 980 996 997 998 1023 1024 1025 1032 1100 1104 1129 1155 1157 1159 1257 1260 1263
0 1 2 16 17 29 31 36 60 75 96 97 98 344 346 394 486 489 504 572 612 622 632 641 977 978 979 980 987 988 989 1022 1023 1024 1025 1032 1100 1104 1122 1129 1257 1260 1263 1272 1369
0 1 2 6 7 9 11 17 28 36 75 91 96 97 98 99 102 1014 1021 1022 1023 1024 1025 1026 1071 1074 1098 1103 1104 1257 1260 1261 1262 1272 1274 1275 1277 1279 1280 1281 1282 1283 1284 1285 1286 1365
0 5 10 17 33 96 97 98 99 100 101 106 209 210 211 229 230 231 232 248 250 285 303 307 308 310 486 487 489 504 527 529 571 573 600 622 623 632 641 710 754 977 978 979 1005 1007 1015 1019 1022 1023 1053 1122 1269 1272 1369
96 98 102 187 203 204 205 206 209 258 259 286 486 489 571 641 837 1014 1182 1184 1185 1186 1195 1196 1197 1198 1199 1200 1204 1210 1223 1224
0 1 2 5 6 7 11 17 30 36 41 48 75 96 97 98 99 100 102 886 1014 1021 1022 1023 1024 1025 1026 1071 1074 1098 1103 1104 1212 1213 1214 1215 1216 1217 1218 1226 1234 1256 1257 1260 1262 1263 1270 1272 1274 1277 1279 1280 1281 1357 1358 1359 1360 1362 1363 1364
0 1 2 15 19 96 97 98 99 102 114 115 116 117 118 119 121 122 123 124 125 126 127 128 129 130 344 346 380 383 486 487 488 489 504 529 574 600 623 631 710 756 770 1014 1023 1024 1025 1027 1085 1226 1227 1241 1242 1243 1271
0 1 2 5 6 7 11 17 28 31 36 41 75 96 97 98 99 102 486 489 504 631 887 1014 1021 1022 1023 1024 1025 1026 1054 1071 1074 1098 1100 1103 1104 1129 1257 1260 1262 1270 1272 1274 1277 1279 1280 1281
0 1 2 3 4 5 6 7 10 11 17 30 33 36 41 48 75 78 96 97 98 99 100 101 102 106 344 345 347 349 352 359 367 400 411 413 419 427 486 489 572 641 644 837 861 872 873 875 879 880 889 890 891 893 894 895 1014 1015 1019 1021 1022 1023 1024 1025 1026 1059 1060 1071 1074 1098 1100 1103 1104 1195 1199 1200 1206 1210 1212 1213 1214 1215 1216 1217 1218 1256 1257 1260 1262 1263 1270 1272 1274 1277 1279 1280 1281
96 98 102 459 461 470 474 475 476 481 486 489 529 543 544 574 641 644 837 1014 1172 1174 1175 1176 1187 1188 1189 1190 1192 1194 1195 1196 1197 1198 1199 1200 1202 1219 1220
0 1 2 11 15 36 49 56 96 97 98 99 102 486 489 504 641 903 904 906 907 908 909 910 912 915 916 917 1014 1023 1024 1025 1028 1080 1098 1104 1263 1271
0 1 11 15 36 41 48 75 96 97 98 99 100 102 486 489 572 641 643 645 861 889 890 891 893 894 895 1014 1023 1024 1025 1104 1125 1126 1127 1212 1213 1214 1215 1216 1217 1218 1256 1257 1260 1263 1270
838
96 98 99 100 102 486 489 491 494 499 532 543 574 642 1014 1160 1161 1162 1163 1164 1165
96 97 98 99 100 209 210 211 213 216 219 224 244 245 250 303 310 903 904 906 907 909 911 931 932 933 934 935 1271
0 1 2 5 6 7 9 11 17 96 97 98 99 102 903 904 905 906 907 908 909 910 911 914 916 918 1014 1021 1022 1023 1024 1026 1037 1052 1053 1071 1074 1098 1103 1104 1262 1263 1271 1272 1274 1277 1279 1280 1281
114 115 116 117 118 119 121 122 123 124 125 126 127 128 1226 1227 1267 1271
0 1 2 17 36 75 96 97 98 1023 1024 1098 1104 1257 1260
96 97 98 99 486 487 488 490 522 525 529 594 600 623 903 904 905 906 907 909 911 921 923 925 1271
0 4 30 33 96 98 100 344 346 348 349 390 391 392 400 419 422 1022 1272
0 4 33 96 98 100 344 349 375 400 419 422 1022 1272
96 97 98 99 100 710 711 712 713 714 754 776 801 808 813 821 822 823 828 1298 1300 1301 1302 1367
0 1 2 5 6 7 9 10 11 15 17 18 29 36 44 48 55 58 61 75 96 97 98 99 101 102 141 143 144 145 146 147 486 489 504 537 545 641 1011 1014 1015 1017 1018 1020 1021 1023 1024 1025 1026 1029 1053 1071 1074 1077 1098 1103 1104 1136 1137 1226 1230 1257 1260 1261 1262 1263 1274 1275 1277 1279 1280 1281 1308 1309 1310 1311 1312 1313 1314 1316 1317 1318 1319 1320 1321 1322
899
0 1 2 16 17 29 31 36 60 75 96 97 98 141 142 145 146 147 344 346 394 486 489 572 612 641 1020 1023 1024 1025 1032 1100 1104 1129 1226 1230 1257 1260 1263 1308 1309 1310 1311 1312 1313 1314 1316 1317 1318 1319 1320 1321 1322
650
0 1 2 6 7 9 11 17 36 75 96 97 98 99 102 114 115 116 117 118 119 121 122 123 124 125 126 127 128 129 130 1014 1021 1022 1023 1024 1026 1027 1071 1074 1083 1086 1098 1103 1104 1226 1227 1257 1260 1261 1262 1271 1272 1274 1275 1277 1279 1280 1281
96 98 102 689 697 700 710 713 717 723 761 762 791 828 1014 1195 1196 1197 1198 1199 1221 1222 1250 1252
603 1269
96 98 183 187 206 209 250 471 486 489 543 544 571 641 1182 1184 1186 1195 1196 1197 1198 1199 1219 1220 1223 1224
0 1 2 16 17 29 31 36 60 75 96 97 98 157 158 165 166 167 168 169 170 171 172 173 174 344 346 394 486 489 504 572 612 641 1023 1024 1025 1032 1100 1104 1129 1257 1260
0 1 2 6 7 9 11 17 36 75 96 97 98 99 102 114 115 116 117 118 119 121 122 123 124 125 126 127 128 129 130 1014 1021 1022 1023 1024 1026 1027 1071 1074 1086 1098 1103 1104 1226 1227 1257 1260 1261 1262 1271 1272 1274 1275 1277 1279 1280 1281
0 5 17 96 97 98 99 100 101 102 104 105 106 141 143 144 154 156 209 210 211 214 215 216 222 225 226 227 234 235 245 246 248 249 250 252 253 258 260 261 267 273 274 275 276 278 285 286 288 302 303 307 308 310 325 486 489 529 571 642 710 713 754 788 831 977 978 979 1005 1007 1008 1010 1011 1014 1015 1017 1018 1019 1020 1023 1053 1268 1269
96 98 102 486 489 505 642 710 713 754 791 811 828 829 1014
0 1 2 6 7 9 10 11 16 17 25 44 96 97 98 99 101 102 903 904 905 906 907 908 909 910 911 912 916 918 1014 1015 1021 1023 1024 1025 1026 1071 1074 1080 1098 1103 1104 1262 1263 1271 1274 1277 1279 1280 1281
0 1 4 6 33 96 97 98 99 100 141 143 144 145 147 344 345 347 349 365 400 402 419 422 429 1021 1022 1262 1272 1274 1277
0 41 48 51 96 98 99 100 102 486 489 568 569 572 574 642 889 890 891 893 894 895 1014 1023 1212 1213 1214 1215 1216 1217 1218 1256 1263 1270
0 1 2 5 6 7 17 18 28 36 38 40 44 45 46 73 75 78 91 96 97 98 99 100 141 143 144 145 147 442 443 444 445 446 447 448 486 489 504 537 545 572 578 628 629 630 641 642 644 645 903 904 906 907 908 913 915 916 919 969 971 973 975 1011 1017 1021 1022 1023 1024 1025 1026 1034 1057 1058 1070 1073 1076 1094 1095 1098 1100 1104 1125 1126 1127 1225 1227 1257 1260 1261 1262 1271 1272 1274 1276 1277 1280 1281 1282 1284 1285 1286 1365
96 97 98 100 184 185 187 192 196 197 200 209 210 211 258 259 303 310 486 489 571 644 685 689 708 711 712 754 808 813 1177 1179 1181 1195 1196 1197 1198 1199 1221 1222 1223 1224
97 99 100 141 151 153 711 752 807 813
96 98 102 461 469 472 486 489 494 500 543 544 574 641 1014 1195 1196 1197 1198 1199 1219 1220 1249 1252
1 97 99 442 443 444 447 448 969 971 975 1011 1017 1022 1024 1073 1094 1095 1098 1104 1225 1227 1261
0 36 75 96 98 486 489 572 641 678 679 680 681 682 683 684 839 840 865 875 1023 1212 1213 1214 1215 1216 1217 1226 1257 1260 1267 1270 1271
0 1 2 16 17 29 31 36 60 75 96 97 98 344 346 394 486 489 572 612 641 977 978 979 980 981 982 983 1023 1024 1025 1032 1100 1104 1129 1226 1234 1235 1236 1239 1257 1260 1263
96 98 102 185 186 197 200 209 258 259 486 489 571 574 641 1014 1195 1196 1197 1198 1199 1200 1204 1223 1224 1226 1228
0 1 2 6 7 9 11 17 34 82 96 97 98 99 100 102 1014 1021 1022 1023 1024 1026 1071 1074 1098 1103 1104 1226 1262 1272 1274 1277 1279 1280 1281
0 1 2 5 6 7 11 17 30 36 41 48 75 78 96 97 98 99 100 102 344 346 419 422 486 489 572 641 651 652 653 654 657 658 659 662 671 672 673 674 675 676 677 837 859 861 872 873 875 877 889 890 893 894 895 1014 1021 1022 1023 1024 1025 1026 1071 1074 1098 1103 1104 1147 1195 1199 1200 1206 1210 1212 1213 1214 1215 1216 1217 1218 1226 1256 1257 1260 1262 1263 1270 1271 1272 1274 1277 1279 1280 1281
96 97 98 99 100 101 102 104 105 106 141 143 144 148 149 150 209 250 486 487 488 489 492 493 494 503 505 506 513 514 524 525 528 529 537 538 543 545 546 552 558 559 560 561 563 573 574 576 598 599 600 623 641 642 644 710 754 1011 1014 1015 1017 1018 1019 1020
96 98 102 694 710 713 717 723 761 762 791 828 1014 1195 1196 1197 1198 1199 1200 1203 1208 1221 1222
0 5 17 96 97 98 487 488 504 600 623 936 937 938 940 941 942 1023 1052 1147
1138 1139
936 1147
0 1 2 6 7 14 17 36 73 75 96 97 98 99 100 105 106 141 143 144 145 147 904 907 908 909 911 912 916 918 1011 1017 1018 1019 1020 1021 1022 1023 1024 1026 1070 1080 1097 1098 1103 1104 1257 1260 1262 1272 1274 1277 1278 1280 1281
0 1 2 16 17 29 31 36 60 75 96 97 98 344 346 394 486 487 488 489 529 572 600 612 623 641 1023 1024 1025 1032 1100 1104 1129 1257 1260 1331 1332 1333 1334 1335 1336 1342 1343 1344 1345 1346
1 2 5 78 97 98 837 872 873 875 1024 1098 1104 1195 1199 1200 1205 1210 1270
96 97 98 99 100 102 486 487 488 489 490 494 528 541 542 574 579 641 644 1014 1173 1174 1176
96 97 98 99 100 710 711 712 713 754 796 797 808 813 829 1021 1022
96 97 98 102 459 474 486 487 488 489 529 543 544 574 600 623 631 1014 1195 1196 1197 1199 1219 1220
0 1 2 5 6 7 11 17 30 36 41 48 75 96 97 98 99 100 102 486 489 503 504 581 641 843 1014 1021 1022 1023 1024 1025 1026 1071 1074 1098 1103 1104 1212 1213 1214 1215 1216 1217 1218 1256 1257 1260 1262 1263 1270 1272 1274 1277 1279 1280 1281 1357 1358 1359 1360 1362 1363 1364
0 5 11 15 49 57 78 81 96 97 98 99 100 102 104 486 487 488 489 490 492 494 499 524 525 526 572 622 623 634 635 636 642 1014 1022 1023 1025 1272
0 1 2 5 6 7 11 17 30 36 41 48 75 96 97 98 99 100 102 651 652 653 654 655 656 657 658 659 660 661 662 663 666 667 668 672 673 674 675 676 677 889 890 891 893 894 895 1014 1021 1022 1023 1024 1025 1026 1071 1074 1098 1103 1104 1147 1256 1257 1260 1262 1263 1270 1272 1274 1277 1279 1280 1281 1357 1358 1359 1360 1362 1363 1364
0 1 2 6 7 9 11 17 27 36 75 96 97 98 99 102 175 176 178 179 180 181 486 489 514 572 631 903 904 905 906 907 908 909 910 911 912 916 918 1014 1021 1022 1023 1024 1026 1071 1074 1080 1098 1103 1104 1225 1257 1260 1262 1263 1271 1272 1274 1277 1279 1280 1281
0 1 33 96 97 98 99 100 118 121 122 125 344 1024 1027 1085 1098 1104 1226 1241 1244 1271
97 98 99 100 210 211 213 223 224 250 307 308 310 903 904 906 907 909 911 931 933 935 977 979 1005 1007 1269 1271
0 36 75 96 97 98 209 250 486 487 488 503 504 505 506 529 581 582 583 584 585 600 623 710 754 1023 1257 1260
96 97 98 486 487 488 525 564 603 623 977 978 979 993 994 1269
96 99 486 489 641 907 908 909 912
1139
0 1 2 16 17 29 31 36 60 75 96 97 98 99 100 209 210 211 216 245 250 273 279 280 310 318 319 320 321 344 346 394 486 489 572 612 641 1023 1024 1025 1032 1100 1104 1129 1257 1260
96 97 98 99 100 209 210 211 213 223 243 246 250 303 310 903 904 905 906 907 909 911 931 933 935 1271
0 1 2 4 5 6 7 9 10 11 17 33 40 41 96 97 98 99 100 101 102 344 345 349 400 403 404 405 406 407 408 409 419 422 486 489 507 641 1014 1015 1021 1022 1023 1024 1026 1033 1071 1074 1098 1103 1104 1262 1270 1272 1274 1277 1279 1280 1281
0 1 2 15 44 96 97 98 1023 1024 1025 1031 1098 1104
0 5 11 41 96 98 100 102 344 374 413 414 415 416 419 422 1014 1022 1270 1272
0 1 2 15 44 96 97 98 1023 1024 1025 1030 1098 1104
0 1 2 6 7 9 11 17 30 36 41 48 50 51 75 96 97 98 99 100 102 486 489 572 578 641 889 890 891 893 894 895 1014 1021 1022 1023 1024 1025 1026 1071 1072 1074 1098 1100 1103 1104 1212 1213 1214 1215 1216 1217 1218 1256 1257 1260 1262 1263 1270 1272 1274 1277 1279 1280 1281
96 97 98 99 100 710 711 712 714 717 754 782 783 804 808 813 956 957 958 959
96 98 710 713 717 720 721 754 828 829
0 1 2 15 55 96 97 98 1023 1024 1025 1055 1056 1098 1104
0 1 2 16 17 29 31 36 60 75 96 97 98 99 344 346 394 486 489 504 572 576 612 641 642 1023 1024 1025 1032 1100 1104 1129 1225 1227 1257 1260 1273 1332 1334 1338 1339 1340 1341 1380 1381 1382 1383 1384 1385 1386
0 5 17 96 97 98 487 488 504 600 623 936 939 940 1023 1052 1147
97 98 100 336 338 711 712 813 826 835 836 1225
0 11 15 49 57 96 97 98 99 100 102 209 210 211 213 216 218 247 284 286 310 318 319 320 1014 1023 1025
0 1 2 6 7 9 11 17 36 75 96 97 98 99 102 114 115 116 117 118 119 121 122 123 124 125 126 127 128 129 130 1014 1021 1022 1023 1024 1026 1027 1071 1074 1083 1098 1103 1104 1226 1227 1257 1260 1261 1262 1271 1272 1274 1275 1277 1279 1280 1281
96 98 184 187 194 198 209 216 220 258 259 486 489 571 641 1195 1196 1197 1198 1199 1223 1224 1251
0 36 75 96 98 157 158 165 166 169 172 173 174 486 489 572 644 1023 1257 1260
96 97 98 99 100 710 711 712 714 727 747 750 754 808 813 903 904 905 906 907 909 911 926 928 930 1271
97 98 100 102 709 711 712 761 762 791 806 808 813 1014 1195 1196 1197 1198 1199 1200 1203 1209 1221 1222 1226 1234
0 1 2 5 39 41 69 96 97 98 100 344 352 359 411 413 419 422 1022 1024 1040 1098 1104 1226 1229 1234 1270 1272
0 1 2 16 17 29 31 36 60 75 96 97 98 157 158 159 160 161 162 163 164 171 172 173 174 344 346 394 486 489 504 572 612 641 1023 1024 1025 1032 1100 1104 1129 1257 1260
1120 1147
0 1 2 6 7 9 10 11 17 24 33 36 75 96 97 98 99 100 101 102 106 1014 1015 1019 1021 1022 1023 1024 1025 1026 1071 1074 1096 1098 1103 1104 1257 1260 1262 1272 1274 1277 1279 1280 1281
0 1 2 10 16 33 36 52 75 96 97 98 99 100 101 106 1015 1019 1023 1024 1100 1104 1257 1260
1 44 97 98 99 1024 1098 1104
0 1 2 6 7 9 10 11 17 36 75 96 97 98 99 101 102 114 115 116 117 118 119 121 122 123 124 125 126 127 128 129 130 486 487 488 490 494 497 572 588 600 623 903 904 905 906 907 908 909 910 911 912 916 918 921 923 925 1014 1015 1021 1023 1024 1026 1027 1071 1074 1080 1082 1084 1098 1103 1104 1226 1227 1257 1260 1261 1262 1263 1267 1271 1274 1275 1277 1279 1280 1281
96 98 102 464 465 486 489 494 500 543 544 574 641 1014 1195 1196 1197 1198 1199 1200 1202 1207 1208 1219 1220
0 1 2 5 6 7 10 11 17 28 29 30 31 36 41 48 59 75 96 97 98 99 100 101 102 486 489 572 631 641 678 679 680 681 682 683 684 839 840 863 864 865 866 875 1014 1015 1021 1022 1023 1024 1025 1026 1071 1074 1079 1098 1100 1103 1104 1212 1213 1214 1215 1216 1217 1218 1226 1257 1260 1262 1263 1267 1270 1271 1272 1274 1277 1279 1280 1281 1357 1358 1359 1360 1362 1363 1364
96 98 99 486 489 524 529 640
0 1 2 5 6 7 10 11 17 30 36 41 48 75 96 97 98 99 100 101 102 486 489 572 642 837 859 876 889 890 891 893 894 895 1014 1015 1021 1023 1024 1025 1026 1071 1074 1098 1103 1104 1187 1189 1190 1191 1193 1194 1195 1199 1200 1206 1212 1213 1214 1215 1216 1217 1218 1226 1256 1257 1260 1262 1263 1270 1271 1274 1277 1279 1280 1281
0 1 2 5 6 7 10 11 17 30 36 41 48 75 96 97 98 99 100 101 102 486 489 572 640 641 861 888 889 890 891 893 894 895 1014 1015 1021 1022 1023 1024 1025 1026 1071 1074 1098 1103 1104 1212 1213 1214 1215 1216 1217 1218 1226 1230 1256 1257 1260 1262 1263 1270 1272 1274 1277 1279 1280 1281 1357 1358 1360 1363 1364
97 98 332 334 487 488 623 639 648 649 1225
0 1 2 5 6 7 9 10 11 15 17 34 36 75 82 96 97 98 99 101 102 141 143 144 145 147 486 489 572 641 642 645 903 904 905 906 907 908 909 910 911 913 915 916 918 919 920 969 971 972 973 975 976 1014 1015 1021 1022 1023 1024 1025 1026 1034 1036 1053 1070 1071 1073 1074 1097 1098 1103 1104 1226 1257 1260 1261 1262 1263 1271 1272 1274 1277 1279 1280 1281
0 1 2 14 17 36 44 75 96 97 98 99 105 106 442 445 447 1011 1017 1018 1019 1020 1022 1023 1024 1094 1095 1096 1098 1104 1225 1227 1257 1260 1261 1262
97 98 460 471 478 479 487 488 543 544 600 623 837 1195 1196 1197 1198 1199 1200 1202 1210 1219 1220 1226 1228
0 1 2 16 17 29 31 36 60 75 96 97 98 175 176 177 178 179 180 181 344 346 394 486 489 572 612 641 1023 1024 1025 1032 1100 1104 1129 1225 1227 1257 1260
0 1 2 16 17 29 31 36 60 75 96 97 98 141 142 145 146 147 344 346 394 486 489 572 612 641 969 970 971 972 973 974 975 976 1023 1024 1025 1032 1100 1104 1129 1257 1260 1261 1262
96 98 99 100 102 486 489 491 494 499 530 543 574 642 1014 1148 1149 1150 1151 1152 1153
96 97 98 99 100 103 486 487 488 489 490 494 496 500 503 521 524 525 527 528 529 537 538 541 543 545 546 552 558 559 560 561 562 563 564 565 566 567 575 600 623 642 1011 1012 1013 1016 1017 1173 1174 1176
96 97 98 100 209 210 211 250 289 290 307 308 310 977 978 979 1005 1007 1021 1022 1269 1272
96 97 98 100 209 210 211 236 237 238 239 240 241 250 303 307 308 310 977 978 979 1005 1007 1269
0 1 2 5 11 17 25 96 97 98 99 102 114 115 116 117 118 119 121 122 123 125 126 127 128 129 130 486 487 488 489 514 529 572 574 600 623 631 1014 1023 1024 1025 1027 1053 1082 1083 1087 1226 1227 1230 1231 1271
0 1 2 5 6 7 9 10 11 17 33 36 75 96 97 98 99 100 101 102 106 114 115 116 117 118 119 121 122 123 124 125 126 127 128 129 130 141 145 147 344 345 350 354 394 395 396 397 419 431 486 489 511 640 1014 1015 1019 1021 1022 1023 1024 1026 1033 1053 1071 1074 1092 1093 1098 1103 1104 1131 1225 1226 1227 1230 1257 1260 1261 1262 1271 1272 1274 1275 1277 1279 1280 1281 1380 1381 1382 1386
96 97 98 100 710 711 712 713 740 741 742 743 744 745 754 808 813 829
0 22 95 96 97 98 101 106 209 222 250 300 487 488 572 597 600 623 710 713 717 752 788 790 805 828 1015 1019 1023
0 1 2 3 4 5 6 7 9 11 17 33 96 97 98 99 100 102 1014 1021 1022 1023 1024 1026 1063 1064 1065 1071 1074 1098 1103 1104 1262 1272 1274 1277 1279 1280 1281
0 1 2 16 17 29 31 36 60 75 96 97 98 344 346 394 486 489 572 612 641 889 890 891 892 893 894 895 1023 1024 1025 1032 1100 1104 1129 1256 1257 1260 1263
0 1 2 5 6 7 11 17 30 36 41 48 75 96 97 98 99 100 102 885 1014 1021 1022 1023 1024 1025 1026 1071 1074 1098 1103 1104 1212 1213 1214 1215 1216 1217 1218 1226 1234 1256 1257 1260 1262 1263 1270 1272 1274 1277 1279 1280 1281 1357 1358 1359 1360 1362 1363 1364
96 98 688 694 699 710 713 761 762 829 1195 1196 1197 1198 1199 1200 1203 1208 1221 1222 1226 1228
0 1 2 6 7 10 11 17 30 36 41 48 75 96 97 98 99 100 101 102 141 143 144 151 153 710 711 712 733 789 807 813 884 1014 1015 1021 1023 1024 1025 1026 1071 1074 1098 1103 1104 1212 1213 1214 1215 1216 1217 1218 1250 1256 1257 1260 1262 1263 1270 1274 1277 1279 1280 1281 1357 1358 1359 1360 1362 1363 1364
0 1 2 5 10 17 33 96 97 98 101 106 344 345 352 353 354 376 1015 1019 1023 1024 1032 1041 1042 1043 1053 1098 1100 1104
0 1 2 15 36 56 75 96 97 98 1023 1024 1025 1028 1100 1104 1257 1260
96 98 102 486 489 503 529 574 611 641 642 1014
0 12 30 41 48 96 98 99 100 103 344 346 486 489 572 642 857 1011 1012 1016 1017 1023 1025 1032 1212 1213 1214 1215 1216 1217 1218 1225 1256 1263 1270 1357 1358 1359 1360 1362 1363 1364
0 1 2 4 10 17 33 96 97 98 100 101 106 141 143 144 145 147 344 349 351 357 358 400 419 422 1015 1019 1022 1023 1024 1096 1097 1104 1109 1272
0 1 2 9 15 96 97 98 99 1023 1024 1025 1098 1104
0 1 2 6 7 9 10 11 17 36 75 96 97 98 99 101 102 114 115 116 117 118 119 121 122 123 125 126 127 128 129 130 141 142 143 144 145 146 147 1014 1015 1021 1023 1024 1026 1027 1071 1074 1082 1084 1098 1103 1104 1131 1226 1227 1257 1260 1261 1263 1267 1271 1274 1275 1277 1279 1280 1281
97 98 100 184 185 187 193 200 210 211 258 259 301 303 310 1195 1196 1197 1198 1199 1223 1224
96 98 461 468 472 486 489 494 500 543 544 641 1195 1196 1197 1198 1199 1219 1220 1249
96 97 98 99 100 102 710 711 712 713 714 717 722 726 738 754 776 782 791 795 797 798 808 813 828 829 903 904 905 906 907 908 909 910 911 926 928 929 930 1014 1021 1022 1263 1271 1272
0 1 2 16 17 29 31 36 60 75 96 97 98 99 100 344 346 394 486 489 572 612 641 710 711 712 719 749 754 776 779 813 821 822 823 824 1023 1024 1025 1032 1100 1104 1129 1257 1260
