3187 3189 3192 3196 3197 3199 3202 3203 3204 3205 3206 3207 3208 3210 3212 3213 3215 3216 3217 3218 3219 3220 3222 3225 3227 3229 3230 3231 3232 3233 3234 3239 3240 3242 3244 3246
1486 1487 1488 1489 1491 1494 1500 1501 1503
148 151 154 155 156 158 168 169 376 377
148 151 152 154 155 156 158 210 213 215 216 218 376 377
168 169 248 250 376 377
3187 3189 3192 3196 3197 3199 3202 3203 3204 3205 3206 3207 3210 3212 3213 3215 3216 3217 3218 3219 3220 3225 3227 3229 3230 3231 3232 3233 3234 3239 3240 3242 3244 3246 3387 3388 3391 3393 3394 3395 3396 3397 3398 3399 3424 3426 3427 3428 3429 3438 3440 3441 3443 3446 3447
3187 3189 3192 3196 3197 3199 3202 3203 3204 3205 3206 3207 3210 3212 3213 3215 3216 3217 3218 3219 3220 3225 3227 3229 3230 3231 3232 3233 3234 3239 3240 3242 3244 3246 3375 3377 3378 3379 3380 3381 3382 3383 3384 3424 3426 3427 3428 3429
3187 3189 3190 3192 3196 3197 3199 3202 3203 3204 3205 3206 3207 3208 3210 3212 3213 3215 3216 3217 3218 3219 3220 3222 3225 3227 3229 3230 3231 3232 3233 3234 3239 3240 3242 3244 3246
69 72 73 79 80 82 83 84 89 90 91 94 95 98 99 100 101 102 103 105 109 110 111 112 113 114 115 116 117 118 119 127 129 130 131 132 134 135 140 232 235 445 448 449 456 457 458 460 461 462 463 464 465 466 467 468 469 470 471 472 492 494 495
168 169 340 342 343 344 354 355 358 361 363 366 367 368 369 370 371 372 373
168 169 376 377 413 416 431 433 434 435 445 448 449 450 456 457 458 460 461 462 463 464 465 466 467 468 469 470 471 472 492 494 495
69 72 73 79 80 89 90 91 94 98 99 100 101 102 103 109 110 111 112 113 114 115 116 117 127 129 130 131 134 135 140 168 169 354 355 358 361 363 364 366 367 368 369 370 371 372 373
69 72 73 79 80 82 83 84 89 90 91 94 95 98 99 100 101 102 103 105 109 110 111 112 113 114 115 116 117 118 119 127 129 130 131 132 134 135 140 445 448 449 456 457 458 460 461 462 463 464 465 466 467 468 469 470 471 472 492 494 495
168 169 376 377
1449 1452 1459 1462 1463 1464 1468 1469 1470 1472 1483 1486 1487 1488 1489 1491 1494 1500 1501 1503 1961
1494 1500 1501 1503
599 601 602 610 1541 1961 2832 2834 2836 2839 2840 2841 2842 2851 2852 2872 2876 2879 2882 2883 2884 2885 2886 2888 2889 2891 3255 3257 3258 3259 3260 3281 3284 3285 3286 3288 3289 3290 3291 3339 3341 3345 3346 3347 3358 3359 3375 3377 3378 3379 3380 3381 3382 3383 3384 3410 3412 3414 3415 3424 3426 3427 3428 3429 3432 3434 3438 3440 3443 3446
148 151 152 154 155 156 158 192 195 376 377
583 584 599 601 602 603 604 605 610 1541 1961 2777 2778 2832 2834 2836 2839 2851 2852 2872 2876 2879 2882 2883 2884 2885 2886 2888 2889 2891 3255 3257 3258 3259 3260 3281 3284 3285 3286 3288 3289 3290 3291 3339 3341 3345 3346 3347 3362 3363 3375 3377 3378 3379 3380 3381 3382 3383 3384 3410 3412 3414 3415 3424 3426 3427 3428 3429 3432 3434 3438 3440 3443 3446
148 151 152 154 155 156 158 376 377
1449 1452 1459 1462 1463 1464 1465 1468 1469 1470 1472 1476 1478 1479 1483 1486 1487 1488 1489 1491 1494 1500 1501 1503 1954 1955 1961 3187 3189 3192 3196 3197 3199 3202 3203 3204 3205 3206 3207 3210 3212 3213 3215 3216 3217 3218 3225 3227 3229 3230 3231 3232 3239 3240 3242 3244 3246
3255 3257 3258 3259 3260 3410 3412 3414 3415 3432 3434 3438 3440 3443 3446
148 151 154 155 156 158 266 268 269 270 271 272 273 274 275 445 448 449 456 457 458 460 461 462 463 464 465 466 467 468 469 470 471 472 492 494 495
1714 1716 1717 1718 1719 1721 1728 1738 1741 1746 1754 1768 1770 1774 1784 1788 1789 1818 1821 1827 1838 1839 1842 1844 1845 1857 1859 1861 1862 1866 1867 1869 1870 1871 1872 1874 1875 1876 1877
3255 3257 3258 3259 3260 3410 3412 3414 3415 3432 3434 3438 3440 3443 3446
148 151 154 155 156 158 295 297 309 311 312 313 323 324 361 363 366 367 368 369 370 371 372 373 484 486 489 624 626 635 637 669 672 673 675 684 686 693 1541 1757 1758 1768 1770 1774 1784 1788 1789 1818 1821 1827 1838 1839 1842 1844 1845 1961 3084 3086 3087 3088 3091 3092 3094 3095 3096 3097 3098 3099 3123 3126 3128 3129 3131 3133 3134 3135 3136 3138 3140 3317 3319 3320 3321 3339 3341 3345 3346 3347 3354 3355 3375 3377 3378 3379 3380 3381 3382 3383 3384 3410 3412 3414 3415 3424 3426 3427 3428 3429 3432 3434
3375 3377 3378 3379 3380 3381 3382 3383 3384 3424 3426 3427 3428 3429
1714 1716 1717 1718 1719 1721 1728 1738 1741 1746 1754 1768 1770 1774 1784 1818 1821 1827 1838 1839 1842 1844 1845 1857 1859 1861 1862 1866 1867 1869 1870 1871 1872 1874 1875 1876 1877
69 72 73 79 80 89 90 91 94 98 99 100 102 103 109 110 111 112 113 114 115 116 118 119 127 129 130 131 134 135 140 340 342 343 344 354 355 358 361 363 366 367 368 369 370 371 372 373 635 637 669 672 673 675 684 686 687 688 693 1541 1714 1716 1717 1718 1719 1721 1728 1738 1741 1746 1754 1757 1758 1768 1770 1774 1784 1788 1789 1818 1821 1827 1838 1839 1842 1844 1845 1961 3084 3086 3087 3091 3092 3094 3095 3096 3097 3098 3099 3123 3126 3128 3129 3131 3133 3134 3135 3136 3138 3140 3317 3319 3320 3321 3339 3341 3345 3346 3347 3354 3355 3375 3377 3378 3379 3380 3381 3382 3383 3384 3410 3412 3414 3415 3424 3426 3427 3428 3429 3432 3434
168 169 340 342 343 344 352 354 355 358 361 363 366 367 368 369 370 371 372 373
547 548 556 557 1541 1961 2943 2945 2946 2947 2951 2969 2975 2977 2978 2979 2980 2981 2986 2995 2997 2998 2999 3000 3003 3005 3026 3027 3294 3297 3298 3300 3301 3302 3339 3341 3345 3346 3347 3360 3361 3375 3377 3378 3379 3380 3381 3382 3383 3384 3424 3426 3427 3428 3429
3255 3257 3258 3259 3260 3410 3412 3414 3415 3432 3434 3438 3440 3443 3446
148 151 154 155 156 158 413 416 417 418 419
3187 3189 3192 3196 3197 3199 3202 3203 3204 3205 3206 3207 3210 3212 3213 3215 3216 3225 3227 3229 3230 3239 3240 3242 3244 3246 3255 3257 3258 3259 3260 3272 3274 3275 3410 3412 3414 3415 3432 3434 3438 3440 3443 3446
148 151 154 155 156 158 295 297 309 311 312 313 323 324 392 393 413 416 417 418 419 445 448 449 456 457 458 460 461 462 463 464 465 466 467 468 469 470 471 472 484 486 487 489 492 494 495
547 548 556 557 1541 1961 2943 2945 2946 2947 2951 2969 2975 2977 2978 2979 2980 2981 2986 2995 2997 2998 2999 3000 3003 3005 3026 3027 3294 3297 3298 3300 3301 3302
148 151 154 155 156 158 168 169 309 311 312 313 323 324 340 342 343 344 354 355 358 361 363 366 367 368 369 370 371 372 373
3255 3257 3258 3259 3260 3375 3377 3378 3379 3380 3381 3382 3383 3384 3410 3412 3414 3415 3424 3426 3427 3428 3429 3432 3434 3438 3440 3443 3446 3447
3187 3189 3192 3196 3197 3199 3202 3203 3204 3205 3206 3207 3210 3212 3213 3215 3216 3217 3218 3219 3220 3225 3227 3229 3230 3231 3232 3233 3234 3239 3240 3242 3244 3246 3375 3377 3378 3379 3380 3381 3382 3383 3384 3424 3426 3427 3428 3429
148 151 154 155 156 158 168 169 445 448 449 450 456 457 458 460 461 462 463 464 465 466 467 468 469 470 471 472 492 494 495
69 72 73 79 80 89 90 91 94 98 99 100 101 109 110 111 112 113 114 115 116 117 127 129 130 131 134 135 140 168 169 175 177 413 416 417 418 419
69 72 73 79 80 89 90 91 94 98 99 100 101 102 103 109 110 111 112 113 114 115 116 117 127 129 130 131 134 135 140 168 169 354 355 356 358 361 363 366 367 368 369 370 371 372 373
3187 3189 3192 3196 3197 3199 3202 3203 3204 3205 3206 3207 3210 3212 3213 3215 3216 3217 3218 3219 3220 3225 3227 3229 3230 3231 3232 3233 3234 3239 3240 3242 3244 3246 3387 3388 3391 3393 3394 3395 3396 3397 3398 3399 3424 3426 3427 3428 3429 3438 3440 3443 3444 3446 3447
3187 3189 3192 3196 3197 3199 3202 3203 3204 3205 3206 3207 3210 3212 3213 3215 3216 3217 3218 3225 3227 3229 3230 3231 3232 3239 3240 3242 3244 3246 3255 3257 3258 3259 3260 3339 3341 3345 3346 3347 3348 3350 3351 3354 3355 3356 3357 3358 3359 3360 3361 3375 3377 3378 3379 3380 3381 3382 3383 3384 3410 3412 3414 3415 3424 3426 3427 3428 3429 3432 3434 3438 3440 3443 3446
3375 3377 3378 3379 3380 3381 3382 3383 3384 3424 3426 3427 3428 3429
