22606.108717
32392.252712
37798.7515888
41072.2082789
43149.7641459
44582.6927049
45635.4961479
46379.689841
46950.615653
47434.450002
47794.4936168
48078.705045
48309.362119
48487.645844
48648.930465
48781.034714
48892.763006
48990.481987
49059.3433828
49109.6971569
49155.4800949
49194.7794778
49224.1893048
49246.9714808
49264.0910809
49277.8622179
49293.3402579
49303.9250388
49311.6323509
49318.405241
49324.9033489
49330.0863569
49333.669831
49337.0947368
49340.8868289
49343.241781
49346.00843
49349.1518419
49352.2206318
49355.623656
49358.1288378
49360.5858929
49363.0011258
49365.7545099
49368.4367008
49371.054064
49373.232378
49375.367656
49377.4809699
49379.5384228
49381.5581548
49383.140934
49384.720463
49386.2954409
49387.8503819
49389.3883128
49390.9068429
49392.392334
49393.8761489
49395.2922559
49396.723706
49398.148674
49399.5540469
49399.869307
